1 0.847000 0.115000 0.222000 0.162000
1 0.133000 0.236000 0.254000 0.244000
1 0.884000 0.486000 0.176000 0.164000
1 0.680000 0.331000 0.176000 0.162000
1 0.312000 0.744000 0.220000 0.212000
1 0.774000 0.811000 0.172000 0.106000
1 0.086000 0.552000 0.172000 0.192000
1 0.430000 0.209000 0.140000 0.234000
1 0.530000 0.941000 0.168000 0.114000
10 0.231000 0.023000 0.030000 0.030000
10 0.580000 0.105000 0.032000 0.046000
1 0.968000 0.897000 0.060000 0.178000
10 0.578000 0.213000 0.028000 0.054000
1 0.526460 0.578310 0.176920 0.124620
