1 0.532000 0.102000 0.220000 0.156000
1 0.838000 0.403000 0.148000 0.194000
1 0.247000 0.258000 0.154000 0.148000
1 0.702000 0.143000 0.148000 0.130000
1 0.194000 0.763000 0.172000 0.258000
1 0.537000 0.317000 0.230000 0.142000
1 0.887000 0.123000 0.222000 0.242000
1 0.223000 0.484000 0.162000 0.132000
1 0.489000 0.645000 0.278000 0.170000
1 0.396000 0.957000 0.132000 0.082000
1 0.804000 0.566000 0.168000 0.172000
1 0.684000 0.948000 0.156000 0.100000
1 0.491000 0.865000 0.062000 0.082000
10 0.789000 0.299000 0.042000 0.026000
1 0.032000 0.108000 0.064000 0.216000
1 0.318000 0.070000 0.268000 0.140000
10 0.427000 0.235000 0.038000 0.022000
1 0.701090 0.342530 0.134180 0.137060
1 0.725520 0.833420 0.175040 0.166840
1 0.134280 0.935030 0.136560 0.102060
1 0.776560 0.700350 0.137120 0.160700
10 0.470170 0.243410 0.036340 0.022820
10 0.517760 0.249270 0.043520 0.022540
10 0.695670 0.283260 0.039340 0.022520
1 0.433560 0.884500 0.131120 0.121000
1 0.553890 0.944330 0.083780 0.108660
