10 0.113000 0.986000 0.030000 0.024000
10 0.721000 0.090000 0.026000 0.052000
10 0.199000 0.988000 0.030000 0.020000
1 0.813000 0.523620 0.130000 0.107240
1 0.252000 0.950000 0.084000 0.096000
1 0.032000 0.338000 0.064000 0.156000
1 0.632000 0.752000 0.120000 0.156000
1 0.422000 0.828000 0.060000 0.104000
1 0.267190 0.431350 0.142380 0.126700
1 0.811380 0.632150 0.130760 0.112300
10 0.821110 0.976810 0.062220 0.041620
1 0.490320 0.655240 0.072640 0.086480
1 0.233420 0.702690 0.094840 0.085380
1 0.245900 0.585510 0.099800 0.103020
1 0.891950 0.306880 0.087900 0.121760
1 0.249090 0.259560 0.094180 0.099120
1 0.078490 0.110720 0.060980 0.101440
1 0.535260 0.268720 0.074520 0.101440
1 0.735440 0.770840 0.090880 0.093680
1 0.630960 0.304170 0.057920 0.092340
1 0.582110 0.955700 0.060220 0.087400
1 0.236700 0.063350 0.077400 0.082700
1 0.600990 0.412250 0.073980 0.088500
1 0.059280 0.778300 0.062560 0.224600
1 0.061710 0.570620 0.055420 0.081240
1 0.241830 0.153400 0.079660 0.086800
1 0.432790 0.382930 0.057580 0.073860
1 0.965230 0.314240 0.066460 0.116480
1 0.552120 0.067880 0.124240 0.103760
1 0.343510 0.919760 0.103020 0.155520
1 0.726190 0.330410 0.080380 0.144820
1 0.808100 0.337550 0.080200 0.151100
1 0.022600 0.509510 0.045200 0.075020
10 0.724680 0.137540 0.021360 0.047080
1 0.551520 0.165900 0.127040 0.099800
10 0.126350 0.128600 0.024700 0.045200
1 0.969500 0.101600 0.059000 0.195200
10 0.124470 0.312480 0.024940 0.048960
10 0.121090 0.492790 0.022180 0.041580
6 0.215720 0.513400 0.055440 0.026800
10 0.117090 0.648790 0.022180 0.053580
10 0.114470 0.802790 0.024940 0.041580
10 0.146010 0.799710 0.024020 0.043420
10 0.117550 0.597410 0.023100 0.050820
10 0.118320 0.704790 0.028640 0.041580
