1 0.920000 0.280000 0.148000 0.156000
1 0.955000 0.731000 0.086000 0.214000
1 0.052000 0.911000 0.104000 0.102000
1 0.098000 0.097000 0.088000 0.162000
1 0.268000 0.722000 0.136000 0.296000
1 0.329000 0.129000 0.146000 0.142000
2 0.147000 0.927000 0.066000 0.050000
10 0.132000 0.580000 0.020000 0.044000
10 0.486000 0.109000 0.020000 0.038000
10 0.534000 0.109000 0.024000 0.038000
1 0.037000 0.260000 0.074000 0.204000
1 0.319000 0.401000 0.210000 0.114000
1 0.249000 0.918000 0.106000 0.104000
1 0.961000 0.489000 0.074000 0.270000
1 0.048000 0.561000 0.096000 0.414000
2 0.102000 0.976000 0.040000 0.044000
1 0.336000 0.255000 0.112000 0.110000
