1 0.820000 0.597000 0.356000 0.358000
6 0.853000 0.241000 0.070000 0.062000
5 0.303630 0.955000 0.191260 0.090000
1 0.462000 0.382130 0.540000 0.356260
10 0.610000 0.328000 0.048000 0.036000
10 0.835000 0.325000 0.042000 0.042000
10 0.807000 0.175000 0.034000 0.038000
10 0.434000 0.243000 0.044000 0.030000
10 0.478000 0.266000 0.044000 0.040000
10 0.878000 0.098000 0.036000 0.040000
1 0.493000 0.104000 0.418000 0.208000
1 0.057000 0.756000 0.114000 0.180000
6 0.881000 0.505750 0.062000 0.059500
6 0.339000 0.142000 0.058000 0.040000
10 0.659000 0.160000 0.042000 0.048000
1 0.950000 0.208000 0.096000 0.244000
1 0.119630 0.265620 0.239260 0.267240
10 0.350000 0.212000 0.044000 0.036000
1 0.116000 0.034000 0.228000 0.068000
10 0.870500 0.318500 0.045000 0.045000
10 0.895000 0.291000 0.042000 0.042000
2 0.982000 0.548000 0.032000 0.096000
10 0.849000 0.130000 0.034000 0.044000
10 0.523000 0.287000 0.046000 0.030000
10 0.885000 0.024000 0.042000 0.044000
10 0.568000 0.308000 0.036000 0.032000
10 0.831000 0.076000 0.042000 0.040000
10 0.046000 0.133000 0.044000 0.030000
10 0.137630 0.158250 0.051260 0.032500
10 0.191380 0.174500 0.038760 0.025000
10 0.239880 0.189500 0.043760 0.035000
