1 0.187000 0.948000 0.102000 0.100000
10 0.096000 0.921000 0.036000 0.046000
1 0.705000 0.865000 0.274000 0.242000
10 0.330000 0.440000 0.028000 0.044000
10 0.240000 0.629000 0.032000 0.046000
10 0.264000 0.572000 0.036000 0.056000
10 0.376000 0.624000 0.032000 0.048000
10 0.424000 0.514000 0.036000 0.044000
10 0.314000 0.645000 0.032000 0.042000
10 0.170000 0.582000 0.028000 0.036000
10 0.390000 0.504000 0.028000 0.036000
10 0.534000 0.638000 0.052000 0.036000
1 0.950000 0.232000 0.096000 0.140000
10 0.014000 0.922000 0.028000 0.052000
10 0.967000 0.934000 0.038000 0.028000
10 0.939000 0.989000 0.038000 0.018000
10 0.032000 0.874000 0.036000 0.056000
10 0.060000 0.991000 0.028000 0.014000
1 0.607000 0.232000 0.318000 0.464000
1 0.144000 0.422000 0.288000 0.664000
1 0.964000 0.404000 0.068000 0.208000
1 0.976000 0.857000 0.044000 0.134000
1 0.518000 0.536670 0.156000 0.125340
