1 0.927000 0.786000 0.142000 0.224000
1 0.629000 0.844000 0.122000 0.124000
2 0.605000 0.699000 0.094000 0.074000
10 0.582000 0.494000 0.048000 0.036000
1 0.420000 0.634000 0.132000 0.120000
10 0.793000 0.250000 0.042000 0.044000
1 0.364000 0.238000 0.492000 0.476000
10 0.295000 0.925000 0.038000 0.038000
10 0.366000 0.863000 0.044000 0.042000
10 0.538000 0.405000 0.040000 0.050000
10 0.914430 0.475130 0.048860 0.042260
10 0.918000 0.441000 0.040000 0.038000
10 0.793000 0.046000 0.042000 0.036000
10 0.443000 0.275000 0.030000 0.046000
10 0.499000 0.610000 0.046000 0.036000
10 0.383000 0.474000 0.042000 0.036000
10 0.772000 0.740000 0.028000 0.036000
10 0.441000 0.407000 0.046000 0.042000
10 0.446000 0.479000 0.036000 0.030000
10 0.809000 0.108000 0.038000 0.044000
10 0.756000 0.615000 0.024000 0.038000
10 0.923000 0.383000 0.042000 0.030000
10 0.735000 0.100000 0.046000 0.036000
10 0.453000 0.560000 0.046000 0.028000
10 0.948000 0.312000 0.048000 0.040000
10 0.575000 0.354000 0.042000 0.048000
10 0.380000 0.337000 0.024000 0.042000
10 0.494000 0.440000 0.036000 0.044000
10 0.327000 0.387000 0.030000 0.050000
10 0.703000 0.223000 0.038000 0.054000
10 0.580000 0.128000 0.032000 0.048000
10 0.223000 0.982000 0.042000 0.032000
10 0.682000 0.151000 0.052000 0.042000
10 0.146000 0.973000 0.036000 0.042000
1 0.458000 0.938000 0.092000 0.092000
10 0.686000 0.024000 0.032000 0.048000
10 0.802000 0.645000 0.024000 0.042000
10 0.471000 0.364000 0.050000 0.040000
10 0.427000 0.532000 0.046000 0.028000
10 0.826000 0.012000 0.052000 0.024000
1 0.291000 0.762000 0.106000 0.092000
10 0.593870 0.341770 0.031740 0.043540
10 0.623080 0.318390 0.034160 0.044780
10 0.642000 0.294000 0.036000 0.044000
10 0.636000 0.073000 0.032000 0.046000
10 0.533000 0.654000 0.042000 0.032000
10 0.567000 0.282170 0.042000 0.036340
10 0.777000 0.146000 0.038000 0.048000
10 0.633000 0.207000 0.054000 0.042000
10 0.705000 0.815000 0.042000 0.042000
10 0.338000 0.513000 0.044000 0.026000
10 0.666000 0.261000 0.036000 0.042000
1 0.054000 0.975000 0.108000 0.046000
10 0.402000 0.305000 0.032000 0.046000
10 0.899000 0.019000 0.034000 0.034000
10 0.401000 0.442000 0.034000 0.036000
1 0.971000 0.486000 0.054000 0.460000
10 0.874000 0.091000 0.036000 0.042000
1 0.355650 0.689860 0.095300 0.111720
1 0.097680 0.885120 0.143360 0.122240
1 0.551130 0.887440 0.126260 0.118880
10 0.903680 0.509270 0.051360 0.038540
10 0.688220 0.242900 0.036440 0.045800
10 0.652390 0.194210 0.052780 0.032420
10 0.549390 0.301720 0.050780 0.035440
10 0.655930 0.424180 0.043860 0.032360
10 0.477480 0.585160 0.046960 0.034320
1 0.191260 0.806070 0.146520 0.148140
1 0.402000 0.981000 0.092000 0.038000
10 0.694610 0.796470 0.041220 0.040940
10 0.676020 0.769910 0.044040 0.039820
10 0.844970 0.674190 0.017940 0.044380
10 0.868450 0.675910 0.024900 0.043820
10 0.821930 0.658520 0.027860 0.049040
