1 0.283000 0.571000 0.150000 0.154000
1 0.682000 0.103000 0.136000 0.142000
1 0.506000 0.700000 0.172000 0.172000
1 0.906000 0.296000 0.120000 0.128000
1 0.274000 0.902000 0.132000 0.176000
1 0.555000 0.116000 0.138000 0.160000
1 0.659000 0.337000 0.162000 0.182000
1 0.140000 0.432000 0.140000 0.144000
1 0.343000 0.691000 0.142000 0.126000
1 0.405000 0.941000 0.122000 0.114000
1 0.948000 0.582000 0.100000 0.140000
1 0.130000 0.964000 0.132000 0.068000
1 0.680000 0.857000 0.112000 0.134000
1 0.837000 0.913000 0.202000 0.162000
1 0.768000 0.728000 0.140000 0.172000
10 0.895000 0.098000 0.050000 0.040000
10 0.128000 0.687000 0.048000 0.042000
10 0.583000 0.953000 0.046000 0.038000
10 0.414000 0.855000 0.044000 0.038000
10 0.978000 0.151000 0.040000 0.042000
10 0.901000 0.035000 0.046000 0.038000
10 0.342000 0.812000 0.044000 0.032000
1 0.037000 0.722000 0.074000 0.120000
10 0.180000 0.717000 0.044000 0.038000
10 0.280000 0.777000 0.048000 0.038000
10 0.847000 0.010000 0.038000 0.020000
1 0.035000 0.437000 0.070000 0.126000
1 0.048000 0.048000 0.096000 0.096000
1 0.380000 0.025000 0.160000 0.050000
1 0.145000 0.566000 0.098000 0.116000
1 0.147000 0.129000 0.254000 0.146000
1 0.985000 0.936000 0.026000 0.124000
10 0.414000 0.733000 0.020000 0.042000
1 0.813860 0.275290 0.135720 0.138580
