1 0.595000 0.167000 0.134000 0.142000
1 0.911000 0.280000 0.118000 0.100000
1 0.280000 0.920000 0.128000 0.140000
6 0.062000 0.608000 0.048000 0.060000
1 0.163000 0.746000 0.134000 0.152000
1 0.952000 0.375000 0.092000 0.122000
1 0.948000 0.736000 0.100000 0.148000
1 0.485000 0.603000 0.110000 0.118000
1 0.811000 0.101000 0.098000 0.098000
1 0.289000 0.310000 0.146000 0.148000
10 0.124000 0.529000 0.032000 0.042000
1 0.835000 0.198000 0.126000 0.116000
10 0.911000 0.083000 0.038000 0.050000
10 0.886000 0.036000 0.040000 0.048000
10 0.934000 0.129000 0.036000 0.042000
10 0.147000 0.433000 0.022000 0.038000
10 0.466000 0.049000 0.028000 0.042000
10 0.160000 0.267000 0.024000 0.046000
1 0.425000 0.324000 0.114000 0.132000
1 0.980000 0.519000 0.036000 0.110000
1 0.716000 0.026000 0.120000 0.052000
10 0.009000 0.102000 0.018000 0.040000
10 0.200000 0.654000 0.028000 0.040000
10 0.171000 0.120000 0.018000 0.040000
1 0.760000 0.469000 0.144000 0.126000
1 0.957000 0.014000 0.082000 0.028000
1 0.587000 0.899000 0.146000 0.198000
1 0.248000 0.171000 0.108000 0.114000
1 0.045000 0.421000 0.090000 0.158000
