1 0.614500 0.757380 0.345000 0.358760
6 0.471000 0.686000 0.046000 0.052000
1 0.236250 0.492250 0.472500 0.592500
6 0.430000 0.742000 0.052000 0.060000
6 0.553000 0.582000 0.050000 0.056000
6 0.516000 0.629000 0.048000 0.054000
1 0.448120 0.188000 0.428240 0.376000
10 0.327000 0.831000 0.046000 0.042000
6 0.932000 0.163000 0.060000 0.046000
10 0.984000 0.201000 0.028000 0.042000
10 0.251250 0.930630 0.042500 0.041260
10 0.283250 0.892750 0.042500 0.037500
10 0.296000 0.872000 0.048000 0.040000
10 0.615000 0.510000 0.046000 0.032000
10 0.312000 0.992000 0.040000 0.012000
1 0.071000 0.825000 0.142000 0.346000
10 0.269000 0.909000 0.046000 0.042000
1 0.802130 0.556250 0.392260 0.736500
