1 0.063000 0.423000 0.126000 0.126000
6 0.937000 0.367000 0.034000 0.062000
1 0.444000 0.922000 0.256000 0.152000
10 0.756000 0.975000 0.040000 0.046000
1 0.744030 0.124620 0.368060 0.249240
1 0.927000 0.923000 0.142000 0.142000
10 0.703000 0.169000 0.046000 0.038000
1 0.302000 0.526000 0.088000 0.148000
1 0.176000 0.179000 0.092000 0.086000
1 0.251000 0.376000 0.098000 0.168000
1 0.048000 0.761000 0.096000 0.114000
2 0.872000 0.610000 0.088000 0.048000
1 0.189000 0.260000 0.126000 0.088000
10 0.989000 0.358000 0.018000 0.056000
1 0.460910 0.196970 0.425820 0.393940
1 0.111870 0.072730 0.191740 0.145460
1 0.676850 0.619330 0.269700 0.366660
1 0.552680 0.824170 0.165360 0.168340
1 0.096000 0.897000 0.188000 0.206000
1 0.346620 0.659110 0.097240 0.114220
