2 0.143000 0.627000 0.102000 0.098000
10 0.394000 0.518000 0.040000 0.044000
1 0.243000 0.373000 0.258000 0.270000
10 0.470000 0.437000 0.044000 0.050000
10 0.433000 0.477000 0.030000 0.034000
10 0.073000 0.509000 0.038000 0.038000
2 0.140000 0.742000 0.080000 0.080000
2 0.261000 0.610000 0.086000 0.084000
10 0.273000 0.564000 0.034000 0.036000
10 0.313000 0.598000 0.030000 0.032000
10 0.455000 0.393000 0.046000 0.042000
10 0.278000 0.674000 0.024000 0.056000
1 0.528000 0.656000 0.284000 0.296000
1 0.190000 0.913000 0.380000 0.170000
1 0.054000 0.125000 0.108000 0.226000
10 0.399000 0.835000 0.038000 0.042000
