1 0.146000 0.297000 0.292000 0.178000
1 0.556000 0.320000 0.228000 0.236000
1 0.825000 0.500000 0.346000 0.676000
10 0.756000 0.974000 0.060000 0.032000
1 0.836000 0.043000 0.324000 0.086000
2 0.170000 0.153000 0.060000 0.082000
1 0.513000 0.048000 0.362000 0.096000
10 0.093000 0.151000 0.050000 0.030000
10 0.100000 0.035000 0.028000 0.042000
10 0.125000 0.023000 0.022000 0.046000
10 0.680000 0.884000 0.064000 0.028000
10 0.487000 0.171000 0.050000 0.026000
6 0.493000 0.989000 0.066000 0.018000
1 0.246000 0.034000 0.164000 0.068000
10 0.904000 0.162000 0.044000 0.020000
1 0.567490 0.751900 0.166980 0.175800
1 0.407700 0.737700 0.163400 0.223400
1 0.168200 0.826480 0.336400 0.160960
1 0.373700 0.317220 0.163400 0.226440
1 0.382300 0.530160 0.140600 0.200320
1 0.499500 0.565740 0.095000 0.247480
