10 0.612000 0.727000 0.040000 0.046000
10 0.733000 0.951000 0.058000 0.042000
10 0.675000 0.767000 0.046000 0.054000
10 0.934000 0.601000 0.036000 0.046000
10 0.520000 0.514000 0.024000 0.044000
10 0.327000 0.297000 0.046000 0.034000
6 0.880000 0.964000 0.056000 0.040000
10 0.526000 0.559000 0.036000 0.054000
10 0.980000 0.569000 0.036000 0.038000
2 0.778000 0.881000 0.148000 0.050000
1 0.301190 0.187150 0.598380 0.374300
1 0.765000 0.585000 0.246000 0.226000
1 0.703000 0.023000 0.186000 0.046000
10 0.543000 0.605000 0.042000 0.046000
1 0.254000 0.564690 0.508000 0.433380
1 0.884000 0.770000 0.232000 0.212000
6 0.724460 0.219230 0.056920 0.058460
1 0.884200 0.448090 0.128400 0.156180
1 0.982710 0.356220 0.033420 0.064440
