5 0.617000 0.342000 0.126000 0.072000
2 0.745000 0.465000 0.130000 0.162000
2 0.200000 0.302000 0.100000 0.080000
1 0.386000 0.101000 0.180000 0.202000
6 0.842000 0.440000 0.064000 0.044000
10 0.396000 0.220000 0.044000 0.036000
2 0.050000 0.779000 0.100000 0.058000
1 0.368000 0.561000 0.588000 0.402000
2 0.254000 0.122000 0.072000 0.072000
10 0.805000 0.690000 0.046000 0.028000
1 0.679000 0.039000 0.166000 0.078000
10 0.045000 0.652000 0.026000 0.048000
2 0.020000 0.968000 0.040000 0.060000
1 0.880000 0.857000 0.236000 0.282000
1 0.171000 0.043000 0.202000 0.086000
10 0.048000 0.858000 0.040000 0.032000
5 0.930000 0.484000 0.092000 0.056000
1 0.931000 0.230000 0.134000 0.460000
10 0.012000 0.052000 0.024000 0.036000
1 0.024000 0.596000 0.048000 0.240000
1 0.461000 0.878000 0.678000 0.240000
1 0.677000 0.229000 0.190000 0.178000
