1 0.079000 0.634000 0.146000 0.148000
2 0.597000 0.511000 0.074000 0.086000
1 0.903000 0.860000 0.190000 0.224000
10 0.859000 0.355000 0.046000 0.038000
1 0.304000 0.890000 0.308000 0.216000
10 0.771000 0.403000 0.046000 0.038000
2 0.573000 0.693000 0.066000 0.074000
10 0.627000 0.714000 0.042000 0.040000
10 0.674000 0.034000 0.028000 0.036000
6 0.213000 0.679000 0.054000 0.046000
10 0.606000 0.072000 0.028000 0.040000
10 0.698000 0.777000 0.036000 0.038000
10 0.058000 0.770000 0.040000 0.032000
2 0.382000 0.548000 0.104000 0.080000
10 0.183000 0.349000 0.038000 0.042000
1 0.747000 0.293000 0.366000 0.262000
6 0.666000 0.828000 0.056000 0.064000
1 0.531000 0.032000 0.234000 0.064000
10 0.749000 0.118000 0.030000 0.044000
1 0.915000 0.549000 0.166000 0.206000
10 0.017000 0.791000 0.034000 0.038000
10 0.102000 0.744000 0.040000 0.028000
1 0.227000 0.079000 0.226000 0.158000
1 0.940000 0.024000 0.116000 0.048000
10 0.149000 0.720000 0.030000 0.032000
1 0.079000 0.449000 0.158000 0.230000
