1 0.039000 0.940000 0.078000 0.116000
10 0.719000 0.209000 0.042000 0.046000
10 0.580000 0.223000 0.040000 0.046000
10 0.227000 0.811000 0.038000 0.050000
10 0.796000 0.363000 0.036000 0.046000
10 0.640000 0.195000 0.040000 0.046000
10 0.620000 0.333000 0.028000 0.042000
10 0.788000 0.135000 0.032000 0.034000
10 0.147000 0.791000 0.034000 0.046000
10 0.787000 0.212000 0.046000 0.048000
1 0.430000 0.615000 0.608000 0.214000
10 0.182000 0.909000 0.048000 0.022000
10 0.063000 0.881000 0.022000 0.042000
1 0.830000 0.925000 0.336000 0.146000
10 0.753000 0.245000 0.038000 0.042000
1 0.365000 0.961000 0.314000 0.074000
10 0.862000 0.416000 0.032000 0.032000
