10 0.168490 0.425350 0.036980 0.042700
10 0.414910 0.774210 0.037820 0.040420
10 0.392760 0.738780 0.037520 0.041560
1 0.600710 0.361000 0.661420 0.722000
10 0.039000 0.290000 0.038000 0.048000
10 0.335000 0.765000 0.038000 0.050000
2 0.062000 0.190000 0.060000 0.068000
10 0.589000 0.960000 0.050000 0.040000
1 0.168000 0.917000 0.336000 0.162000
10 0.608000 0.991000 0.052000 0.014000
2 0.035000 0.329000 0.070000 0.054000
10 0.340000 0.661000 0.040000 0.046000
1 0.777000 0.957000 0.186000 0.082000
