1 0.346000 0.113000 0.172000 0.190000
1 0.134000 0.390000 0.268000 0.256000
6 0.700000 0.064000 0.052000 0.052000
1 0.931000 0.710000 0.134000 0.264000
1 0.867000 0.164000 0.266000 0.328000
6 0.969000 0.306000 0.058000 0.048000
10 0.531000 0.862000 0.046000 0.040000
1 0.804000 0.853000 0.168000 0.238000
10 0.851000 0.526000 0.038000 0.036000
1 0.968000 0.116000 0.060000 0.224000
10 0.708000 0.759000 0.056000 0.046000
1 0.476000 0.451000 0.304000 0.242000
1 0.203000 0.640000 0.314000 0.236000
1 0.017000 0.052000 0.034000 0.104000
1 0.148000 0.052000 0.240000 0.104000
10 0.313000 0.819000 0.054000 0.046000
1 0.539000 0.918000 0.450000 0.160000
1 0.674250 0.291750 0.268500 0.287500
1 0.482190 0.095620 0.220380 0.191240
