1 0.797700 0.202000 0.399400 0.404000
10 0.140000 0.920000 0.044000 0.048000
10 0.709000 0.658000 0.042000 0.032000
10 0.723000 0.921000 0.042000 0.038000
10 0.601000 0.913000 0.046000 0.042000
10 0.739000 0.569000 0.038000 0.038000
10 0.205000 0.945000 0.038000 0.042000
10 0.787000 0.464000 0.046000 0.036000
1 0.190640 0.275830 0.381280 0.447660
10 0.164000 0.468000 0.044000 0.048000
10 0.735000 0.709000 0.046000 0.042000
10 0.807000 0.765000 0.050000 0.050000
10 0.835000 0.701000 0.042000 0.042000
10 0.018000 0.302000 0.036000 0.044000
6 0.933000 0.239000 0.042000 0.058000
10 0.647000 0.837000 0.046000 0.046000
10 0.123000 0.421000 0.038000 0.046000
10 0.051000 0.337000 0.038000 0.042000
10 0.617000 0.870000 0.042000 0.036000
10 0.084000 0.379000 0.040000 0.050000
10 0.782000 0.830000 0.036000 0.032000
10 0.855000 0.658000 0.038000 0.032000
10 0.773000 0.623000 0.046000 0.046000
10 0.239000 0.904000 0.034000 0.032000
10 0.223000 0.624000 0.042000 0.048000
10 0.019000 0.398000 0.038000 0.048000
10 0.698000 0.960000 0.036000 0.040000
10 0.835000 0.499000 0.042000 0.046000
10 0.948000 0.367000 0.028000 0.042000
1 0.458000 0.846000 0.276000 0.304000
1 0.488000 0.399180 0.380000 0.394360
10 0.539000 0.552000 0.042000 0.032000
10 0.759000 0.531000 0.046000 0.038000
10 0.536000 0.606000 0.044000 0.028000
10 0.164000 0.984000 0.044000 0.028000
6 0.946000 0.518000 0.060000 0.052000
10 0.054000 0.440000 0.040000 0.044000
10 0.930000 0.327000 0.036000 0.042000
1 0.054000 0.758000 0.108000 0.480000
6 0.861000 0.363000 0.046000 0.070000
10 0.974000 0.175650 0.040000 0.051300
10 0.982000 0.237000 0.032000 0.042000
6 0.843150 0.456780 0.062300 0.069560
