1 0.124000 0.076000 0.184000 0.152000
1 0.573500 0.908000 0.147000 0.128000
10 0.651000 0.788000 0.038000 0.040000
1 0.189000 0.641000 0.134000 0.126000
1 0.291000 0.945000 0.134000 0.106000
10 0.610000 0.752000 0.036000 0.032000
10 0.537000 0.683000 0.046000 0.042000
1 0.286000 0.249000 0.168000 0.166000
6 0.739000 0.944000 0.046000 0.056000
10 0.119000 0.292000 0.046000 0.040000
10 0.480000 0.631000 0.048000 0.050000
10 0.332000 0.490000 0.032000 0.032000
10 0.294000 0.456000 0.040000 0.040000
1 0.335000 0.767000 0.138000 0.138000
1 0.945000 0.968000 0.106000 0.060000
1 0.914000 0.904000 0.152000 0.096000
1 0.122500 0.566000 0.121000 0.112000
10 0.197500 0.361500 0.059000 0.051000
1 0.054500 0.627000 0.077000 0.086000
1 0.049000 0.467500 0.098000 0.143000
1 0.290000 0.669000 0.072000 0.046000
1 0.115500 0.689000 0.095000 0.086000
