1 0.361000 0.340000 0.202000 0.364000
10 0.851000 0.390000 0.046000 0.032000
10 0.516000 0.134000 0.048000 0.032000
10 0.875000 0.502000 0.046000 0.024000
10 0.715000 0.227000 0.042000 0.034000
10 0.235000 0.143000 0.042000 0.030000
10 0.566000 0.098000 0.052000 0.032000
10 0.509000 0.664000 0.046000 0.032000
10 0.418000 0.178000 0.028000 0.032000
10 0.735000 0.616000 0.038000 0.032000
10 0.402000 0.686000 0.052000 0.032000
2 0.149000 0.632000 0.118000 0.060000
10 0.506000 0.087000 0.040000 0.026000
1 0.327000 0.832000 0.162000 0.168000
10 0.619000 0.455000 0.026000 0.042000
10 0.689000 0.630000 0.046000 0.032000
10 0.553000 0.652000 0.042000 0.028000
10 0.623000 0.640000 0.046000 0.032000
10 0.830000 0.596000 0.044000 0.028000
10 0.455000 0.674000 0.046000 0.028000
10 0.879000 0.587000 0.046000 0.026000
10 0.703000 0.180000 0.046000 0.032000
6 0.575000 0.146000 0.050000 0.036000
10 0.585000 0.174000 0.042000 0.024000
10 0.939000 0.350000 0.046000 0.028000
10 0.726000 0.277000 0.048000 0.030000
1 0.152000 0.018000 0.112000 0.036000
10 0.795000 0.985000 0.046000 0.026000
10 0.129000 0.723000 0.022000 0.050000
10 0.464000 0.424000 0.028000 0.024000
10 0.080670 0.164000 0.029340 0.060000
6 0.109000 0.168000 0.038000 0.068000
10 0.461000 0.398000 0.030000 0.028000
10 0.862000 0.457000 0.052000 0.038000
10 0.496000 0.573000 0.036000 0.026000
10 0.679000 0.050000 0.038000 0.028000
1 0.823000 0.119000 0.242000 0.238000
6 0.157000 0.684000 0.030000 0.056000
1 0.633000 0.897000 0.166000 0.202000
10 0.781000 0.906000 0.046000 0.036000
6 0.886000 0.359000 0.052000 0.030000
10 0.976000 0.574000 0.044000 0.028000
10 0.610000 0.289000 0.044000 0.026000
6 0.601000 0.266000 0.054000 0.032000
10 0.789000 0.938000 0.042000 0.028000
6 0.253000 0.447000 0.030000 0.058000
1 0.938000 0.436000 0.120000 0.164000
7 0.466000 0.916000 0.168000 0.156000
10 0.772000 0.800000 0.048000 0.028000
