1 0.585000 0.822980 0.486000 0.349960
1 0.146000 0.072000 0.292000 0.144000
1 0.853000 0.487000 0.290000 0.246000
10 0.779000 0.724000 0.042000 0.052000
10 0.740000 0.631000 0.036000 0.042000
10 0.091000 0.689000 0.034000 0.038000
10 0.198000 0.881000 0.036000 0.042000
10 0.065000 0.645000 0.034000 0.050000
1 0.938000 0.747000 0.120000 0.226000
10 0.261000 0.978000 0.042000 0.040000
10 0.227000 0.923000 0.038000 0.042000
10 0.038000 0.601000 0.036000 0.038000
1 0.544000 0.085000 0.288000 0.170000
2 0.654000 0.419000 0.068000 0.058000
10 0.146000 0.793000 0.036000 0.050000
1 0.335000 0.492000 0.634000 0.172000
1 0.057000 0.816000 0.114000 0.236000
1 0.908000 0.065000 0.180000 0.130000
1 0.086000 0.980000 0.156000 0.036000
1 0.555720 0.581890 0.231440 0.147780
