1 0.273000 0.635000 0.118000 0.134000
1 0.158000 0.598000 0.116000 0.116000
1 0.781000 0.925000 0.214000 0.146000
1 0.399000 0.365000 0.106000 0.110000
1 0.149000 0.065000 0.298000 0.130000
1 0.654000 0.415000 0.108000 0.114000
1 0.614000 0.136000 0.512000 0.204000
1 0.624000 0.694000 0.112000 0.112000
1 0.764000 0.443000 0.120000 0.130000
1 0.286000 0.371000 0.112000 0.122000
1 0.858000 0.725000 0.124000 0.130000
1 0.492000 0.686000 0.124000 0.108000
1 0.964000 0.211000 0.068000 0.154000
1 0.039000 0.584000 0.078000 0.152000
10 0.621000 0.529000 0.050000 0.034000
10 0.451000 0.542000 0.046000 0.032000
10 0.201000 0.502000 0.046000 0.032000
10 0.932000 0.580000 0.052000 0.032000
10 0.881000 0.574000 0.042000 0.028000
1 0.920000 0.463000 0.112000 0.102000
10 0.062000 0.149000 0.032000 0.046000
10 0.347000 0.112000 0.030000 0.044000
10 0.580000 0.511000 0.040000 0.030000
10 0.047000 0.474000 0.054000 0.032000
10 0.773000 0.259000 0.046000 0.030000
1 0.370000 0.954000 0.312000 0.088000
10 0.301000 0.194000 0.030000 0.044000
10 0.401000 0.536000 0.054000 0.036000
6 0.776000 0.561000 0.056000 0.034000
10 0.978000 0.592000 0.040000 0.028000
10 0.456000 0.215000 0.036000 0.042000
10 0.013000 0.143000 0.026000 0.042000
10 0.375000 0.204000 0.030000 0.040000
10 0.406000 0.212000 0.032000 0.048000
10 0.007000 0.460000 0.014000 0.032000
6 0.314000 0.520000 0.060000 0.040000
1 0.987000 0.476000 0.022000 0.128000
1 0.125000 0.328000 0.250000 0.152000
1 0.379000 0.641000 0.106000 0.126000
1 0.013000 0.193000 0.026000 0.062000
1 0.379000 0.828000 0.106000 0.112000
1 0.522000 0.405000 0.112000 0.102000
1 0.952000 0.879000 0.092000 0.194000
