1 0.186000 0.406000 0.144000 0.172000
10 0.522170 0.251590 0.040340 0.051180
6 0.544710 0.262130 0.037420 0.064260
6 0.570000 0.281000 0.052000 0.070000
6 0.441000 0.235000 0.046000 0.054000
1 0.335320 0.640860 0.282640 0.541720
10 0.498000 0.233000 0.040000 0.050000
10 0.591000 0.513000 0.038000 0.038000
10 0.541000 0.774000 0.038000 0.032000
10 0.491000 0.668000 0.026000 0.040000
10 0.610000 0.415000 0.048000 0.042000
1 0.296000 0.063000 0.296000 0.126000
10 0.568000 0.618000 0.036000 0.032000
6 0.405000 0.960000 0.062000 0.032000
10 0.557520 0.715120 0.059040 0.038240
10 0.555000 0.680000 0.046000 0.036000
1 0.873530 0.902000 0.219060 0.184000
10 0.513000 0.583000 0.026000 0.046000
10 0.583000 0.550000 0.038000 0.036000
1 0.159000 0.796000 0.138000 0.184000
10 0.009000 0.243000 0.018000 0.050000
10 0.482000 0.728000 0.028000 0.052000
1 0.171000 0.599000 0.134000 0.170000
1 0.822000 0.043000 0.352000 0.086000
6 0.440000 0.367000 0.032000 0.046000
2 0.021000 0.946000 0.042000 0.052000
10 0.010000 0.194000 0.020000 0.044000
10 0.008000 0.292000 0.016000 0.044000
10 0.515000 0.540000 0.022000 0.036000
10 0.471000 0.775000 0.022000 0.042000
10 0.527000 0.490000 0.026000 0.036000
10 0.004000 0.467000 0.008000 0.042000
6 0.411000 0.360000 0.034000 0.056000
10 0.009000 0.347000 0.018000 0.046000
6 0.467990 0.374580 0.027980 0.061160
1 0.684680 0.872680 0.185360 0.137360
