1 0.525000 0.430000 0.282000 0.316000
1 0.846000 0.590000 0.304000 0.228000
1 0.687000 0.888000 0.346000 0.220000
10 0.134000 0.659000 0.032000 0.050000
10 0.218000 0.206000 0.036000 0.064000
10 0.272000 0.130000 0.032000 0.052000
10 0.973000 0.030000 0.042000 0.036000
10 0.290000 0.071000 0.032000 0.058000
6 0.116000 0.594000 0.040000 0.060000
1 0.345000 0.818000 0.318000 0.360000
10 0.192000 0.430000 0.028000 0.052000
10 0.174000 0.495000 0.024000 0.062000
1 0.714000 0.167000 0.180000 0.318000
2 0.202000 0.248000 0.120000 0.064000
1 0.940000 0.282000 0.116000 0.304000
10 0.083000 0.847000 0.026000 0.046000
10 0.114000 0.707000 0.028000 0.046000
10 0.057000 0.836000 0.034000 0.056000
10 0.144000 0.615000 0.028000 0.046000
