6 0.328000 0.694000 0.060000 0.064000
6 0.150000 0.084000 0.028000 0.060000
6 0.305000 0.800000 0.050000 0.056000
10 0.559000 0.606000 0.054000 0.036000
6 0.361000 0.495000 0.066000 0.034000
10 0.337000 0.599000 0.046000 0.050000
10 0.371000 0.425000 0.054000 0.034000
10 0.449330 0.662000 0.046660 0.024000
10 0.443000 0.634000 0.050000 0.036000
6 0.462000 0.246000 0.028000 0.056000
6 0.371000 0.386000 0.054000 0.028000
6 0.423000 0.055000 0.074000 0.030000
1 0.855000 0.885000 0.286000 0.226000
6 0.443330 0.765000 0.062660 0.030000
10 0.372000 0.333000 0.044000 0.026000
6 0.391000 0.234000 0.062000 0.032000
1 0.790000 0.385000 0.212000 0.114000
6 0.420000 0.859330 0.024000 0.058660
10 0.441000 0.856000 0.022000 0.056000
6 0.446670 0.716000 0.069340 0.028000
6 0.445000 0.686000 0.062000 0.032000
1 0.786000 0.255000 0.212000 0.150000
6 0.365000 0.462000 0.074000 0.032000
10 0.452000 0.736000 0.048000 0.028000
6 0.406000 0.216000 0.068000 0.028000
6 0.406000 0.161000 0.064000 0.034000
10 0.548000 0.736000 0.052000 0.028000
10 0.342000 0.858000 0.036000 0.060000
10 0.379330 0.318670 0.042660 0.025340
10 0.387000 0.286000 0.058000 0.028000
10 0.421000 0.107000 0.054000 0.030000
10 0.369000 0.358000 0.050000 0.024000
10 0.879000 0.004000 0.046000 0.008000
1 0.793000 0.093000 0.210000 0.186000
6 0.556000 0.712670 0.068000 0.037340
10 0.561000 0.543000 0.042000 0.030000
6 0.519330 0.846670 0.038660 0.073340
6 0.428000 0.033330 0.076000 0.030660
6 0.434000 0.011330 0.080000 0.022660
1 0.539330 0.312670 0.134660 0.213340
