1 0.843000 0.843000 0.310000 0.310000
10 0.366000 0.859000 0.036000 0.046000
10 0.643000 0.345000 0.038000 0.050000
6 0.809000 0.202000 0.034000 0.052000
10 0.449000 0.671000 0.034000 0.038000
10 0.892000 0.240000 0.028000 0.036000
1 0.027000 0.906000 0.054000 0.184000
10 0.985000 0.888000 0.026000 0.048000
1 0.768000 0.535000 0.344000 0.382000
1 0.079000 0.396000 0.158000 0.224000
1 0.211560 0.130090 0.423120 0.260180
1 0.042810 0.026690 0.085620 0.053380
6 0.465620 0.697510 0.047240 0.067020
6 0.547080 0.566970 0.050160 0.069940
1 0.191250 0.832910 0.326500 0.333820
6 0.520970 0.560950 0.049940 0.069900
1 0.353250 0.576570 0.250500 0.245140
1 0.298920 0.666790 0.173840 0.137580
10 0.748670 0.031490 0.033340 0.042980
1 0.088250 0.626840 0.172500 0.185680
1 0.588150 0.238390 0.160300 0.212780
1 0.509060 0.078290 0.178120 0.148580
1 0.388750 0.453280 0.177500 0.154560
1 0.552680 0.380180 0.157360 0.188360
1 0.407310 0.162380 0.162620 0.244760
1 0.233460 0.285980 0.254920 0.183960
1 0.628980 0.746580 0.229960 0.193160
1 0.467700 0.851750 0.131400 0.215500
1 0.579000 0.911000 0.206000 0.178000
