1 0.314000 0.252000 0.180000 0.204000
1 0.906000 0.346000 0.148000 0.156000
1 0.425000 0.641000 0.122000 0.134000
1 0.650000 0.832000 0.152000 0.140000
1 0.414000 0.950000 0.128000 0.096000
1 0.784000 0.211000 0.124000 0.122000
1 0.118000 0.448000 0.236000 0.324000
1 0.453000 0.165000 0.130000 0.130000
1 0.303000 0.809000 0.082000 0.102000
10 0.619000 0.216000 0.038000 0.056000
10 0.763000 0.516000 0.030000 0.040000
1 0.183000 0.816000 0.138000 0.144000
2 0.835000 0.622000 0.078000 0.052000
10 0.568000 0.106000 0.036000 0.048000
10 0.740000 0.468000 0.036000 0.048000
10 0.839000 0.666000 0.034000 0.048000
10 0.793000 0.100000 0.042000 0.052000
10 0.658000 0.294000 0.032000 0.044000
1 0.950000 0.571000 0.096000 0.106000
1 0.872000 0.920000 0.108000 0.092000
10 0.678000 0.339000 0.032000 0.046000
10 0.698000 0.382000 0.036000 0.044000
2 0.613000 0.160000 0.078000 0.052000
10 0.631000 0.014000 0.042000 0.028000
10 0.881000 0.761000 0.034000 0.050000
10 0.976000 0.955000 0.036000 0.050000
1 0.020000 0.850000 0.040000 0.148000
10 0.738000 0.031000 0.032000 0.034000
1 0.571000 0.482000 0.190000 0.128000
10 0.651000 0.048000 0.046000 0.032000
10 0.243000 0.914000 0.038000 0.032000
10 0.973000 0.038000 0.042000 0.036000
1 0.551000 0.245000 0.110000 0.102000
10 0.900000 0.803000 0.032000 0.042000
10 0.679000 0.092000 0.046000 0.044000
1 0.860000 0.987000 0.140000 0.022000
