1 0.543000 0.357000 0.134000 0.122000
1 0.199000 0.264000 0.138000 0.128000
1 0.465000 0.754000 0.270000 0.184000
1 0.904000 0.324000 0.132000 0.132000
1 0.295000 0.567000 0.218000 0.218000
1 0.798000 0.749000 0.180000 0.150000
1 0.330000 0.118000 0.284000 0.236000
1 0.760000 0.054000 0.144000 0.108000
1 0.750000 0.507000 0.148000 0.150000
1 0.530030 0.872930 0.276060 0.225860
1 0.563000 0.955000 0.138000 0.086000
10 0.263000 0.186000 0.038000 0.044000
2 0.761000 0.854000 0.070000 0.060000
10 0.366000 0.395000 0.040000 0.042000
10 0.491000 0.552000 0.034000 0.040000
10 0.298000 0.230000 0.036000 0.044000
10 0.950000 0.131000 0.040000 0.038000
10 0.561000 0.635000 0.042000 0.050000
10 0.412000 0.455000 0.040000 0.046000
10 0.227000 0.144000 0.038000 0.044000
2 0.855000 0.971000 0.066000 0.054000
1 0.027000 0.105000 0.054000 0.178000
1 0.109000 0.661000 0.218000 0.230000
2 0.541000 0.488000 0.046000 0.060000
1 0.964000 0.818000 0.068000 0.128000
10 0.116000 0.436000 0.040000 0.032000
2 0.793000 0.952000 0.050000 0.056000
1 0.919000 0.665000 0.162000 0.178000
10 0.985000 0.750000 0.026000 0.028000
2 0.830000 0.853000 0.060000 0.070000
1 0.035000 0.360000 0.070000 0.116000
1 0.982000 0.266000 0.032000 0.128000
1 0.620000 0.492000 0.092000 0.088000
1 0.940000 0.533000 0.116000 0.162000
10 0.633000 0.649000 0.038000 0.042000
10 0.197000 0.102000 0.038000 0.048000
1 0.574670 0.217510 0.305340 0.283020
