1 0.343000 0.895000 0.142000 0.154000
1 0.097000 0.721000 0.194000 0.298000
1 0.545000 0.543000 0.142000 0.134000
1 0.591000 0.938000 0.166000 0.120000
1 0.823000 0.718000 0.350000 0.264000
1 0.720000 0.168000 0.148000 0.108000
1 0.941000 0.419000 0.114000 0.346000
1 0.640000 0.321000 0.144000 0.134000
6 0.378000 0.506000 0.044000 0.060000
10 0.874000 0.599000 0.048000 0.042000
10 0.818000 0.448000 0.036000 0.032000
10 0.927000 0.624000 0.050000 0.036000
10 0.012000 0.918000 0.024000 0.032000
6 0.310000 0.630000 0.044000 0.060000
1 0.786000 0.027000 0.148000 0.054000
1 0.087000 0.024000 0.170000 0.048000
1 0.985000 0.931000 0.026000 0.134000
1 0.017000 0.952000 0.034000 0.092000
1 0.240000 0.203000 0.472000 0.402000
