1 0.643000 0.135000 0.122000 0.134000
1 0.844000 0.775000 0.124000 0.134000
1 0.383000 0.121000 0.138000 0.114000
1 0.626000 0.270000 0.096000 0.108000
1 0.061000 0.057000 0.122000 0.114000
1 0.262000 0.079000 0.136000 0.102000
10 0.638000 0.418000 0.048000 0.032000
2 0.423000 0.343000 0.078000 0.054000
1 0.918000 0.294000 0.108000 0.156000
10 0.494000 0.154000 0.036000 0.052000
1 0.803000 0.234000 0.134000 0.252000
10 0.288000 0.323000 0.044000 0.026000
10 0.129000 0.285000 0.042000 0.030000
10 0.462000 0.259000 0.028000 0.042000
10 0.242000 0.314000 0.048000 0.032000
10 0.787000 0.461000 0.046000 0.030000
1 0.350000 0.685000 0.688000 0.306000
10 0.976000 0.506000 0.044000 0.032000
10 0.735000 0.445000 0.054000 0.034000
1 0.908000 0.980000 0.172000 0.036000
1 0.966000 0.687000 0.064000 0.154000
10 0.509000 0.103000 0.034000 0.050000
1 0.553000 0.971000 0.178000 0.054000
