5 0.166000 0.599000 0.116000 0.106000
2 0.353000 0.210000 0.126000 0.104000
10 0.937000 0.416000 0.042000 0.036000
5 0.862000 0.356000 0.124000 0.056000
10 0.636000 0.338000 0.052000 0.040000
10 0.140000 0.685000 0.036000 0.046000
10 0.232000 0.513000 0.044000 0.038000
6 0.518000 0.386000 0.064000 0.056000
10 0.093000 0.514000 0.050000 0.052000
10 0.640000 0.405000 0.052000 0.034000
10 0.193000 0.652000 0.042000 0.048000
2 0.788000 0.377000 0.068000 0.122000
10 0.733000 0.370000 0.042000 0.032000
2 0.084000 0.757000 0.136000 0.106000
2 0.811000 0.274000 0.134000 0.056000
10 0.007000 0.429000 0.014000 0.042000
2 0.041000 0.395000 0.074000 0.094000
10 0.006000 0.707000 0.012000 0.046000
10 0.527000 0.424000 0.046000 0.036000
1 0.212000 0.287000 0.168000 0.126000
5 0.299450 0.475690 0.074900 0.083380
