1 0.481000 0.534000 0.186000 0.164000
1 0.274000 0.803000 0.112000 0.134000
1 0.249000 0.624000 0.114000 0.148000
10 0.110000 0.555000 0.036000 0.038000
10 0.803000 0.682000 0.042000 0.040000
10 0.442000 0.421000 0.040000 0.046000
10 0.074000 0.589000 0.036000 0.042000
1 0.522000 0.705000 0.120000 0.134000
1 0.072000 0.842000 0.108000 0.092000
1 0.320000 0.982000 0.120000 0.032000
10 0.957000 0.548000 0.038000 0.040000
10 0.860000 0.647000 0.036000 0.030000
10 0.770000 0.717000 0.040000 0.038000
10 0.823000 0.779000 0.038000 0.042000
1 0.081000 0.758000 0.122000 0.100000
10 0.017000 0.649000 0.034000 0.042000
10 0.566000 0.989000 0.040000 0.018000
1 0.682000 0.025000 0.292000 0.050000
10 0.952000 0.716000 0.036000 0.036000
1 0.698000 0.971000 0.168000 0.054000
1 0.982000 0.888230 0.032000 0.100460
1 0.614310 0.698310 0.104620 0.124620
1 0.480770 0.886770 0.141540 0.141540
1 0.389230 0.945540 0.118460 0.083080
