1 0.883000 0.832000 0.230000 0.316000
1 0.767000 0.230000 0.166000 0.172000
1 0.754000 0.610000 0.196000 0.156000
6 0.114000 0.225000 0.044000 0.062000
10 0.445000 0.244000 0.054000 0.044000
10 0.161000 0.262000 0.038000 0.048000
10 0.110000 0.351000 0.036000 0.046000
10 0.381000 0.980000 0.046000 0.036000
10 0.804000 0.564000 0.036000 0.028000
10 0.902000 0.943000 0.036000 0.046000
10 0.433000 0.749000 0.030000 0.046000
10 0.070000 0.295000 0.032000 0.046000
1 0.610000 0.874000 0.268000 0.248000
10 0.558000 0.777000 0.028000 0.038000
10 0.290000 0.982000 0.028000 0.032000
1 0.199000 0.599000 0.154000 0.162000
1 0.335000 0.428000 0.266000 0.196000
10 0.960000 0.978000 0.032000 0.040000
1 0.046000 0.772000 0.092000 0.288000
1 0.384000 0.017000 0.144000 0.034000
