1 0.624000 0.850000 0.112000 0.120000
1 0.498000 0.737000 0.120000 0.098000
1 0.489000 0.834000 0.122000 0.116000
1 0.890000 0.906000 0.096000 0.120000
1 0.293000 0.338000 0.138000 0.100000
10 0.541000 0.934000 0.046000 0.028000
10 0.443000 0.918000 0.046000 0.032000
6 0.244000 0.890000 0.056000 0.032000
10 0.149000 0.864000 0.046000 0.028000
2 0.361000 0.878000 0.090000 0.056000
10 0.622000 0.953000 0.052000 0.038000
1 0.277000 0.213000 0.162000 0.174000
10 0.023000 0.844000 0.046000 0.032000
1 0.796000 0.735000 0.120000 0.102000
1 0.562000 0.346000 0.160000 0.096000
1 0.562000 0.443000 0.116000 0.130000
10 0.339000 0.811000 0.022000 0.042000
10 0.392000 0.535000 0.024000 0.046000
1 0.216000 0.779000 0.108000 0.106000
1 0.890000 0.630000 0.068000 0.172000
10 0.682000 0.962000 0.052000 0.036000
1 0.589000 0.128000 0.130000 0.212000
10 0.194000 0.876000 0.044000 0.032000
10 0.483000 0.014000 0.022000 0.028000
10 0.534000 0.014000 0.024000 0.028000
1 0.065000 0.067000 0.130000 0.102000
10 0.363000 0.677000 0.026000 0.050000
10 0.410000 0.403000 0.020000 0.034000
1 0.851000 0.161000 0.130000 0.098000
10 0.865000 0.989000 0.046000 0.018000
10 0.797000 0.982000 0.042000 0.032000
1 0.048000 0.740000 0.096000 0.112000
1 0.797000 0.890000 0.078000 0.080000
10 0.707000 0.989000 0.046000 0.018000
1 0.099000 0.989000 0.098000 0.018000
1 0.847000 0.260190 0.118000 0.104380
10 0.710000 0.994000 0.052000 0.012000
10 0.413500 0.404000 0.027000 0.040000
10 0.537000 0.016000 0.026000 0.032000
10 0.862000 0.987500 0.040000 0.023000
10 0.486000 0.016000 0.028000 0.032000
1 0.724500 0.870000 0.105000 0.112000
1 0.795000 0.490500 0.086000 0.089000
1 0.238500 0.472500 0.165000 0.161000
1 0.789000 0.075500 0.082000 0.091000
10 0.351500 0.761500 0.027000 0.047000
1 0.546500 0.671500 0.161000 0.099000
1 0.526500 0.551500 0.109000 0.103000
1 0.798500 0.566000 0.113000 0.092000
10 0.730500 0.974500 0.045000 0.033000
1 0.596500 0.615500 0.069000 0.067000
10 0.421000 0.360000 0.030000 0.052000
10 0.409500 0.741000 0.035000 0.050000
1 0.790500 0.026500 0.085000 0.053000
1 0.750000 0.245500 0.068000 0.083000
1 0.685000 0.225500 0.098000 0.079000
1 0.892500 0.373500 0.073000 0.067000
10 0.443000 0.258000 0.022000 0.044000
1 0.954000 0.717000 0.080000 0.054000
