1 0.824000 0.271000 0.176000 0.154000
1 0.534000 0.668000 0.144000 0.124000
1 0.575000 0.079000 0.134000 0.154000
1 0.104000 0.832000 0.204000 0.240000
1 0.797000 0.491000 0.126000 0.134000
1 0.918000 0.739000 0.116000 0.130000
1 0.573100 0.761690 0.146200 0.143380
10 0.635000 0.654000 0.050000 0.040000
10 0.717000 0.442000 0.054000 0.036000
1 0.756000 0.968000 0.160000 0.060000
10 0.360000 0.017000 0.036000 0.034000
10 0.448000 0.155000 0.036000 0.050000
10 0.474000 0.198000 0.036000 0.040000
10 0.837000 0.867000 0.038000 0.050000
1 0.916000 0.046000 0.140000 0.092000
10 0.761000 0.106000 0.034000 0.056000
2 0.548000 0.274000 0.060000 0.072000
10 0.188000 0.116000 0.044000 0.040000
10 0.899000 0.962000 0.042000 0.056000
10 0.251000 0.017000 0.042000 0.034000
10 0.036000 0.255000 0.040000 0.034000
10 0.296000 0.077000 0.044000 0.038000
6 0.795000 0.409000 0.054000 0.030000
10 0.016000 0.123000 0.032000 0.038000
2 0.804000 0.703000 0.056000 0.066000
10 0.116000 0.096000 0.040000 0.044000
10 0.036000 0.168000 0.040000 0.036000
10 0.061000 0.014000 0.042000 0.028000
10 0.146000 0.139000 0.036000 0.034000
10 0.129000 0.014000 0.042000 0.028000
10 0.159000 0.074000 0.038000 0.036000
10 0.073750 0.237050 0.039500 0.038100
10 0.055000 0.218000 0.046000 0.044000
10 0.008000 0.191000 0.016000 0.034000
1 0.569000 0.897000 0.074000 0.082000
10 0.007000 0.075000 0.014000 0.042000
10 0.220000 0.176000 0.036000 0.036000
1 0.458000 0.911000 0.100000 0.130000
10 0.007000 0.856000 0.014000 0.028000
1 0.101640 0.628420 0.203280 0.192840
1 0.480510 0.552220 0.153020 0.140440
6 0.912300 0.326170 0.048600 0.036340
1 0.702590 0.917280 0.113180 0.126560
