10 0.135000 0.353000 0.058000 0.058000
1 0.355010 0.341850 0.254020 0.207700
1 0.790670 0.790050 0.265340 0.220100
10 0.122000 0.029000 0.040000 0.038000
10 0.009000 0.402000 0.018000 0.052000
10 0.245500 0.915500 0.055000 0.035000
10 0.293000 0.933000 0.042000 0.042000
1 0.295000 0.841500 0.134000 0.139000
1 0.400500 0.859000 0.145000 0.102000
1 0.064000 0.772000 0.104000 0.132000
1 0.170500 0.777000 0.097000 0.102000
1 0.242000 0.671500 0.112000 0.099000
1 0.874070 0.655040 0.200140 0.214080
1 0.917000 0.528000 0.166000 0.216000
1 0.951560 0.369880 0.095120 0.171760
1 0.391660 0.180080 0.263320 0.192160
1 0.429440 0.064720 0.262880 0.129440
1 0.319900 0.625690 0.099800 0.099380
