1 0.684000 0.790000 0.112000 0.120000
3 0.054000 0.395000 0.108000 0.330000
1 0.320000 0.810000 0.128000 0.120000
1 0.189000 0.815000 0.126000 0.134000
1 0.099000 0.707000 0.090000 0.102000
3 0.247000 0.326000 0.154000 0.232000
1 0.450000 0.817000 0.144000 0.134000
1 0.074000 0.902000 0.068000 0.104000
1 0.792000 0.798000 0.116000 0.124000
6 0.172000 0.131000 0.072000 0.038000
1 0.024000 0.781000 0.048000 0.110000
1 0.730000 0.226000 0.184000 0.168000
1 0.883000 0.218000 0.130000 0.168000
1 0.571000 0.624000 0.090000 0.064000
