1 0.853000 0.361000 0.170000 0.302000
1 0.672000 0.733000 0.124000 0.198000
1 0.087000 0.205000 0.170000 0.318000
1 0.286000 0.712000 0.096000 0.212000
1 0.306000 0.557000 0.104000 0.098000
1 0.253000 0.927000 0.106000 0.142000
1 0.906000 0.046000 0.184000 0.092000
2 0.184000 0.483000 0.052000 0.042000
10 0.959000 0.580000 0.022000 0.040000
10 0.324000 0.408000 0.040000 0.028000
10 0.976000 0.502000 0.028000 0.040000
1 0.628000 0.929000 0.148000 0.138000
2 0.948000 0.698000 0.056000 0.036000
1 0.023000 0.922000 0.046000 0.152000
10 0.893000 0.119000 0.038000 0.022000
2 0.978000 0.154000 0.040000 0.080000
1 0.412000 0.032000 0.212000 0.064000
10 0.844000 0.125000 0.040000 0.022000
6 0.714000 0.526000 0.052000 0.036000
1 0.853260 0.582580 0.138520 0.141160
1 0.294560 0.288410 0.145120 0.172820
