1 0.361000 0.633000 0.126000 0.130000
1 0.617000 0.206000 0.106000 0.112000
1 0.841000 0.897000 0.130000 0.110000
1 0.734000 0.133000 0.120000 0.138000
1 0.899000 0.798000 0.126000 0.124000
1 0.446000 0.326000 0.136000 0.132000
1 0.094000 0.498000 0.108000 0.104000
1 0.131000 0.295000 0.098000 0.102000
1 0.679000 0.354000 0.158000 0.108000
1 0.869000 0.694000 0.158000 0.092000
1 0.532000 0.911000 0.108000 0.118000
1 0.683000 0.744000 0.074000 0.120000
10 0.031000 0.867000 0.046000 0.034000
1 0.182000 0.096000 0.140000 0.124000
1 0.748000 0.037000 0.148000 0.074000
10 0.545000 0.444000 0.046000 0.028000
10 0.499000 0.435000 0.046000 0.026000
10 0.773000 0.474000 0.046000 0.028000
10 0.967000 0.946000 0.038000 0.052000
10 0.182000 0.392000 0.048000 0.032000
1 0.024000 0.619000 0.048000 0.110000
10 0.827000 0.481000 0.046000 0.030000
10 0.638000 0.455000 0.048000 0.034000
10 0.138000 0.391000 0.048000 0.026000
1 0.731000 0.550000 0.194000 0.148000
10 0.589000 0.448000 0.042000 0.028000
11 0.284000 0.717000 0.056000 0.038000
10 0.017000 0.369000 0.034000 0.030000
10 0.826000 0.398000 0.024000 0.036000
10 0.777000 0.390000 0.018000 0.036000
1 0.989000 0.251000 0.018000 0.082000
10 0.962000 0.164000 0.048000 0.028000
10 0.095000 0.386000 0.034000 0.028000
1 0.802000 0.987000 0.116000 0.022000
1 0.415000 0.494000 0.118000 0.064000
10 0.394000 0.421000 0.048000 0.030000
1 0.980000 0.420000 0.036000 0.104000
