1 0.546000 0.424000 0.352000 0.280000
1 0.626000 0.712000 0.328000 0.372000
10 0.565000 0.255000 0.042000 0.034000
10 0.888000 0.536000 0.036000 0.048000
10 0.883000 0.691000 0.038000 0.050000
10 0.918000 0.742000 0.032000 0.040000
10 0.965000 0.661000 0.042000 0.054000
10 0.620000 0.118000 0.036000 0.044000
1 0.243000 0.813000 0.486000 0.370000
10 0.021000 0.167000 0.030000 0.050000
10 0.934000 0.610000 0.036000 0.048000
1 0.825000 0.183000 0.346000 0.350000
10 0.559000 0.020000 0.038000 0.040000
1 0.311000 0.137000 0.162000 0.206000
6 0.045000 0.017000 0.038000 0.034000
10 0.587000 0.067000 0.038000 0.050000
10 0.987000 0.707000 0.022000 0.046000
10 0.440000 0.712000 0.044000 0.056000
10 0.222000 0.991000 0.032000 0.014000
1 0.980000 0.610000 0.036000 0.196000
