1 0.604000 0.723000 0.280000 0.302000
2 0.197000 0.445000 0.110000 0.094000
1 0.241000 0.071000 0.094000 0.094000
2 0.289000 0.587000 0.118000 0.102000
10 0.668000 0.216000 0.060000 0.044000
6 0.047000 0.258000 0.046000 0.056000
10 0.726000 0.673000 0.036000 0.050000
1 0.774000 0.392000 0.448000 0.380000
10 0.918000 0.545000 0.040000 0.046000
1 0.171000 0.145000 0.090000 0.098000
10 0.049000 0.661000 0.042000 0.038000
10 0.080000 0.306000 0.040000 0.044000
10 0.788000 0.617000 0.032000 0.042000
6 0.705000 0.610000 0.050000 0.056000
10 0.830000 0.592000 0.032000 0.036000
10 0.106000 0.629000 0.040000 0.038000
2 0.158000 0.541000 0.072000 0.082000
2 0.344000 0.506000 0.060000 0.088000
1 0.705000 0.027000 0.210000 0.054000
10 0.980000 0.507000 0.036000 0.042000
10 0.118000 0.008000 0.036000 0.016000
2 0.305000 0.434000 0.058000 0.064000
1 0.032000 0.283000 0.064000 0.134000
10 0.109000 0.346000 0.034000 0.044000
10 0.057000 0.060000 0.058000 0.052000
