1 0.348000 0.770000 0.220000 0.200000
1 0.213000 0.487000 0.182000 0.190000
1 0.082000 0.323000 0.164000 0.186000
1 0.573000 0.615000 0.122000 0.214000
1 0.711000 0.934000 0.158000 0.128000
1 0.365000 0.237000 0.222000 0.246000
1 0.863000 0.826000 0.170000 0.172000
1 0.673000 0.050000 0.154000 0.100000
1 0.860000 0.274000 0.128000 0.144000
1 0.128000 0.924000 0.188000 0.148000
10 0.143000 0.205000 0.042000 0.050000
10 0.263000 0.365000 0.038000 0.046000
10 0.323000 0.594000 0.046000 0.040000
10 0.233000 0.322000 0.038000 0.044000
10 0.541000 0.392000 0.046000 0.040000
10 0.324000 0.442000 0.040000 0.048000
10 0.277000 0.895000 0.042000 0.050000
10 0.649000 0.661000 0.042000 0.038000
10 0.462000 0.389000 0.032000 0.038000
10 0.294000 0.406000 0.040000 0.044000
10 0.847000 0.020000 0.038000 0.040000
1 0.180000 0.029000 0.212000 0.058000
10 0.951000 0.897000 0.042000 0.038000
10 0.199000 0.277000 0.038000 0.046000
10 0.987000 0.865000 0.022000 0.038000
10 0.169000 0.241000 0.034000 0.034000
10 0.355000 0.485000 0.038000 0.046000
1 0.980000 0.606000 0.036000 0.120000
10 0.012000 0.018000 0.024000 0.036000
10 0.038000 0.059000 0.036000 0.046000
10 0.636000 0.613000 0.024000 0.050000
1 0.779000 0.138000 0.126000 0.136000
6 0.126000 0.566000 0.052000 0.044000
10 0.094000 0.514000 0.048000 0.044000
1 0.973000 0.773000 0.050000 0.102000
10 0.904000 0.938000 0.032000 0.028000
1 0.009000 0.076000 0.018000 0.148000
