1 0.692320 0.070040 0.224640 0.140080
10 0.784000 0.075000 0.040000 0.042000
2 0.859000 0.088000 0.102000 0.124000
2 0.782000 0.308000 0.120000 0.052000
10 0.059000 0.869000 0.038000 0.038000
1 0.364030 0.325440 0.360060 0.374880
10 0.514000 0.416000 0.044000 0.044000
10 0.821000 0.409000 0.022000 0.046000
1 0.923370 0.894760 0.150740 0.205520
1 0.086910 0.678600 0.173820 0.337200
10 0.016000 0.916000 0.032000 0.036000
1 0.594000 0.142000 0.292000 0.228000
1 0.178210 0.533550 0.248420 0.247100
0 0.174200 0.096350 0.292400 0.192700
1 0.658910 0.478450 0.241820 0.276900
1 0.497080 0.663680 0.186160 0.251360
1 0.404670 0.830260 0.265340 0.300520
1 0.689490 0.714870 0.126980 0.201740
1 0.644670 0.903620 0.209340 0.175240
1 0.165330 0.945220 0.142660 0.102440
1 0.929790 0.303760 0.139580 0.259520
1 0.929790 0.529010 0.139580 0.198020
1 0.925760 0.714800 0.147520 0.149600
