1 0.705000 0.310000 0.142000 0.128000
10 0.703000 0.869000 0.046000 0.038000
1 0.476000 0.158000 0.176000 0.132000
10 0.902000 0.805000 0.048000 0.038000
1 0.929000 0.954000 0.138000 0.088000
1 0.178000 0.301000 0.148000 0.154000
10 0.649000 0.892000 0.050000 0.036000
10 0.390000 0.394000 0.028000 0.040000
10 0.645000 0.960000 0.042000 0.052000
10 0.347000 0.411000 0.030000 0.042000
10 0.984000 0.786000 0.028000 0.036000
10 0.857000 0.825000 0.042000 0.034000
10 0.271000 0.994000 0.038000 0.008000
10 0.589000 0.906000 0.042000 0.028000
1 0.445000 0.767000 0.314000 0.250000
1 0.728000 0.984000 0.108000 0.028000
12 0.690790 0.631050 0.189580 0.254100
12 0.854030 0.561610 0.200060 0.263220
1 0.122180 0.828230 0.244360 0.252460
1 0.253390 0.833720 0.182780 0.191440
