1 0.413000 0.163000 0.138000 0.162000
1 0.777000 0.779000 0.150000 0.154000
1 0.948000 0.244000 0.100000 0.144000
1 0.395000 0.496000 0.098000 0.128000
1 0.723000 0.539000 0.106000 0.098000
1 0.247000 0.508000 0.206000 0.140000
1 0.770000 0.079000 0.136000 0.130000
1 0.550000 0.917000 0.204000 0.162000
1 0.085000 0.744000 0.090000 0.112000
1 0.095000 0.405000 0.158000 0.126000
1 0.564000 0.149000 0.120000 0.118000
10 0.120000 0.262000 0.056000 0.044000
1 0.900000 0.533000 0.108000 0.090000
10 0.276000 0.345000 0.052000 0.034000
10 0.120000 0.192000 0.048000 0.036000
10 0.351000 0.331000 0.054000 0.034000
1 0.496000 0.480000 0.088000 0.064000
10 0.747000 0.429000 0.050000 0.030000
10 0.497000 0.362000 0.058000 0.032000
10 0.959000 0.721000 0.050000 0.038000
10 0.953000 0.788000 0.038000 0.032000
10 0.395000 0.375000 0.046000 0.030000
10 0.412000 0.677000 0.024000 0.050000
10 0.609000 0.415000 0.046000 0.030000
10 0.883000 0.014000 0.046000 0.028000
6 0.732000 0.967000 0.060000 0.046000
10 0.798000 0.433000 0.040000 0.026000
1 0.810000 0.538000 0.084000 0.124000
10 0.255000 0.610000 0.038000 0.036000
1 0.093000 0.050000 0.182000 0.100000
1 0.975000 0.629000 0.046000 0.122000
1 0.697000 0.201000 0.102000 0.106000
1 0.276000 0.791000 0.080000 0.074000
10 0.980000 0.088000 0.036000 0.040000
1 0.192000 0.971000 0.148000 0.054000
10 0.516000 0.406000 0.048000 0.032000
6 0.835000 0.895000 0.042000 0.042000
10 0.883000 0.772000 0.046000 0.036000
10 0.892000 0.409000 0.028000 0.022000
10 0.565000 0.409000 0.042000 0.030000
6 0.691000 0.992000 0.042000 0.012000
10 0.356000 0.115000 0.024000 0.038000
1 0.899000 0.957000 0.098000 0.082000
10 0.846000 0.798000 0.036000 0.032000
10 0.987000 0.759000 0.022000 0.038000
1 0.007000 0.420000 0.014000 0.176000
