1 0.691000 0.309000 0.170000 0.158000
1 0.789000 0.184000 0.170000 0.152000
1 0.204000 0.251000 0.124000 0.130000
1 0.547000 0.768000 0.118000 0.120000
1 0.916000 0.932000 0.128000 0.132000
1 0.311000 0.585000 0.190000 0.170000
1 0.571000 0.911000 0.226000 0.174000
1 0.424000 0.041000 0.152000 0.082000
1 0.756510 0.748880 0.305020 0.293760
1 0.674000 0.614000 0.084000 0.092000
10 0.427000 0.296000 0.042000 0.040000
1 0.039000 0.314000 0.078000 0.128000
10 0.235000 0.456000 0.042000 0.040000
10 0.747000 0.029000 0.042000 0.042000
10 0.663000 0.100000 0.050000 0.044000
10 0.885000 0.499000 0.042000 0.046000
10 0.923000 0.475000 0.042000 0.034000
10 0.974000 0.405000 0.040000 0.038000
1 0.945000 0.077000 0.106000 0.130000
1 0.525000 0.581000 0.178000 0.170000
10 0.989000 0.444000 0.018000 0.040000
10 0.941000 0.568000 0.034000 0.036000
1 0.624000 0.017000 0.160000 0.034000
10 0.465000 0.266000 0.034000 0.028000
10 0.575000 0.169000 0.042000 0.034000
1 0.071000 0.980000 0.126000 0.036000
10 0.841000 0.062000 0.038000 0.040000
1 0.108000 0.086000 0.216000 0.172000
