1 0.393000 0.860000 0.130000 0.112000
1 0.515000 0.515000 0.126000 0.114000
1 0.691000 0.746000 0.134000 0.144000
1 0.290000 0.348000 0.108000 0.092000
1 0.571000 0.693000 0.098000 0.130000
1 0.141000 0.072000 0.118000 0.144000
1 0.170000 0.577000 0.132000 0.130000
1 0.329000 0.121000 0.114000 0.130000
1 0.689000 0.589000 0.110000 0.090000
1 0.169000 0.691000 0.122000 0.098000
1 0.289000 0.441000 0.114000 0.106000
1 0.132000 0.786000 0.124000 0.112000
1 0.477000 0.652000 0.118000 0.128000
1 0.093000 0.908000 0.118000 0.116000
1 0.846000 0.637000 0.148000 0.102000
1 0.759000 0.292000 0.342000 0.216000
10 0.318000 0.569000 0.032000 0.046000
10 0.529000 0.244000 0.042000 0.052000
1 0.954000 0.692000 0.088000 0.088000
10 0.242000 0.765000 0.028000 0.042000
10 0.216000 0.815000 0.028000 0.042000
10 0.359000 0.481000 0.030000 0.046000
10 0.328000 0.700000 0.036000 0.052000
10 0.402000 0.533000 0.028000 0.042000
2 0.447000 0.358000 0.082000 0.060000
10 0.374000 0.583000 0.032000 0.046000
10 0.165000 0.939000 0.030000 0.038000
6 0.508000 0.151000 0.036000 0.058000
2 0.397000 0.273000 0.038000 0.074000
10 0.259000 0.721000 0.030000 0.046000
10 0.510000 0.290000 0.032000 0.040000
10 0.492000 0.338000 0.032000 0.044000
10 0.855000 0.237000 0.038000 0.030000
10 0.899000 0.255000 0.042000 0.030000
10 0.146000 0.980000 0.032000 0.036000
10 0.321000 0.233000 0.046000 0.022000
10 0.731000 0.132000 0.054000 0.036000
1 0.934000 0.966000 0.128000 0.064000
10 0.381000 0.418000 0.034000 0.048000
10 0.225000 0.933000 0.030000 0.042000
1 0.108000 0.407000 0.200000 0.214000
1 0.390000 0.954000 0.120000 0.088000
1 0.602000 0.989000 0.116000 0.018000
