1 0.812000 0.828000 0.144000 0.140000
1 0.554000 0.575000 0.176000 0.690000
1 0.174720 0.201450 0.245440 0.230900
10 0.059000 0.072000 0.046000 0.028000
10 0.645000 0.274000 0.022000 0.044000
10 0.636000 0.136000 0.024000 0.044000
10 0.638000 0.184000 0.020000 0.044000
10 0.661000 0.561000 0.026000 0.050000
10 0.650000 0.377000 0.024000 0.046000
10 0.659000 0.506000 0.022000 0.052000
1 0.772000 0.266000 0.140000 0.456000
6 0.656000 0.446000 0.028000 0.056000
6 0.670000 0.656000 0.028000 0.056000
10 0.631000 0.084000 0.022000 0.048000
1 0.940000 0.674000 0.116000 0.148000
6 0.746000 0.950000 0.024000 0.052000
1 0.789000 0.621000 0.126000 0.282000
10 0.677000 0.749000 0.022000 0.038000
10 0.730000 0.772000 0.020000 0.048000
1 0.025000 0.136000 0.050000 0.164000
1 0.894000 0.959000 0.208000 0.078000
1 0.150000 0.020000 0.300000 0.040000
1 0.969000 0.835000 0.058000 0.182000
1 0.016000 0.922000 0.032000 0.152000
