1 0.289000 0.559000 0.174000 0.146000
1 0.184000 0.740000 0.140000 0.120000
1 0.714000 0.541000 0.172000 0.146000
1 0.378000 0.115000 0.324000 0.230000
1 0.157000 0.488000 0.106000 0.116000
1 0.818000 0.302000 0.156000 0.144000
1 0.698000 0.061000 0.176000 0.122000
1 0.461000 0.653000 0.134000 0.134000
1 0.530000 0.410000 0.112000 0.132000
1 0.067000 0.708000 0.094000 0.148000
1 0.589000 0.663000 0.106000 0.098000
1 0.869000 0.463000 0.138000 0.146000
10 0.426000 0.805000 0.048000 0.038000
1 0.030000 0.225000 0.060000 0.126000
10 0.277000 0.321000 0.046000 0.038000
10 0.350000 0.824000 0.044000 0.028000
10 0.227000 0.332000 0.050000 0.032000
10 0.080000 0.369000 0.048000 0.030000
10 0.701000 0.714000 0.042000 0.032000
1 0.940000 0.025000 0.116000 0.050000
1 0.023000 0.496000 0.046000 0.116000
1 0.969000 0.205000 0.058000 0.142000
6 0.504000 0.900000 0.044000 0.032000
10 0.217000 0.364000 0.046000 0.028000
10 0.026000 0.379000 0.048000 0.030000
10 0.538000 0.248000 0.040000 0.024000
1 0.973000 0.467000 0.050000 0.122000
1 0.601000 0.982000 0.122000 0.032000
10 0.016000 0.928000 0.032000 0.032000
10 0.372000 0.299000 0.044000 0.030000
1 0.978000 0.929000 0.040000 0.138000
10 0.455000 0.281000 0.042000 0.030000
6 0.715000 0.206000 0.042000 0.036000
6 0.617000 0.866000 0.042000 0.032000
10 0.322000 0.311000 0.048000 0.030000
10 0.413000 0.289000 0.042000 0.030000
