1 0.696000 0.920000 0.164000 0.156000
1 0.075000 0.142000 0.150000 0.284000
10 0.450000 0.236000 0.036000 0.040000
1 0.349000 0.924000 0.194000 0.148000
1 0.100000 0.900000 0.088000 0.088000
10 0.219000 0.061000 0.038000 0.042000
10 0.410000 0.199000 0.044000 0.050000
10 0.308000 0.154000 0.044000 0.048000
2 0.777000 0.661000 0.102000 0.094000
10 0.372000 0.162000 0.036000 0.044000
10 0.536000 0.333000 0.036000 0.042000
10 0.368000 0.222000 0.040000 0.044000
6 0.758000 0.607000 0.056000 0.078000
10 0.869000 0.809000 0.038000 0.046000
1 0.397000 0.508000 0.334000 0.232000
10 0.292000 0.019000 0.040000 0.038000
10 0.694000 0.633000 0.036000 0.046000
10 0.512000 0.916000 0.040000 0.036000
10 0.842000 0.967000 0.036000 0.054000
1 0.385000 0.021000 0.194000 0.042000
10 0.467000 0.951000 0.050000 0.042000
1 0.045000 0.768000 0.090000 0.196000
10 0.120000 0.012000 0.032000 0.024000
1 0.557000 0.976000 0.106000 0.044000
1 0.155010 0.361010 0.310020 0.310020
1 0.164350 0.652850 0.256700 0.225700
1 0.549630 0.638870 0.187260 0.189740
