10 0.683950 0.962120 0.023900 0.056240
10 0.912070 0.645520 0.028140 0.039040
10 0.886070 0.598590 0.028140 0.037180
10 0.817210 0.486260 0.026420 0.036520
10 0.864510 0.560610 0.029020 0.045220
1 0.183580 0.577540 0.095160 0.087080
1 0.417410 0.299240 0.066820 0.090480
1 0.663240 0.420270 0.186480 0.372540
1 0.646500 0.650640 0.185000 0.145280
1 0.889880 0.797500 0.219760 0.407000
1 0.245000 0.171000 0.114000 0.162000
1 0.422000 0.899000 0.156000 0.198000
1 0.204000 0.478000 0.136000 0.116000
1 0.454000 0.716000 0.184000 0.212000
1 0.173000 0.652000 0.102000 0.092000
1 0.190000 0.922000 0.124000 0.152000
1 0.927000 0.171000 0.142000 0.286000
1 0.562000 0.948000 0.140000 0.100000
1 0.118000 0.270000 0.080000 0.092000
10 0.293000 0.895000 0.022000 0.050000
10 0.629000 0.109000 0.038000 0.054000
6 0.337000 0.763000 0.022000 0.054000
10 0.779000 0.425000 0.034000 0.046000
10 0.705000 0.230000 0.034000 0.044000
10 0.881000 0.491000 0.034000 0.046000
10 0.836000 0.520000 0.028000 0.040000
10 0.301000 0.828000 0.026000 0.056000
10 0.733000 0.272000 0.034000 0.040000
10 0.941000 0.684000 0.034000 0.036000
10 0.380000 0.108000 0.020000 0.044000
10 0.302000 0.752000 0.024000 0.052000
10 0.684000 0.198000 0.028000 0.036000
10 0.366000 0.324000 0.020000 0.044000
10 0.659000 0.157000 0.034000 0.046000
10 0.362000 0.369000 0.024000 0.046000
10 0.307000 0.689000 0.022000 0.046000
10 0.746000 0.969000 0.024000 0.042000
10 0.703000 0.962000 0.026000 0.048000
1 0.712000 0.107000 0.296000 0.214000
1 0.124000 0.369000 0.120000 0.126000
10 0.756000 0.308000 0.032000 0.040000
2 0.807000 0.342000 0.050000 0.076000
1 0.167000 0.738000 0.214000 0.116000
10 0.382000 0.052000 0.020000 0.052000
1 0.271000 0.014000 0.098000 0.028000
1 0.941000 0.455000 0.114000 0.182000
6 0.567000 0.116000 0.042000 0.052000
1 0.160000 0.046000 0.084000 0.092000
10 0.638000 0.953000 0.020000 0.038000
10 0.556000 0.007000 0.032000 0.014000
10 0.989000 0.671000 0.018000 0.038000
10 0.342000 0.682000 0.024000 0.044000
1 0.439000 0.042000 0.074000 0.080000
1 0.071000 0.878000 0.142000 0.240000
10 0.659000 0.955000 0.022000 0.042000
10 0.353000 0.474000 0.018000 0.024000
1 0.471000 0.501000 0.206000 0.078000
