6 0.212370 0.357530 0.044740 0.075060
10 0.143270 0.507630 0.022540 0.051260
1 0.070000 0.188000 0.140000 0.160000
1 0.663000 0.612000 0.114000 0.108000
1 0.303000 0.698000 0.106000 0.112000
1 0.693000 0.521000 0.130000 0.094000
1 0.688000 0.717000 0.120000 0.102000
1 0.424000 0.696000 0.132000 0.096000
1 0.687000 0.300000 0.154000 0.088000
1 0.456000 0.073000 0.104000 0.106000
1 0.707000 0.127000 0.110000 0.134000
1 0.301000 0.489000 0.126000 0.102000
1 0.053000 0.959000 0.102000 0.078000
1 0.947000 0.198000 0.102000 0.080000
1 0.964000 0.345000 0.068000 0.126000
1 0.918000 0.819000 0.108000 0.102000
1 0.652000 0.809000 0.104000 0.102000
1 0.576000 0.083000 0.144000 0.138000
1 0.271000 0.971000 0.126000 0.054000
2 0.189000 0.077000 0.082000 0.062000
1 0.043000 0.861000 0.086000 0.102000
10 0.821000 0.100000 0.022000 0.044000
10 0.820000 0.154000 0.024000 0.052000
10 0.800000 0.641000 0.028000 0.050000
1 0.302000 0.597000 0.116000 0.102000
10 0.816000 0.279000 0.032000 0.050000
10 0.212000 0.270000 0.024000 0.060000
10 0.195000 0.610000 0.030000 0.048000
1 0.276000 0.788000 0.108000 0.088000
10 0.153000 0.267000 0.022000 0.046000
10 0.804000 0.516000 0.020000 0.040000
10 0.206000 0.471000 0.024000 0.046000
1 0.957000 0.591000 0.082000 0.138000
10 0.147000 0.383000 0.022000 0.042000
10 0.152000 0.323000 0.024000 0.046000
1 0.649000 0.915000 0.106000 0.110000
10 0.789000 0.895000 0.022000 0.042000
10 0.796000 0.739000 0.028000 0.046000
10 0.136000 0.601000 0.028000 0.054000
10 0.814000 0.344000 0.028000 0.052000
10 0.194000 0.777000 0.028000 0.038000
10 0.038000 0.040000 0.044000 0.032000
10 0.153000 0.219000 0.022000 0.038000
10 0.943000 0.958000 0.046000 0.028000
10 0.135000 0.677000 0.026000 0.050000
1 0.976000 0.465000 0.044000 0.122000
10 0.186000 0.861000 0.028000 0.046000
1 0.020000 0.597000 0.040000 0.074000
10 0.143000 0.457000 0.018000 0.046000
10 0.850000 0.816000 0.028000 0.044000
1 0.037000 0.754000 0.074000 0.064000
10 0.127000 0.929000 0.026000 0.046000
10 0.183000 0.967000 0.022000 0.038000
10 0.793000 0.779000 0.022000 0.034000
1 0.279000 0.890000 0.130000 0.096000
10 0.888000 0.960000 0.064000 0.032000
10 0.125000 0.982000 0.022000 0.032000
1 0.320000 0.116000 0.136000 0.140000
1 0.509000 0.837000 0.062000 0.054000
10 0.992000 0.960000 0.012000 0.032000
10 0.798000 0.691000 0.024000 0.034000
1 0.291000 0.385000 0.106000 0.090000
10 0.157000 0.006000 0.054000 0.012000
1 0.066000 0.421000 0.084000 0.094000
