1 0.458000 0.895000 0.288000 0.162000
10 0.627000 0.952000 0.042000 0.036000
10 0.190000 0.149000 0.036000 0.042000
1 0.115000 0.649000 0.230000 0.226000
10 0.783000 0.855000 0.050000 0.038000
10 0.376000 0.980000 0.052000 0.036000
10 0.901000 0.857000 0.038000 0.042000
10 0.260000 0.082000 0.040000 0.044000
10 0.889000 0.984000 0.046000 0.028000
10 0.331000 0.026000 0.050000 0.028000
10 0.042000 0.300000 0.036000 0.036000
1 0.512160 0.254640 0.248320 0.241280
1 0.596000 0.240000 0.112000 0.092000
10 0.035000 0.803000 0.042000 0.042000
10 0.379000 0.023000 0.050000 0.030000
10 0.012000 0.338000 0.024000 0.044000
2 0.809000 0.941000 0.046000 0.086000
1 0.924000 0.449050 0.152000 0.250100
10 0.765000 0.972000 0.042000 0.028000
10 0.286000 0.046000 0.036000 0.036000
1 0.027000 0.092000 0.054000 0.116000
10 0.427000 0.987000 0.050000 0.022000
10 0.837000 0.807000 0.038000 0.050000
10 0.259000 0.982000 0.042000 0.032000
1 0.821000 0.035000 0.226000 0.070000
10 0.701000 0.987000 0.042000 0.022000
1 0.360000 0.497000 0.260000 0.274000
1 0.669000 0.508000 0.162000 0.148000
10 0.939000 0.991000 0.046000 0.014000
1 0.676000 0.193000 0.148000 0.178000
2 0.319000 0.212000 0.070000 0.080000
1 0.636000 0.853000 0.124000 0.142000
1 0.054000 0.957000 0.108000 0.082000
1 0.194000 0.239000 0.144000 0.134000
1 0.188450 0.981000 0.108900 0.038000
1 0.587430 0.607820 0.150860 0.151640
1 0.500490 0.700950 0.172980 0.169900
1 0.282820 0.783040 0.233640 0.234080
1 0.865560 0.310820 0.267120 0.173640
1 0.939950 0.676030 0.119900 0.180060
