1 0.726000 0.232000 0.212000 0.220000
1 0.491000 0.430000 0.154000 0.204000
1 0.253000 0.501000 0.182000 0.282000
1 0.396000 0.234000 0.180000 0.232000
2 0.855000 0.918000 0.082000 0.072000
1 0.948000 0.340000 0.100000 0.164000
10 0.242000 0.064000 0.036000 0.052000
1 0.052000 0.221000 0.104000 0.170000
2 0.678000 0.751000 0.052000 0.070000
2 0.789000 0.747000 0.078000 0.086000
2 0.271000 0.178000 0.066000 0.056000
1 0.617000 0.585000 0.210000 0.218000
2 0.860000 0.805000 0.084000 0.094000
6 0.607000 0.707000 0.050000 0.046000
10 0.837000 0.714000 0.054000 0.040000
1 0.971000 0.941000 0.054000 0.114000
10 0.636000 0.954000 0.032000 0.032000
1 0.098000 0.025000 0.084000 0.050000
1 0.456000 0.045000 0.204000 0.090000
1 0.495000 0.834000 0.210000 0.292000
1 0.037000 0.784000 0.074000 0.364000
1 0.774000 0.987000 0.300000 0.022000
