1 0.106000 0.943000 0.176000 0.110000
1 0.892000 0.938000 0.204000 0.120000
1 0.673000 0.604000 0.134000 0.172000
1 0.381000 0.470000 0.138000 0.132000
1 0.089000 0.479000 0.178000 0.134000
1 0.685000 0.821000 0.138000 0.266000
1 0.243000 0.468000 0.146000 0.128000
1 0.394670 0.746000 0.129340 0.216000
10 0.891000 0.133000 0.042000 0.030000
10 0.819000 0.134000 0.046000 0.032000
10 0.547000 0.157000 0.042000 0.030000
10 0.096000 0.180000 0.044000 0.028000
2 0.444000 0.214000 0.048000 0.116000
10 0.038000 0.181000 0.044000 0.030000
10 0.198000 0.283000 0.052000 0.034000
10 0.823000 0.179000 0.046000 0.030000
10 0.135000 0.287000 0.054000 0.034000
5 0.673000 0.172000 0.126000 0.044000
10 0.477000 0.470000 0.030000 0.052000
1 0.107000 0.637000 0.158000 0.102000
10 0.304000 0.172000 0.044000 0.028000
10 0.476000 0.380000 0.028000 0.048000
10 0.478000 0.521000 0.028000 0.050000
10 0.723000 0.201000 0.042000 0.030000
10 0.536000 0.575000 0.028000 0.050000
1 0.702000 0.448000 0.204000 0.148000
10 0.483000 0.663000 0.022000 0.050000
10 0.541000 0.915000 0.026000 0.046000
10 0.860000 0.240000 0.048000 0.032000
10 0.531000 0.433000 0.026000 0.054000
10 0.543000 0.765000 0.022000 0.042000
10 0.534000 0.484000 0.024000 0.048000
10 0.529000 0.381000 0.030000 0.050000
10 0.491000 0.957000 0.026000 0.046000
1 0.899000 0.424000 0.198000 0.128000
10 0.137000 0.182000 0.038000 0.024000
10 0.807000 0.239000 0.050000 0.034000
2 0.500000 0.285000 0.100000 0.054000
10 0.543000 0.811000 0.022000 0.050000
10 0.541000 0.717000 0.026000 0.046000
10 0.357000 0.274000 0.054000 0.032000
10 0.546000 0.969000 0.028000 0.058000
10 0.494000 0.992000 0.028000 0.012000
10 0.545000 0.861000 0.026000 0.046000
10 0.536000 0.624000 0.028000 0.048000
10 0.088000 0.289000 0.040000 0.026000
1 0.223000 0.768000 0.086000 0.168000
1 0.393330 0.926670 0.138660 0.145340
1 0.237000 0.955000 0.102000 0.090000
