10 0.784000 0.124000 0.040000 0.048000
2 0.255000 0.424000 0.090000 0.128000
10 0.377000 0.185000 0.034000 0.042000
10 0.390000 0.079000 0.032000 0.042000
2 0.176000 0.272000 0.084000 0.088000
10 0.693000 0.899000 0.038000 0.042000
10 0.636000 0.823000 0.040000 0.046000
2 0.269000 0.277000 0.090000 0.094000
10 0.443000 0.571000 0.038000 0.050000
10 0.744000 0.096000 0.036000 0.044000
10 0.539000 0.830000 0.050000 0.060000
10 0.872000 0.193000 0.040000 0.046000
10 0.969000 0.262000 0.042000 0.048000
10 0.668000 0.862000 0.032000 0.040000
10 0.656000 0.165000 0.036000 0.046000
10 0.316000 0.262000 0.032000 0.036000
10 0.800000 0.275000 0.036000 0.042000
10 0.017000 0.791000 0.034000 0.046000
10 0.388000 0.631000 0.052000 0.058000
10 0.078000 0.875000 0.036000 0.046000
10 0.432000 0.689000 0.040000 0.054000
10 0.346000 0.578000 0.032000 0.036000
10 0.104000 0.909000 0.036000 0.042000
10 0.707000 0.212000 0.038000 0.040000
10 0.082000 0.228000 0.044000 0.052000
6 0.141000 0.957000 0.046000 0.054000
10 0.765000 0.982000 0.042000 0.032000
10 0.306000 0.190000 0.040000 0.052000
10 0.048000 0.833000 0.040000 0.046000
1 0.437000 0.269000 0.206000 0.222000
1 0.596000 0.097000 0.280000 0.194000
1 0.707000 0.548000 0.582000 0.144000
10 0.929000 0.235000 0.038000 0.050000
10 0.934000 0.416000 0.020000 0.052000
1 0.196000 0.116000 0.376000 0.232000
10 0.980000 0.412000 0.020000 0.040000
1 0.412000 0.837000 0.388000 0.322000
10 0.835000 0.161000 0.042000 0.050000
10 0.911000 0.413000 0.018000 0.038000
10 0.292000 0.507000 0.036000 0.038000
10 0.890000 0.415000 0.024000 0.042000
1 0.045000 0.975000 0.090000 0.046000
