1 0.286000 0.551000 0.136000 0.166000
1 0.807000 0.296000 0.134000 0.100000
1 0.655000 0.050000 0.098000 0.100000
1 0.638000 0.267000 0.120000 0.122000
1 0.421000 0.865000 0.082000 0.110000
1 0.890000 0.550000 0.144000 0.120000
1 0.111000 0.545000 0.110000 0.110000
1 0.922000 0.313000 0.080000 0.086000
1 0.871000 0.125000 0.106000 0.122000
1 0.684000 0.950000 0.100000 0.096000
1 0.171000 0.354000 0.118000 0.124000
1 0.218000 0.165000 0.108000 0.114000
1 0.402000 0.204000 0.112000 0.084000
1 0.275000 0.052000 0.138000 0.104000
10 0.212000 0.680000 0.048000 0.036000
1 0.918000 0.427000 0.080000 0.070000
10 0.545000 0.798000 0.046000 0.032000
1 0.293000 0.839000 0.138000 0.098000
10 0.619000 0.821000 0.046000 0.034000
10 0.634000 0.925000 0.036000 0.046000
10 0.429000 0.756000 0.046000 0.032000
10 0.476000 0.772000 0.048000 0.036000
1 0.790000 0.121000 0.064000 0.114000
10 0.158000 0.663000 0.044000 0.034000
10 0.074000 0.630000 0.036000 0.032000
10 0.116000 0.645000 0.040000 0.034000
10 0.786000 0.918000 0.044000 0.032000
1 0.897000 0.850000 0.138000 0.092000
10 0.380000 0.740000 0.048000 0.036000
10 0.338000 0.724000 0.044000 0.032000
1 0.545000 0.424000 0.074000 0.104000
10 0.036000 0.616000 0.040000 0.032000
1 0.027000 0.138000 0.054000 0.092000
1 0.851000 0.980000 0.094000 0.036000
10 0.008000 0.601000 0.016000 0.030000
1 0.992000 0.912000 0.012000 0.084000
1 0.678000 0.372000 0.088000 0.112000
1 0.790000 0.816000 0.092000 0.080000
1 0.619000 0.729000 0.138000 0.134000
1 0.989000 0.186000 0.018000 0.104000
