1 0.205000 0.635000 0.126000 0.126000
1 0.170000 0.888000 0.124000 0.112000
1 0.216000 0.776000 0.116000 0.120000
1 0.046000 0.738000 0.092000 0.144000
1 0.797000 0.756000 0.134000 0.116000
10 0.356000 0.673000 0.028000 0.042000
1 0.480620 0.689000 0.181240 0.230000
10 0.396000 0.633000 0.032000 0.046000
10 0.404000 0.499000 0.032000 0.046000
2 0.101000 0.184000 0.066000 0.080000
1 0.018000 0.585000 0.036000 0.114000
10 0.312000 0.751000 0.024000 0.050000
6 0.410000 0.576000 0.040000 0.060000
1 0.431000 0.911000 0.266000 0.174000
10 0.320000 0.707000 0.028000 0.046000
1 0.088000 0.465000 0.136000 0.162000
10 0.271000 0.893000 0.026000 0.038000
1 0.909000 0.971000 0.098000 0.054000
1 0.032000 0.913000 0.064000 0.078000
1 0.288000 0.536000 0.096000 0.112000
10 0.300000 0.798000 0.028000 0.052000
10 0.382000 0.580000 0.024000 0.040000
1 0.652460 0.686310 0.236920 0.204620
10 0.430920 0.516620 0.033840 0.049240
2 0.440310 0.420920 0.124620 0.093840
