1 0.955000 0.784000 0.086000 0.152000
1 0.603000 0.409000 0.118000 0.118000
1 0.945000 0.931000 0.106000 0.134000
1 0.592000 0.106000 0.120000 0.116000
1 0.897000 0.477000 0.146000 0.118000
1 0.696000 0.879000 0.108000 0.122000
1 0.671000 0.622000 0.158000 0.136000
1 0.867000 0.058000 0.126000 0.112000
1 0.489000 0.869000 0.110000 0.110000
1 0.568000 0.211000 0.128000 0.118000
1 0.598000 0.024000 0.108000 0.048000
1 0.945000 0.301000 0.106000 0.086000
1 0.916000 0.679000 0.120000 0.074000
10 0.749000 0.499000 0.026000 0.046000
10 0.705000 0.118000 0.034000 0.044000
10 0.796000 0.909000 0.028000 0.042000
10 0.768000 0.629000 0.028000 0.046000
1 0.694000 0.975000 0.120000 0.046000
10 0.779000 0.717000 0.030000 0.054000
1 0.955000 0.183000 0.086000 0.106000
1 0.920000 0.601000 0.156000 0.094000
10 0.690000 0.008000 0.028000 0.016000
1 0.520000 0.318000 0.088000 0.112000
