1 0.876000 0.915000 0.244000 0.166000
2 0.703000 0.084000 0.094000 0.056000
2 0.686000 0.698000 0.088000 0.056000
2 0.753000 0.779000 0.046000 0.078000
10 0.851000 0.010000 0.046000 0.020000
1 0.887000 0.141670 0.222000 0.207340
1 0.247000 0.931000 0.178000 0.134000
10 0.915000 0.024000 0.046000 0.032000
10 0.686000 0.164000 0.024000 0.056000
1 0.048000 0.911000 0.096000 0.174000
10 0.978000 0.048000 0.040000 0.032000
10 0.677000 0.281000 0.022000 0.050000
1 0.071000 0.486000 0.142000 0.136000
1 0.498000 0.429000 0.280000 0.250000
6 0.975000 0.018000 0.046000 0.032000
1 0.099000 0.772000 0.142000 0.120000
10 0.711000 0.236000 0.018000 0.028000
1 0.590040 0.095820 0.140080 0.187640
2 0.649000 0.023000 0.042000 0.046000
2 0.779000 0.007000 0.042000 0.014000
1 0.555000 0.870000 0.138000 0.168000
10 0.747000 0.235000 0.022000 0.038000
1 0.029000 0.145000 0.058000 0.274000
1 0.409000 0.738000 0.166000 0.144000
1 0.578730 0.694300 0.133460 0.228600
1 0.215140 0.387870 0.338280 0.323740
1 0.112320 0.624500 0.224640 0.185000
1 0.555110 0.286180 0.198220 0.256360
1 0.284780 0.142280 0.269560 0.232560
1 0.861330 0.301330 0.134660 0.122660
1 0.872000 0.479330 0.188000 0.126660
1 0.866000 0.587330 0.200000 0.142660
1 0.850670 0.701330 0.177340 0.126660
