12 0.564000 0.329000 0.156000 0.274000
12 0.405000 0.387000 0.174000 0.262000
10 0.053000 0.466000 0.042000 0.048000
2 0.201000 0.775000 0.106000 0.070000
10 0.559000 0.738000 0.046000 0.032000
2 0.264000 0.961000 0.152000 0.074000
2 0.330000 0.835000 0.064000 0.134000
10 0.091000 0.520000 0.034000 0.040000
10 0.955000 0.627000 0.050000 0.042000
6 0.539000 0.625000 0.070000 0.046000
10 0.779000 0.680000 0.042000 0.036000
10 0.316500 0.320880 0.045000 0.033760
10 0.304000 0.287000 0.048000 0.034000
6 0.410000 0.765000 0.076000 0.042000
10 0.117000 0.871000 0.050000 0.042000
6 0.408250 0.646000 0.072500 0.040000
6 0.401000 0.608000 0.058000 0.040000
10 0.136000 0.830000 0.044000 0.032000
10 0.711000 0.693000 0.046000 0.038000
1 0.832000 0.243000 0.332000 0.486000
10 0.393000 0.891000 0.050000 0.042000
1 0.041000 0.749000 0.082000 0.138000
10 0.465000 0.774000 0.046000 0.040000
10 0.603000 0.695000 0.050000 0.042000
10 0.047000 0.929000 0.046000 0.038000
10 0.689000 0.953000 0.038000 0.046000
10 0.713000 0.947000 0.030000 0.050000
10 0.771000 0.956000 0.030000 0.040000
10 0.778000 0.907000 0.032000 0.046000
10 0.386000 0.969000 0.032000 0.050000
10 0.147000 0.613000 0.034000 0.042000
6 0.982000 0.955000 0.032000 0.062000
10 0.512000 0.973000 0.048000 0.042000
10 0.921000 0.772000 0.046000 0.044000
10 0.849630 0.966630 0.031260 0.041260
10 0.870250 0.959250 0.032500 0.042500
10 0.858500 0.920750 0.025000 0.037500
10 0.875880 0.912130 0.023760 0.036260
10 0.894500 0.948620 0.025000 0.041240
10 0.913000 0.922000 0.042000 0.032000
10 0.925000 0.950000 0.038000 0.032000
10 0.935000 0.814000 0.046000 0.036000
6 0.234620 0.824130 0.061240 0.044260
10 0.949000 0.987000 0.046000 0.022000
6 0.471000 0.679000 0.058000 0.038000
10 0.597000 0.888000 0.046000 0.036000
10 0.826000 0.975000 0.032000 0.046000
10 0.962000 0.846000 0.036000 0.036000
6 0.415000 0.670000 0.062000 0.036000
6 0.888000 0.737000 0.064000 0.042000
10 0.982000 0.879000 0.032000 0.038000
10 0.308000 0.989000 0.036000 0.018000
10 0.794380 0.950500 0.028760 0.045000
10 0.810000 0.932000 0.028000 0.040000
10 0.814000 0.889000 0.028000 0.046000
6 0.751000 0.969000 0.034000 0.042000
10 0.641000 0.871000 0.042000 0.042000
10 0.836380 0.930880 0.028760 0.033760
6 0.838120 0.881750 0.036240 0.047500
10 0.856380 0.869130 0.028760 0.046260
10 0.895000 0.870000 0.034000 0.028000
6 0.478250 0.650750 0.072500 0.037500
6 0.466000 0.622000 0.056000 0.040000
10 0.989000 0.649000 0.018000 0.034000
10 0.418000 0.698000 0.036000 0.020000
10 0.735000 0.929000 0.030000 0.038000
10 0.908630 0.756380 0.041260 0.028760
