1 0.327000 0.522000 0.154000 0.176000
10 0.584000 0.143000 0.024000 0.042000
10 0.839000 0.243000 0.062000 0.030000
6 0.557000 0.270000 0.034000 0.060000
10 0.673000 0.200000 0.042000 0.028000
10 0.168000 0.054000 0.048000 0.032000
10 0.463000 0.619000 0.026000 0.054000
1 0.675000 0.656000 0.158000 0.288000
1 0.896000 0.429000 0.204000 0.314000
6 0.493000 0.464000 0.030000 0.056000
1 0.645000 0.894000 0.162000 0.208000
1 0.049690 0.469930 0.099380 0.175860
1 0.251000 0.730000 0.266000 0.296000
10 0.442000 0.803000 0.020000 0.042000
10 0.792000 0.942000 0.032000 0.060000
1 0.057000 0.920000 0.114000 0.156000
1 0.096430 0.284180 0.144860 0.204360
1 0.055480 0.731300 0.110960 0.090600
1 0.029380 0.615180 0.058760 0.138360
1 0.337480 0.357080 0.138960 0.178160
1 0.726840 0.415520 0.145680 0.191040
1 0.223950 0.278490 0.143900 0.136980
1 0.222000 0.931000 0.220000 0.138000
1 0.901360 0.771200 0.194720 0.282400
