1 0.423000 0.101000 0.302000 0.202000
1 0.048000 0.885000 0.096000 0.106000
1 0.117000 0.611000 0.194000 0.194000
10 0.191000 0.114000 0.034000 0.044000
10 0.516000 0.715000 0.032000 0.050000
10 0.125000 0.744000 0.034000 0.028000
10 0.877000 0.919000 0.050000 0.042000
2 0.675000 0.946000 0.082000 0.068000
10 0.049000 0.793000 0.042000 0.034000
10 0.241000 0.080000 0.038000 0.048000
10 0.449000 0.482000 0.034000 0.044000
10 0.400920 0.809490 0.041840 0.062980
10 0.184000 0.031000 0.036000 0.046000
10 0.293000 0.659000 0.034000 0.050000
1 0.205000 0.820000 0.182000 0.144000
10 0.315000 0.700000 0.034000 0.052000
10 0.361000 0.301000 0.034000 0.054000
2 0.818000 0.966000 0.056000 0.064000
10 0.506000 0.594000 0.032000 0.044000
1 0.727400 0.536000 0.526800 0.656000
6 0.449000 0.598000 0.054000 0.068000
10 0.682000 0.111000 0.060000 0.050000
10 0.183000 0.362000 0.038000 0.056000
