1 0.899000 0.552000 0.198000 0.200000
1 0.059000 0.189000 0.118000 0.222000
1 0.571000 0.335000 0.358000 0.222000
1 0.086000 0.686000 0.172000 0.244000
1 0.221000 0.489000 0.198000 0.206000
1 0.243000 0.097000 0.258000 0.194000
10 0.761000 0.109000 0.050000 0.034000
1 0.908000 0.263000 0.180000 0.210000
1 0.576000 0.835000 0.328000 0.218000
1 0.865000 0.754000 0.130000 0.176000
1 0.686000 0.030000 0.200000 0.060000
1 0.973000 0.932000 0.050000 0.132000
1 0.338150 0.777230 0.192300 0.178460
1 0.838460 0.907540 0.216920 0.183080
1 0.408310 0.506770 0.184620 0.141540
1 0.460460 0.068460 0.236920 0.136920
