1 0.114000 0.520000 0.100000 0.116000
1 0.227000 0.156000 0.138000 0.104000
1 0.751000 0.197000 0.126000 0.138000
1 0.489000 0.408000 0.094000 0.120000
1 0.636000 0.230000 0.116000 0.148000
1 0.430000 0.715000 0.112000 0.106000
1 0.211000 0.864000 0.090000 0.112000
1 0.108000 0.169000 0.068000 0.078000
1 0.537000 0.264000 0.090000 0.140000
1 0.957000 0.795000 0.082000 0.110000
1 0.582000 0.641000 0.076000 0.126000
1 0.666000 0.879000 0.084000 0.102000
10 0.900000 0.095000 0.052000 0.034000
1 0.662000 0.641000 0.092000 0.106000
1 0.473000 0.126000 0.090000 0.104000
10 0.865000 0.627000 0.046000 0.042000
1 0.018000 0.236000 0.036000 0.100000
10 0.789000 0.085000 0.042000 0.030000
10 0.585000 0.069000 0.034000 0.026000
1 0.946000 0.969000 0.096000 0.058000
10 0.476000 0.012000 0.048000 0.024000
1 0.761000 0.560000 0.170000 0.084000
1 0.459000 0.286000 0.070000 0.092000
10 0.490000 0.065000 0.044000 0.026000
10 0.913000 0.601000 0.042000 0.038000
1 0.286000 0.041000 0.124000 0.082000
1 0.976000 0.193000 0.044000 0.090000
1 0.295000 0.410000 0.146000 0.080000
10 0.589000 0.016000 0.042000 0.024000
10 0.444000 0.058000 0.044000 0.032000
2 0.499000 0.858000 0.066000 0.088000
10 0.364000 0.026000 0.048000 0.028000
1 0.307000 0.631000 0.102000 0.126000
10 0.754000 0.035000 0.056000 0.030000
1 0.895000 0.194000 0.126000 0.104000
10 0.308000 0.978000 0.036000 0.032000
1 0.554000 0.973000 0.132000 0.050000
10 0.982000 0.545000 0.032000 0.038000
1 0.830000 0.837000 0.068000 0.118000
1 0.739000 0.866000 0.074000 0.144000
1 0.858000 0.396000 0.144000 0.172000
1 0.331000 0.310000 0.062000 0.128000
1 0.948000 0.017000 0.100000 0.034000
1 0.481000 0.624000 0.066000 0.092000
10 0.821000 0.652000 0.042000 0.036000
1 0.012000 0.948000 0.024000 0.100000
