1 0.797000 0.903000 0.186000 0.122000
1 0.548000 0.489000 0.424000 0.386000
10 0.755000 0.266000 0.050000 0.040000
10 0.924000 0.774000 0.048000 0.028000
10 0.563000 0.973000 0.030000 0.046000
10 0.771000 0.762000 0.042000 0.032000
10 0.819000 0.765000 0.046000 0.030000
10 0.874000 0.771000 0.048000 0.030000
10 0.925000 0.146000 0.062000 0.048000
10 0.644000 0.206000 0.052000 0.028000
6 0.569000 0.259000 0.054000 0.026000
10 0.662000 0.290000 0.052000 0.024000
10 0.717000 0.757000 0.054000 0.030000
10 0.708000 0.291000 0.044000 0.030000
10 0.360000 0.209000 0.048000 0.030000
10 0.661000 0.751000 0.046000 0.026000
1 0.719000 0.102000 0.254000 0.204000
1 0.197000 0.876500 0.394000 0.245000
10 0.139500 0.447000 0.027000 0.038000
10 0.116000 0.489500 0.020000 0.035000
10 0.138000 0.553000 0.044000 0.030000
10 0.235500 0.504000 0.023000 0.036000
10 0.164000 0.449500 0.024000 0.043000
10 0.190000 0.449500 0.020000 0.047000
10 0.237500 0.456500 0.027000 0.041000
10 0.203000 0.321500 0.026000 0.047000
10 0.303500 0.606500 0.027000 0.049000
10 0.107500 0.602500 0.023000 0.049000
10 0.157500 0.604000 0.031000 0.044000
10 0.346500 0.272500 0.053000 0.021000
10 0.151500 0.316000 0.023000 0.040000
10 0.264000 0.456500 0.024000 0.045000
10 0.099000 0.314500 0.026000 0.045000
10 0.125500 0.312500 0.031000 0.041000
10 0.070000 0.315500 0.028000 0.043000
10 0.259500 0.502000 0.027000 0.048000
1 0.451500 0.089000 0.155000 0.174000
10 0.172000 0.315500 0.028000 0.043000
10 0.286000 0.509000 0.020000 0.038000
10 0.223500 0.602500 0.031000 0.049000
10 0.731000 0.683500 0.030000 0.039000
10 0.566000 0.284500 0.044000 0.025000
10 0.212000 0.449500 0.028000 0.043000
10 0.298500 0.233500 0.033000 0.023000
10 0.082500 0.607500 0.025000 0.035000
10 0.332000 0.509500 0.020000 0.039000
10 0.156500 0.393500 0.045000 0.027000
10 0.982000 0.611500 0.032000 0.043000
10 0.934500 0.603500 0.029000 0.043000
10 0.519000 0.100000 0.022000 0.040000
1 0.277500 0.082500 0.195000 0.165000
10 0.868000 0.635000 0.032000 0.050000
10 0.780000 0.592000 0.032000 0.040000
1 0.516000 0.914500 0.108000 0.169000
10 0.654000 0.556500 0.048000 0.053000
10 0.983000 0.556500 0.034000 0.029000
10 0.245000 0.604500 0.030000 0.045000
1 0.091000 0.080000 0.182000 0.160000
1 0.797490 0.459930 0.226980 0.211860
