1 0.197000 0.669000 0.254000 0.418000
1 0.887000 0.123000 0.166000 0.146000
10 0.163000 0.284000 0.042000 0.032000
6 0.291000 0.415000 0.058000 0.034000
10 0.404000 0.281000 0.028000 0.046000
1 0.518000 0.756000 0.176000 0.136000
6 0.617000 0.342000 0.058000 0.032000
10 0.883000 0.378000 0.038000 0.032000
10 0.816000 0.368000 0.040000 0.024000
10 0.274000 0.115000 0.024000 0.038000
10 0.925000 0.388000 0.046000 0.032000
1 0.345000 0.151000 0.118000 0.206000
10 0.434000 0.289000 0.028000 0.046000
2 0.223000 0.229000 0.074000 0.058000
1 0.896000 0.978000 0.204000 0.040000
1 0.641000 0.241000 0.310000 0.122000
1 0.728000 0.971000 0.088000 0.054000
1 0.746000 0.587000 0.180000 0.166000
1 0.549000 0.592000 0.226000 0.232000
1 0.101000 0.138000 0.202000 0.168000
10 0.283000 0.071000 0.026000 0.042000
1 0.879000 0.280000 0.222000 0.132000
1 0.710000 0.865000 0.096000 0.138000
1 0.976000 0.792000 0.044000 0.144000
10 0.368000 0.415000 0.048000 0.030000
10 0.536000 0.359000 0.044000 0.030000
1 0.920000 0.609000 0.156000 0.162000
