1 0.050000 0.418000 0.100000 0.124000
1 0.253000 0.348000 0.130000 0.152000
1 0.237000 0.837000 0.118000 0.102000
1 0.543000 0.442000 0.190000 0.132000
1 0.323000 0.615000 0.110000 0.102000
1 0.643000 0.100000 0.110000 0.100000
1 0.220000 0.085000 0.136000 0.114000
1 0.419000 0.277000 0.150000 0.110000
1 0.807000 0.343000 0.098000 0.114000
1 0.684000 0.747000 0.112000 0.086000
10 0.569000 0.251000 0.046000 0.046000
10 0.504000 0.182000 0.044000 0.040000
1 0.804000 0.023000 0.156000 0.046000
10 0.388000 0.058000 0.048000 0.048000
10 0.810000 0.827000 0.028000 0.046000
10 0.621000 0.310000 0.050000 0.048000
1 0.691000 0.950000 0.106000 0.080000
10 0.716000 0.483000 0.036000 0.042000
10 0.695000 0.435000 0.042000 0.054000
10 0.552000 0.881000 0.052000 0.034000
1 0.969000 0.334000 0.058000 0.108000
10 0.307000 0.909000 0.034000 0.050000
1 0.417000 0.880000 0.114000 0.088000
10 0.253000 0.727000 0.030000 0.046000
2 0.807000 0.715000 0.070000 0.042000
1 0.187000 0.959000 0.150000 0.078000
10 0.220000 0.627000 0.024000 0.042000
10 0.823000 0.923000 0.026000 0.042000
10 0.104000 0.250000 0.028000 0.044000
10 0.561000 0.932000 0.050000 0.024000
10 0.325000 0.008000 0.038000 0.016000
1 0.754000 0.187000 0.148000 0.114000
1 0.511000 0.761000 0.126000 0.162000
1 0.961000 0.618000 0.074000 0.264000
1 0.581000 0.030000 0.162000 0.060000
1 0.418000 0.959000 0.080000 0.078000
1 0.045000 0.746000 0.090000 0.180000
10 0.331000 0.987000 0.030000 0.022000
2 0.833000 0.547000 0.046000 0.070000
10 0.763000 0.939000 0.054000 0.030000
10 0.194000 0.657000 0.028000 0.046000
1 0.975000 0.836000 0.046000 0.148000
10 0.948000 0.989000 0.028000 0.018000
10 0.040000 0.012000 0.024000 0.024000
10 0.139000 0.353000 0.022000 0.042000
