10 0.438000 0.717000 0.048000 0.046000
10 0.933000 0.643000 0.042000 0.046000
10 0.219000 0.599000 0.050000 0.050000
10 0.482000 0.826000 0.052000 0.052000
10 0.197000 0.138000 0.050000 0.040000
10 0.127000 0.499000 0.046000 0.046000
10 0.064000 0.416000 0.052000 0.052000
10 0.338000 0.605000 0.044000 0.046000
10 0.610000 0.925000 0.048000 0.046000
10 0.374000 0.348000 0.052000 0.044000
10 0.740000 0.606000 0.076000 0.064000
10 0.601000 0.839000 0.046000 0.042000
10 0.295000 0.228000 0.046000 0.044000
10 0.429000 0.671000 0.042000 0.046000
10 0.654000 0.837000 0.052000 0.046000
10 0.016000 0.448000 0.032000 0.036000
10 0.615000 0.881000 0.046000 0.042000
10 0.017000 0.489000 0.034000 0.046000
6 0.664000 0.424000 0.072000 0.068000
6 0.357000 0.700000 0.062000 0.052000
6 0.580000 0.448000 0.060000 0.056000
6 0.016000 0.038000 0.032000 0.064000
5 0.319000 0.278000 0.086000 0.064000
10 0.698000 0.945000 0.044000 0.042000
10 0.023000 0.006000 0.046000 0.012000
6 0.571000 0.485000 0.062000 0.054000
10 0.497000 0.361000 0.042000 0.034000
