1 0.844000 0.585000 0.096000 0.106000
1 0.576000 0.682000 0.116000 0.124000
1 0.165000 0.655000 0.102000 0.106000
1 0.372000 0.876000 0.112000 0.124000
1 0.551000 0.411000 0.118000 0.102000
1 0.715000 0.795000 0.106000 0.102000
1 0.553000 0.952000 0.114000 0.092000
1 0.655000 0.165000 0.106000 0.114000
1 0.705000 0.559000 0.098000 0.110000
1 0.909000 0.279000 0.098000 0.102000
1 0.493000 0.536000 0.122000 0.128000
6 0.154000 0.561000 0.052000 0.042000
2 0.039000 0.414000 0.070000 0.060000
1 0.784000 0.232000 0.096000 0.104000
1 0.476000 0.647000 0.084000 0.082000
10 0.487000 0.785000 0.042000 0.046000
1 0.083000 0.117000 0.162000 0.166000
10 0.125000 0.298000 0.034000 0.036000
10 0.778000 0.820000 0.032000 0.032000
10 0.156000 0.247000 0.032000 0.046000
10 0.036000 0.361000 0.032000 0.038000
1 0.968000 0.862000 0.060000 0.116000
10 0.157000 0.508000 0.046000 0.036000
1 0.321000 0.091000 0.110000 0.090000
10 0.571000 0.839000 0.042000 0.042000
10 0.693000 0.851000 0.046000 0.038000
1 0.272000 0.316000 0.156000 0.116000
1 0.079000 0.934000 0.126000 0.128000
1 0.964000 0.687000 0.068000 0.098000
10 0.830000 0.946000 0.040000 0.032000
10 0.228000 0.612000 0.036000 0.032000
10 0.772000 0.070000 0.044000 0.040000
10 0.484000 0.722000 0.040000 0.028000
10 0.271000 0.056000 0.030000 0.044000
1 0.264620 0.491850 0.149240 0.107700
10 0.219000 0.545000 0.038000 0.038000
6 0.064000 0.316000 0.044000 0.056000
10 0.566000 0.772000 0.040000 0.036000
1 0.155000 0.444000 0.094000 0.104000
1 0.723000 0.330000 0.134000 0.108000
1 0.827000 0.874000 0.130000 0.092000
1 0.726000 0.973000 0.176000 0.050000
1 0.355000 0.582000 0.098000 0.100000
10 0.791000 0.924000 0.038000 0.028000
1 0.545690 0.076150 0.195380 0.152300
10 0.267850 0.648000 0.047700 0.040000
1 0.066920 0.628310 0.133840 0.224620
