1 0.158000 0.119000 0.316000 0.238000
1 0.947000 0.158000 0.102000 0.316000
1 0.806000 0.701000 0.384000 0.594000
6 0.529000 0.536000 0.030000 0.056000
6 0.578000 0.878000 0.028000 0.056000
5 0.500710 0.152270 0.069420 0.036540
10 0.493000 0.112000 0.050000 0.032000
10 0.534000 0.473000 0.024000 0.054000
10 0.592790 0.070610 0.053580 0.029220
10 0.594000 0.040000 0.052000 0.032000
10 0.366000 0.031000 0.044000 0.030000
6 0.492000 0.957000 0.032000 0.074000
10 0.571000 0.461000 0.022000 0.054000
10 0.242000 0.354000 0.036000 0.048000
10 0.434000 0.370000 0.032000 0.048000
6 0.588000 0.769000 0.028000 0.050000
10 0.935000 0.408000 0.038000 0.028000
6 0.522000 0.610000 0.028000 0.056000
10 0.580000 0.633000 0.024000 0.046000
6 0.508000 0.762000 0.028000 0.064000
10 0.129830 0.259920 0.031660 0.043840
10 0.193560 0.266040 0.031120 0.044080
6 0.738000 0.152000 0.032000 0.068000
10 0.469000 0.377000 0.038000 0.054000
10 0.250000 0.266000 0.036000 0.040000
10 0.276880 0.363230 0.037760 0.058460
10 0.308000 0.365000 0.040000 0.050000
6 0.612000 0.483000 0.032000 0.062000
10 0.407660 0.287140 0.035320 0.046280
10 0.433000 0.281000 0.038000 0.042000
10 0.652000 0.027000 0.048000 0.026000
10 0.573000 0.932000 0.026000 0.052000
10 0.024000 0.830000 0.020000 0.040000
10 0.499000 0.060000 0.046000 0.028000
10 0.159040 0.260650 0.038080 0.045300
10 0.841000 0.324000 0.046000 0.024000
10 0.881000 0.405000 0.050000 0.030000
6 0.600000 0.678000 0.028000 0.052000
6 0.820000 0.152000 0.032000 0.068000
10 0.049000 0.830000 0.022000 0.040000
10 0.568000 0.985000 0.028000 0.026000
6 0.500000 0.881000 0.028000 0.062000
6 0.714000 0.009000 0.060000 0.018000
10 0.500000 0.014000 0.044000 0.028000
10 0.346000 0.284000 0.032000 0.036000
10 0.288000 0.276000 0.032000 0.044000
10 0.006000 0.827000 0.012000 0.046000
10 0.096480 0.257700 0.036960 0.051400
10 0.878000 0.263000 0.028000 0.050000
10 0.898000 0.331000 0.056000 0.030000
10 0.503000 0.823000 0.022000 0.038000
10 0.839000 0.403000 0.034000 0.030000
10 0.596000 0.007000 0.048000 0.014000
6 0.514000 0.686000 0.028000 0.060000
1 0.074620 0.574740 0.149240 0.445480
1 0.305200 0.742380 0.382400 0.188760
5 0.172270 0.615930 0.036540 0.071860
5 0.498530 0.183050 0.073060 0.034100
5 0.758020 0.390530 0.112040 0.045060
