1 0.701000 0.229000 0.410000 0.454000
1 0.407000 0.917000 0.442000 0.162000
6 0.666000 0.851000 0.056000 0.074000
10 0.522000 0.765000 0.056000 0.042000
10 0.249000 0.821000 0.050000 0.034000
6 0.937000 0.938000 0.042000 0.056000
10 0.305000 0.798000 0.042000 0.032000
10 0.350000 0.777000 0.044000 0.038000
10 0.793000 0.830000 0.050000 0.040000
10 0.397000 0.752000 0.042000 0.032000
10 0.098000 0.878000 0.040000 0.036000
10 0.955000 0.678000 0.050000 0.032000
10 0.783000 0.622000 0.050000 0.032000
10 0.518000 0.705000 0.044000 0.030000
10 0.479000 0.786000 0.042000 0.036000
10 0.844000 0.614000 0.044000 0.036000
10 0.668000 0.478000 0.044000 0.032000
10 0.055000 0.897000 0.046000 0.038000
10 0.395000 0.827000 0.050000 0.038000
10 0.901000 0.689000 0.046000 0.030000
10 0.857000 0.955000 0.042000 0.034000
10 0.017000 0.917000 0.034000 0.042000
10 0.900000 0.489000 0.032000 0.050000
10 0.856000 0.501000 0.028000 0.050000
10 0.828000 0.418000 0.036000 0.032000
10 0.807000 0.513000 0.034000 0.046000
10 0.710000 0.533000 0.024000 0.042000
10 0.969000 0.412000 0.050000 0.040000
10 0.835000 0.916000 0.050000 0.036000
10 0.056000 0.974000 0.044000 0.032000
10 0.989000 0.871000 0.018000 0.042000
10 0.811000 0.872000 0.042000 0.040000
10 0.916000 0.763000 0.028000 0.046000
10 0.985000 0.751000 0.026000 0.050000
10 0.881000 0.989000 0.042000 0.018000
10 0.756000 0.522000 0.032000 0.056000
5 0.973000 0.584000 0.050000 0.060000
10 0.961000 0.029000 0.046000 0.042000
10 0.989000 0.987000 0.018000 0.022000
10 0.994000 0.668000 0.008000 0.032000
10 0.720000 0.459000 0.032000 0.030000
1 0.989000 0.927000 0.018000 0.142000
10 0.915000 0.029000 0.038000 0.042000
