6 0.783000 0.040000 0.070000 0.048000
2 0.733000 0.425000 0.058000 0.082000
10 0.529000 0.494000 0.042000 0.036000
10 0.298000 0.616000 0.052000 0.032000
2 0.726000 0.529000 0.064000 0.106000
6 0.807000 0.271000 0.050000 0.030000
10 0.175000 0.592000 0.050000 0.036000
2 0.941000 0.701000 0.114000 0.042000
10 0.978000 0.935000 0.024000 0.046000
10 0.413000 0.532000 0.046000 0.036000
6 0.433000 0.619000 0.058000 0.038000
2 0.940000 0.768000 0.088000 0.036000
10 0.782000 0.183000 0.056000 0.038000
6 0.802000 0.236000 0.052000 0.036000
10 0.991000 0.021000 0.014000 0.026000
1 0.952000 0.147000 0.092000 0.210000
10 0.978000 0.992000 0.024000 0.012000
10 0.773000 0.013000 0.046000 0.026000
10 0.864000 0.321000 0.036000 0.022000
5 0.182970 0.541530 0.117940 0.051060
6 0.798930 0.208410 0.049860 0.032820
