1 0.366000 0.309000 0.728000 0.614000
6 0.439000 0.823000 0.070000 0.054000
10 0.715000 0.828000 0.042000 0.048000
2 0.931000 0.308000 0.070000 0.092000
10 0.773000 0.742000 0.046000 0.060000
10 0.841000 0.654000 0.038000 0.044000
10 0.411000 0.871000 0.046000 0.042000
10 0.747000 0.786000 0.042000 0.048000
6 0.168000 0.886000 0.056000 0.052000
6 0.271000 0.839000 0.038000 0.062000
6 0.307000 0.932000 0.046000 0.052000
10 0.205000 0.869000 0.050000 0.046000
6 0.085000 0.973000 0.058000 0.050000
6 0.324000 0.752000 0.052000 0.060000
10 0.948000 0.495000 0.036000 0.046000
10 0.904000 0.557000 0.040000 0.050000
10 0.591000 0.118000 0.038000 0.036000
10 0.967000 0.851000 0.038000 0.046000
10 0.008000 0.932000 0.016000 0.040000
10 0.904000 0.953000 0.040000 0.046000
1 0.982000 0.257000 0.032000 0.182000
1 0.924000 0.853000 0.148000 0.290000
10 0.304000 0.989000 0.044000 0.018000
1 0.063000 0.835000 0.126000 0.210000
