6 0.430000 0.381000 0.060000 0.046000
10 0.271000 0.155000 0.038000 0.038000
10 0.398000 0.338000 0.044000 0.044000
6 0.757000 0.683000 0.042000 0.042000
6 0.032000 0.072000 0.048000 0.040000
10 0.009000 0.013000 0.018000 0.026000
1 0.089000 0.213000 0.178000 0.234000
5 0.367000 0.129000 0.082000 0.102000
6 0.748570 0.656570 0.045140 0.045140
6 0.726050 0.631960 0.056100 0.043920
6 0.634300 0.473440 0.036600 0.054880
10 0.439520 0.409520 0.039040 0.039040
10 0.383960 0.313180 0.043920 0.046360
10 0.416740 0.360740 0.041480 0.041480
10 0.527250 0.357180 0.030500 0.046360
