1 0.101000 0.253000 0.202000 0.306000
2 0.791000 0.083000 0.110000 0.090000
1 0.203000 0.746000 0.198000 0.236000
10 0.298000 0.323000 0.032000 0.042000
10 0.246000 0.179000 0.032000 0.042000
10 0.982000 0.723000 0.032000 0.042000
10 0.130000 0.017000 0.036000 0.034000
10 0.707000 0.950000 0.038000 0.032000
10 0.743000 0.984000 0.042000 0.028000
10 0.811000 0.028000 0.042000 0.052000
1 0.597000 0.596000 0.250000 0.212000
10 0.086000 0.075000 0.036000 0.042000
10 0.187000 0.096000 0.042000 0.052000
10 0.715000 0.017000 0.042000 0.034000
10 0.140000 0.155000 0.036000 0.038000
10 0.167000 0.183000 0.038000 0.034000
10 0.117000 0.120000 0.034000 0.032000
1 0.468000 0.136000 0.524000 0.272000
10 0.051000 0.027000 0.046000 0.054000
1 0.892000 0.030000 0.212000 0.060000
10 0.216000 0.140000 0.032000 0.044000
1 0.874000 0.548000 0.248000 0.236000
1 0.226000 0.941000 0.336000 0.114000
5 0.964000 0.367000 0.068000 0.114000
10 0.812000 0.166000 0.052000 0.072000
10 0.297000 0.254000 0.034000 0.036000
1 0.737090 0.825070 0.202180 0.206140
1 0.407430 0.677140 0.274860 0.190280
1 0.518820 0.844160 0.261640 0.260320
