1 0.930000 0.940000 0.128000 0.116000
1 0.601000 0.803000 0.130000 0.134000
1 0.816000 0.888000 0.108000 0.120000
1 0.209000 0.881000 0.338000 0.170000
1 0.888000 0.118000 0.196000 0.180000
1 0.723000 0.598000 0.126000 0.116000
1 0.023000 0.353000 0.046000 0.218000
1 0.895000 0.370000 0.182000 0.164000
1 0.825000 0.661000 0.078000 0.082000
10 0.186000 0.913000 0.044000 0.034000
1 0.378000 0.989000 0.156000 0.018000
1 0.386000 0.221000 0.744000 0.442000
1 0.070000 0.552000 0.140000 0.192000
1 0.791000 0.788000 0.074000 0.068000
1 0.535500 0.877670 0.107000 0.103340
1 0.642110 0.687670 0.108220 0.103340
3 0.405760 0.615290 0.403520 0.410580
