1 0.835000 0.076000 0.310000 0.152000
1 0.142000 0.636000 0.284000 0.180000
1 0.109000 0.934000 0.218000 0.128000
1 0.534000 0.741850 0.292000 0.411700
1 0.213000 0.052000 0.422000 0.104000
1 0.174000 0.313000 0.348000 0.210000
10 0.827000 0.658000 0.038000 0.060000
6 0.086540 0.834490 0.033080 0.048980
10 0.116000 0.835000 0.024000 0.050000
6 0.273850 0.549810 0.039700 0.051620
6 0.300000 0.553000 0.036000 0.050000
6 0.060000 0.812000 0.036000 0.052000
1 0.525000 0.068000 0.162000 0.136000
10 0.130000 0.733000 0.024000 0.042000
10 0.070000 0.721000 0.024000 0.046000
1 0.889910 0.855970 0.203820 0.287940
2 0.800000 0.770000 0.064000 0.068000
6 0.317000 0.453000 0.030000 0.050000
10 0.874000 0.448000 0.028000 0.048000
10 0.008000 0.807000 0.016000 0.042000
1 0.754000 0.386000 0.260000 0.300000
10 0.263000 0.440000 0.026000 0.044000
10 0.197000 0.753000 0.022000 0.046000
10 0.100000 0.726000 0.028000 0.048000
10 0.162000 0.745000 0.024000 0.046000
10 0.006000 0.708000 0.012000 0.056000
1 0.954000 0.586000 0.092000 0.308000
