1 0.679000 0.272000 0.186000 0.176000
1 0.821000 0.941000 0.142000 0.114000
1 0.516000 0.652000 0.140000 0.128000
1 0.874000 0.104000 0.120000 0.104000
1 0.943000 0.554000 0.110000 0.132000
1 0.721000 0.412000 0.110000 0.112000
1 0.868000 0.753000 0.116000 0.102000
10 0.499000 0.212000 0.046000 0.036000
10 0.953000 0.894000 0.038000 0.032000
10 0.881000 0.393000 0.034000 0.046000
1 0.485750 0.404500 0.387500 0.265000
10 0.661000 0.531000 0.054000 0.038000
1 0.539000 0.770000 0.126000 0.108000
10 0.766000 0.623000 0.032000 0.046000
10 0.468000 0.066000 0.044000 0.040000
10 0.862000 0.436000 0.032000 0.040000
10 0.415000 0.174000 0.046000 0.036000
6 0.705000 0.762000 0.042000 0.056000
10 0.541000 0.132000 0.046000 0.036000
10 0.832000 0.484000 0.036000 0.048000
10 0.719000 0.715000 0.034000 0.042000
1 0.184000 0.159000 0.108000 0.094000
10 0.978000 0.200000 0.040000 0.060000
10 0.131000 0.980000 0.034000 0.036000
1 0.973000 0.410000 0.050000 0.164000
6 0.568000 0.911000 0.036000 0.054000
1 0.301000 0.571000 0.186000 0.098000
1 0.415500 0.923380 0.155000 0.138760
1 0.375000 0.975000 0.142000 0.046000
10 0.614000 0.939000 0.028000 0.030000
1 0.098000 0.288000 0.196000 0.348000
2 0.034000 0.784000 0.068000 0.052000
6 0.692000 0.515000 0.060000 0.042000
10 0.183000 0.037000 0.050000 0.034000
1 0.950000 0.985000 0.096000 0.026000
1 0.340000 0.448000 0.136000 0.140000
1 0.484000 0.867000 0.152000 0.098000
6 0.820500 0.819880 0.105000 0.103760
1 0.917630 0.046250 0.111260 0.092500
11 0.728130 0.054250 0.056260 0.052500
11 0.629380 0.344750 0.058760 0.057500
