1 0.234630 0.747250 0.469260 0.334500
6 0.719000 0.513000 0.062000 0.062000
1 0.878000 0.120000 0.240000 0.240000
6 0.277630 0.608250 0.051260 0.032500
10 0.310000 0.557000 0.044000 0.034000
1 0.931000 0.941000 0.134000 0.114000
10 0.901000 0.231000 0.038000 0.046000
6 0.137000 0.516000 0.058000 0.040000
10 0.864000 0.354000 0.036000 0.040000
10 0.767000 0.382000 0.038000 0.044000
10 0.893000 0.320000 0.038000 0.040000
10 0.677000 0.480000 0.042000 0.040000
10 0.828000 0.393000 0.036000 0.038000
10 0.561000 0.650000 0.042000 0.024000
10 0.865000 0.272000 0.038000 0.040000
10 0.490000 0.651000 0.048000 0.038000
10 0.791000 0.435000 0.038000 0.042000
10 0.030000 0.482000 0.044000 0.036000
6 0.250000 0.545000 0.052000 0.038000
2 0.631000 0.599000 0.106000 0.070000
1 0.311000 0.434000 0.254000 0.220000
6 0.336000 0.613000 0.072000 0.042000
6 0.652000 0.909000 0.064000 0.070000
6 0.939000 0.194000 0.046000 0.044000
5 0.072000 0.559000 0.112000 0.054000
1 0.641120 0.760370 0.206240 0.148740
10 0.714000 0.692000 0.052000 0.032000
10 0.837000 0.304000 0.038000 0.040000
1 0.787750 0.815630 0.147500 0.191260
2 0.857000 0.705000 0.042000 0.070000
10 0.757000 0.702000 0.042000 0.028000
1 0.754000 0.291380 0.140000 0.158760
10 0.805000 0.338000 0.038000 0.044000
1 0.636000 0.402000 0.180000 0.176000
1 0.039000 0.075000 0.078000 0.150000
10 0.761000 0.467000 0.034000 0.042000
1 0.299120 0.156000 0.342240 0.312000
1 0.982000 0.392000 0.032000 0.252000
5 0.201130 0.591130 0.106260 0.046260
1 0.510750 0.508630 0.217500 0.121260
1 0.036880 0.385880 0.073760 0.123760
1 0.128000 0.410130 0.160000 0.136260
1 0.503380 0.218130 0.398760 0.436260
