1 0.606000 0.624000 0.212000 0.204000
1 0.046000 0.469000 0.092000 0.106000
1 0.266000 0.352000 0.088000 0.092000
1 0.435000 0.636000 0.154000 0.136000
10 0.232000 0.028000 0.052000 0.028000
1 0.869000 0.205000 0.202000 0.130000
2 0.559000 0.043000 0.102000 0.054000
2 0.684000 0.378000 0.076000 0.056000
6 0.038000 0.554000 0.060000 0.028000
6 0.538000 0.442000 0.052000 0.036000
10 0.023000 0.047000 0.046000 0.026000
10 0.310000 0.020000 0.052000 0.028000
10 0.069000 0.105000 0.042000 0.026000
1 0.135000 0.014000 0.114000 0.028000
1 0.052000 0.195000 0.104000 0.122000
10 0.089000 0.041000 0.038000 0.026000
10 0.271000 0.085000 0.042000 0.030000
1 0.045000 0.013000 0.066000 0.026000
10 0.140000 0.037000 0.044000 0.026000
1 0.952000 0.030000 0.092000 0.060000
10 0.328000 0.080000 0.060000 0.032000
1 0.108000 0.750000 0.116000 0.092000
1 0.021000 0.740000 0.042000 0.140000
1 0.124000 0.419000 0.108000 0.186000
1 0.448150 0.321850 0.292300 0.167700
1 0.229230 0.670770 0.138460 0.121540
1 0.809690 0.063840 0.115380 0.127680
1 0.738620 0.082920 0.109240 0.113840
1 0.891080 0.045380 0.106160 0.090760
1 0.867380 0.533690 0.150760 0.155380
1 0.478150 0.135380 0.172300 0.110760
1 0.185760 0.164710 0.083520 0.069420
1 0.296120 0.160240 0.068240 0.076480
1 0.214000 0.274350 0.060000 0.084700
1 0.116710 0.196350 0.069420 0.124700
