2 0.198000 0.244000 0.068000 0.116000
2 0.449000 0.045000 0.102000 0.090000
10 0.257000 0.277000 0.034000 0.042000
10 0.266000 0.122000 0.040000 0.044000
10 0.229000 0.158000 0.042000 0.044000
10 0.074000 0.471000 0.036000 0.042000
10 0.365000 0.029000 0.042000 0.054000
10 0.435000 0.104000 0.034000 0.036000
10 0.072000 0.327000 0.036000 0.034000
6 0.017000 0.391000 0.034000 0.046000
10 0.045000 0.354000 0.038000 0.040000
10 0.548000 0.008000 0.040000 0.016000
10 0.041000 0.505000 0.030000 0.034000
10 0.111000 0.291000 0.050000 0.046000
