1 0.839000 0.947000 0.134000 0.102000
1 0.900000 0.560000 0.124000 0.156000
1 0.478000 0.218000 0.596000 0.316000
1 0.943000 0.909000 0.110000 0.142000
10 0.120000 0.112000 0.032000 0.044000
10 0.024000 0.335000 0.032000 0.038000
10 0.075000 0.180000 0.030000 0.032000
1 0.917000 0.177000 0.162000 0.346000
6 0.038000 0.216000 0.040000 0.044000
1 0.371000 0.819000 0.738000 0.214000
10 0.776000 0.163000 0.028000 0.030000
1 0.874000 0.700000 0.112000 0.136000
10 0.013000 0.255000 0.026000 0.034000
10 0.094000 0.325000 0.040000 0.022000
