1 0.336000 0.688000 0.124000 0.112000
1 0.096000 0.232000 0.092000 0.140000
1 0.518000 0.126000 0.112000 0.080000
1 0.107000 0.593000 0.114000 0.162000
1 0.386000 0.346000 0.100000 0.084000
1 0.909000 0.176000 0.126000 0.108000
1 0.543000 0.041000 0.106000 0.082000
1 0.449000 0.452000 0.110000 0.096000
1 0.592000 0.731000 0.120000 0.066000
1 0.190000 0.331000 0.112000 0.098000
1 0.289000 0.786000 0.106000 0.084000
1 0.516000 0.267000 0.140000 0.122000
1 0.689000 0.907000 0.130000 0.130000
1 0.867000 0.553000 0.142000 0.106000
1 0.849000 0.865000 0.154000 0.094000
1 0.260000 0.115000 0.104000 0.074000
10 0.349000 0.143000 0.030000 0.042000
10 0.142000 0.871000 0.032000 0.050000
1 0.075000 0.027000 0.134000 0.054000
10 0.273000 0.474000 0.034000 0.052000
1 0.833000 0.671000 0.074000 0.130000
1 0.968000 0.374000 0.060000 0.148000
1 0.863000 0.028000 0.162000 0.056000
1 0.615000 0.219000 0.074000 0.078000
1 0.975000 0.528000 0.046000 0.072000
1 0.046000 0.823000 0.092000 0.194000
1 0.261000 0.978000 0.102000 0.040000
10 0.242000 0.575000 0.028000 0.050000
1 0.516000 0.992000 0.096000 0.012000
1 0.966000 0.606000 0.064000 0.084000
1 0.021000 0.322000 0.042000 0.080000
1 0.668000 0.006000 0.136000 0.012000
1 0.150620 0.413230 0.129240 0.098460
1 0.140920 0.492310 0.113840 0.084620
1 0.949080 0.905080 0.086160 0.146160
