1 0.239000 0.742000 0.194000 0.180000
1 0.791000 0.148000 0.122000 0.124000
1 0.502000 0.435000 0.172000 0.182000
1 0.971000 0.945000 0.054000 0.106000
1 0.765000 0.487000 0.246000 0.254000
1 0.948000 0.299000 0.100000 0.110000
10 0.443000 0.094000 0.038000 0.040000
1 0.061000 0.393000 0.122000 0.214000
10 0.393000 0.199000 0.038000 0.038000
10 0.454000 0.241000 0.040000 0.038000
1 0.258000 0.064000 0.220000 0.128000
1 0.628000 0.094000 0.120000 0.116000
1 0.086000 0.945000 0.172000 0.106000
1 0.985000 0.807000 0.026000 0.126000
1 0.582000 0.010000 0.140000 0.020000
1 0.280000 0.242000 0.212000 0.204000
1 0.573000 0.832000 0.602000 0.332000
