1 0.486000 0.456000 0.136000 0.132000
1 0.190000 0.360000 0.120000 0.116000
1 0.761000 0.238000 0.134000 0.144000
1 0.828000 0.767000 0.112000 0.130000
1 0.075000 0.328000 0.118000 0.124000
1 0.165000 0.729000 0.158000 0.162000
1 0.619000 0.093000 0.130000 0.138000
1 0.685000 0.712000 0.130000 0.128000
1 0.532000 0.913000 0.112000 0.106000
1 0.909000 0.370000 0.134000 0.156000
1 0.952000 0.906000 0.092000 0.148000
1 0.113000 0.964000 0.122000 0.068000
1 0.078000 0.177000 0.156000 0.162000
1 0.426000 0.860000 0.132000 0.128000
10 0.454000 0.723000 0.044000 0.042000
10 0.607000 0.830000 0.050000 0.044000
10 0.308000 0.623000 0.044000 0.046000
10 0.651000 0.857000 0.046000 0.042000
10 0.410000 0.693000 0.044000 0.038000
1 0.437000 0.037000 0.126000 0.074000
10 0.955000 0.169000 0.050000 0.050000
10 0.119000 0.490000 0.046000 0.044000
10 0.818000 0.088000 0.056000 0.048000
1 0.508000 0.592000 0.156000 0.168000
10 0.813000 0.965000 0.046000 0.042000
1 0.361000 0.240000 0.086000 0.092000
10 0.156000 0.518000 0.032000 0.036000
1 0.048000 0.548000 0.096000 0.096000
10 0.991000 0.203000 0.014000 0.038000
1 0.093000 0.012000 0.174000 0.024000
1 0.409560 0.393030 0.147120 0.158060
1 0.827130 0.313230 0.142260 0.126460
1 0.634340 0.610340 0.144680 0.144680
