1 0.104000 0.346000 0.132000 0.124000
1 0.268000 0.819000 0.104000 0.110000
1 0.631000 0.592000 0.106000 0.204000
1 0.943000 0.918000 0.110000 0.116000
1 0.566000 0.246000 0.088000 0.076000
1 0.786000 0.668000 0.100000 0.104000
1 0.439000 0.314000 0.158000 0.108000
1 0.523000 0.489000 0.082000 0.122000
1 0.668000 0.069000 0.088000 0.122000
1 0.202000 0.157000 0.144000 0.086000
10 0.624000 0.767000 0.048000 0.038000
1 0.113000 0.840000 0.086000 0.124000
1 0.392000 0.086000 0.064000 0.144000
1 0.075000 0.043000 0.110000 0.086000
1 0.475000 0.971000 0.086000 0.054000
10 0.759000 0.800000 0.038000 0.028000
1 0.622000 0.843000 0.180000 0.134000
1 0.907000 0.684000 0.074000 0.120000
10 0.484000 0.643000 0.024000 0.046000
1 0.418000 0.899000 0.088000 0.098000
10 0.297000 0.752000 0.054000 0.032000
6 0.816000 0.099000 0.032000 0.058000
10 0.475000 0.760000 0.034000 0.024000
1 0.192000 0.895000 0.060000 0.126000
1 0.091000 0.527000 0.178000 0.122000
1 0.192000 0.013000 0.128000 0.026000
10 0.559000 0.663000 0.026000 0.050000
1 0.516000 0.017000 0.088000 0.034000
1 0.906000 0.017000 0.120000 0.034000
1 0.014000 0.879000 0.028000 0.130000
1 0.750000 0.063000 0.092000 0.126000
6 0.862000 0.138000 0.060000 0.040000
1 0.784000 0.470000 0.208000 0.196000
1 0.798000 0.869000 0.080000 0.102000
10 0.020000 0.684000 0.040000 0.028000
1 0.957000 0.269000 0.082000 0.118000
1 0.980000 0.714000 0.036000 0.124000
1 0.299000 0.496000 0.206000 0.156000
1 0.985000 0.030000 0.026000 0.060000
10 0.020000 0.613000 0.024000 0.050000
1 0.975000 0.552000 0.046000 0.192000
