1 0.661000 0.259000 0.102000 0.130000
1 0.564000 0.169000 0.100000 0.122000
1 0.485000 0.065000 0.122000 0.130000
1 0.337000 0.962000 0.150000 0.072000
1 0.374000 0.095000 0.116000 0.138000
1 0.521000 0.416000 0.114000 0.196000
1 0.169000 0.295000 0.138000 0.162000
1 0.451000 0.740000 0.106000 0.140000
10 0.119000 0.054000 0.046000 0.040000
10 0.037000 0.106000 0.042000 0.040000
1 0.964000 0.235000 0.068000 0.102000
1 0.043000 0.276000 0.086000 0.104000
1 0.150000 0.952000 0.172000 0.092000
1 0.936000 0.028000 0.124000 0.056000
10 0.222000 0.008000 0.044000 0.016000
1 0.008000 0.894000 0.016000 0.116000
1 0.892000 0.924000 0.212000 0.148000
