1 0.256000 0.204000 0.180000 0.252000
1 0.081000 0.270000 0.154000 0.152000
1 0.440000 0.411000 0.192000 0.214000
1 0.057000 0.874000 0.114000 0.248000
2 0.348000 0.798000 0.084000 0.080000
10 0.691000 0.898000 0.034000 0.028000
1 0.867000 0.046000 0.162000 0.092000
10 0.117000 0.547000 0.034000 0.042000
6 0.075000 0.484000 0.042000 0.048000
1 0.913000 0.515000 0.170000 0.170000
1 0.800000 0.947000 0.156000 0.102000
10 0.042000 0.446000 0.028000 0.032000
1 0.068000 0.023000 0.120000 0.046000
10 0.098000 0.429000 0.040000 0.046000
1 0.606000 0.205000 0.396000 0.246000
1 0.968000 0.306000 0.060000 0.280000
6 0.016000 0.398000 0.032000 0.048000
1 0.034000 0.531000 0.068000 0.158000
10 0.223000 0.964000 0.026000 0.052000
