1 0.033290 0.358140 0.062580 0.160280
10 0.072000 0.749000 0.040000 0.030000
1 0.354860 0.926860 0.185720 0.145720
1 0.629140 0.815570 0.214280 0.367140
1 0.830860 0.669860 0.165720 0.135720
1 0.265000 0.438000 0.198000 0.216000
1 0.468000 0.570000 0.108000 0.124000
1 0.858000 0.457000 0.124000 0.166000
1 0.200000 0.831000 0.236000 0.254000
1 0.534000 0.195000 0.108000 0.102000
1 0.500000 0.088000 0.164000 0.124000
10 0.230000 0.580000 0.040000 0.040000
1 0.278000 0.145000 0.140000 0.170000
1 0.401000 0.465000 0.086000 0.086000
10 0.140000 0.535000 0.036000 0.046000
10 0.515000 0.671000 0.022000 0.046000
10 0.197000 0.533000 0.034000 0.042000
1 0.481000 0.277000 0.126000 0.078000
10 0.541000 0.550000 0.026000 0.048000
10 0.502000 0.775000 0.024000 0.042000
10 0.562000 0.424000 0.024000 0.044000
10 0.603000 0.193000 0.022000 0.046000
10 0.183000 0.190000 0.022000 0.040000
10 0.205000 0.058000 0.022000 0.048000
10 0.571000 0.378000 0.022000 0.044000
1 0.804000 0.253000 0.388000 0.502000
10 0.557000 0.467000 0.022000 0.042000
1 0.300000 0.029000 0.136000 0.058000
1 0.050000 0.106000 0.100000 0.200000
10 0.154000 0.592000 0.024000 0.036000
10 0.978000 0.361000 0.024000 0.026000
1 0.424000 0.756000 0.100000 0.108000
1 0.966000 0.766000 0.064000 0.116000
10 0.019000 0.731000 0.038000 0.038000
1 0.525000 0.354000 0.098000 0.088000
