1 0.388000 0.157000 0.344000 0.210000
1 0.514000 0.651000 0.248000 0.222000
5 0.045000 0.222000 0.074000 0.128000
1 0.818000 0.462000 0.212000 0.268000
1 0.828000 0.874000 0.232000 0.248000
10 0.209000 0.680000 0.030000 0.048000
1 0.774000 0.122000 0.292000 0.176000
10 0.028000 0.371000 0.040000 0.058000
10 0.102000 0.394000 0.032000 0.048000
10 0.149000 0.517000 0.030000 0.046000
1 0.568000 0.896000 0.176000 0.204000
10 0.099000 0.201000 0.026000 0.046000
10 0.285000 0.855000 0.030000 0.046000
10 0.932000 0.645000 0.024000 0.042000
1 0.427000 0.409000 0.234000 0.206000
10 0.425000 0.012000 0.042000 0.024000
10 0.932000 0.696000 0.024000 0.052000
2 0.955000 0.326000 0.062000 0.044000
10 0.223000 0.016000 0.042000 0.024000
10 0.290000 0.712000 0.032000 0.048000
6 0.934000 0.527000 0.020000 0.046000
1 0.087000 0.837000 0.174000 0.322000
