10 0.141000 0.643000 0.046000 0.046000
1 0.028000 0.931000 0.056000 0.134000
1 0.812000 0.355000 0.180000 0.146000
10 0.086000 0.585000 0.048000 0.042000
1 0.804000 0.933230 0.388000 0.130460
2 0.233000 0.728000 0.078000 0.052000
1 0.296000 0.265000 0.136000 0.138000
10 0.119000 0.802000 0.046000 0.024000
10 0.058000 0.809000 0.048000 0.026000
1 0.091000 0.372000 0.134000 0.112000
1 0.134000 0.934000 0.120000 0.128000
10 0.016000 0.514000 0.032000 0.036000
1 0.396770 0.974690 0.109540 0.045380
1 0.398000 0.570000 0.212000 0.124000
1 0.319000 0.072000 0.162000 0.140000
1 0.537230 0.250620 0.138460 0.169240
1 0.766770 0.039230 0.121540 0.078460
10 0.439080 0.930150 0.046160 0.032300
10 0.165530 0.100310 0.027060 0.052620
