1 0.129000 0.166000 0.254000 0.328000
1 0.693000 0.494000 0.194000 0.456000
1 0.746000 0.141000 0.228000 0.282000
1 0.459000 0.489000 0.226000 0.170000
10 0.830000 0.306000 0.024000 0.044000
1 0.698000 0.767000 0.168000 0.102000
10 0.883000 0.124000 0.038000 0.064000
1 0.405000 0.971000 0.162000 0.054000
1 0.556000 0.892000 0.412000 0.212000
10 0.892000 0.355000 0.036000 0.058000
1 0.968000 0.287000 0.060000 0.230000
1 0.116000 0.559000 0.232000 0.314000
5 0.905090 0.244110 0.054180 0.124220
1 0.928540 0.680450 0.141080 0.196900
1 0.926000 0.884000 0.148000 0.232000
1 0.956000 0.513000 0.088000 0.182000
1 0.286660 0.712820 0.149320 0.261640
1 0.477730 0.190710 0.247460 0.353420
