1 0.131000 0.364000 0.142000 0.132000
1 0.127000 0.790000 0.114000 0.148000
1 0.117000 0.095000 0.126000 0.138000
1 0.724000 0.934000 0.144000 0.128000
10 0.847000 0.712000 0.038000 0.048000
1 0.261000 0.920000 0.110000 0.112000
1 0.425000 0.959000 0.106000 0.078000
1 0.920000 0.536000 0.156000 0.156000
10 0.726000 0.757000 0.036000 0.042000
1 0.483000 0.821000 0.090000 0.098000
1 0.925000 0.139000 0.146000 0.170000
1 0.035000 0.775000 0.070000 0.162000
1 0.399000 0.862000 0.090000 0.088000
1 0.917000 0.952000 0.166000 0.096000
10 0.980000 0.901000 0.036000 0.046000
10 0.973000 0.033000 0.050000 0.062000
1 0.518410 0.483770 0.312820 0.347540
1 0.620000 0.633000 0.084000 0.094000
10 0.759000 0.661000 0.038000 0.046000
1 0.992000 0.332000 0.012000 0.152000
1 0.615000 0.984000 0.174000 0.028000
1 0.658900 0.048180 0.101800 0.096360
1 0.806050 0.056850 0.120100 0.113700
10 0.566580 0.759460 0.041160 0.038920
10 0.702060 0.586600 0.032120 0.045200
