1 0.633000 0.621000 0.122000 0.106000
1 0.138000 0.290000 0.276000 0.192000
1 0.687000 0.523000 0.098000 0.098000
1 0.867000 0.709000 0.106000 0.106000
10 0.908000 0.768000 0.032000 0.036000
1 0.897000 0.598000 0.174000 0.124000
1 0.929000 0.862000 0.138000 0.272000
1 0.651000 0.155000 0.694000 0.310000
10 0.340000 0.116000 0.044000 0.024000
1 0.104000 0.901000 0.208000 0.194000
10 0.652000 0.040000 0.028000 0.048000
10 0.936000 0.733000 0.032000 0.034000
10 0.247000 0.955000 0.022000 0.050000
10 0.271000 0.973000 0.030000 0.050000
1 0.675000 0.828530 0.350000 0.289060
2 0.938000 0.335000 0.056000 0.106000
1 0.395000 0.978000 0.122000 0.040000
10 0.680000 0.036000 0.028000 0.056000
1 0.599000 0.978000 0.154000 0.040000
10 0.333000 0.066000 0.046000 0.024000
1 0.282000 0.661000 0.564000 0.306000
1 0.791000 0.989000 0.122000 0.018000
