1 0.881000 0.819000 0.198000 0.186000
10 0.758000 0.359000 0.028000 0.050000
10 0.541000 0.652000 0.038000 0.048000
1 0.519000 0.294000 0.258000 0.532000
2 0.946000 0.620000 0.080000 0.056000
1 0.283000 0.851650 0.550000 0.291300
1 0.894000 0.978000 0.208000 0.040000
1 0.976000 0.432000 0.044000 0.144000
10 0.786000 0.571000 0.028000 0.042000
10 0.742000 0.303000 0.032000 0.054000
1 0.120730 0.290310 0.241460 0.232620
1 0.173940 0.133930 0.143880 0.111860
1 0.186350 0.527360 0.228700 0.306720
1 0.932940 0.281850 0.133880 0.223700
