1 0.675000 0.645000 0.194000 0.162000
1 0.550000 0.927000 0.128000 0.126000
10 0.883000 0.761000 0.046000 0.042000
10 0.902000 0.813000 0.048000 0.038000
10 0.847000 0.626000 0.046000 0.032000
10 0.372000 0.798000 0.032000 0.052000
10 0.758000 0.064000 0.036000 0.020000
1 0.041000 0.122000 0.082000 0.244000
10 0.749000 0.016000 0.046000 0.032000
1 0.929000 0.337000 0.138000 0.674000
1 0.767000 0.802000 0.194000 0.200000
10 0.867000 0.719000 0.042000 0.034000
10 0.482000 0.753000 0.020000 0.038000
1 0.672000 0.232000 0.256000 0.464000
10 0.991000 0.867000 0.014000 0.042000
10 0.832000 0.575000 0.036000 0.034000
10 0.962000 0.973000 0.020000 0.050000
1 0.436000 0.971000 0.120000 0.054000
1 0.357000 0.985000 0.122000 0.026000
10 0.397000 0.795000 0.022000 0.046000
1 0.982000 0.941000 0.032000 0.114000
