5 0.679000 0.763000 0.094000 0.066000
1 0.554000 0.820000 0.176000 0.144000
10 0.920000 0.844000 0.064000 0.052000
10 0.497000 0.332000 0.050000 0.036000
10 0.389000 0.281000 0.058000 0.050000
10 0.550000 0.361000 0.056000 0.038000
10 0.276000 0.570000 0.040000 0.032000
10 0.849000 0.809000 0.042000 0.038000
10 0.448000 0.310000 0.036000 0.036000
1 0.294000 0.733000 0.396000 0.218000
10 0.504000 0.615000 0.048000 0.038000
1 0.064000 0.570000 0.128000 0.156000
10 0.973000 0.877000 0.050000 0.042000
10 0.426000 0.640000 0.044000 0.032000
1 0.724000 0.893000 0.216000 0.138000
1 0.957000 0.413000 0.082000 0.254000
10 0.091000 0.481000 0.054000 0.038000
1 0.248000 0.104000 0.424000 0.208000
6 0.786000 0.775000 0.064000 0.042000
10 0.601000 0.345000 0.030000 0.026000
10 0.035000 0.451000 0.042000 0.030000
1 0.888000 0.966000 0.196000 0.064000
10 0.004000 0.429000 0.008000 0.034000
1 0.615000 0.173000 0.426000 0.346000
1 0.971000 0.159000 0.054000 0.250000
10 0.653480 0.715150 0.042960 0.034300
