10 0.877000 0.541000 0.042000 0.046000
10 0.344000 0.462000 0.032000 0.052000
10 0.223000 0.363000 0.046000 0.042000
10 0.533000 0.153000 0.042000 0.050000
6 0.411000 0.758000 0.074000 0.056000
10 0.456000 0.671000 0.048000 0.046000
10 0.382000 0.493000 0.040000 0.050000
10 0.719000 0.805000 0.034000 0.046000
10 0.368000 0.819000 0.048000 0.046000
10 0.344000 0.861000 0.052000 0.046000
2 0.652000 0.661000 0.076000 0.046000
10 0.261000 0.404000 0.042000 0.040000
10 0.429000 0.514000 0.034000 0.044000
2 0.089000 0.229000 0.094000 0.086000
2 0.167000 0.120000 0.078000 0.076000
1 0.064000 0.719000 0.128000 0.366000
10 0.374000 0.610000 0.028000 0.044000
10 0.985000 0.805000 0.026000 0.038000
1 0.929000 0.987000 0.138000 0.022000
10 0.019000 0.205000 0.038000 0.050000
