1 0.564000 0.130000 0.136000 0.152000
1 0.603000 0.924000 0.154000 0.148000
1 0.054000 0.261000 0.108000 0.118000
1 0.794000 0.522000 0.144000 0.100000
1 0.440000 0.804000 0.128000 0.112000
1 0.828000 0.766000 0.148000 0.116000
1 0.253000 0.310000 0.174000 0.188000
1 0.879000 0.934000 0.110000 0.104000
1 0.244000 0.527000 0.144000 0.158000
10 0.154000 0.663000 0.040000 0.050000
1 0.247000 0.955000 0.166000 0.086000
1 0.347000 0.684000 0.130000 0.120000
1 0.205000 0.138000 0.098000 0.068000
1 0.735000 0.396000 0.158000 0.160000
10 0.258000 0.815000 0.036000 0.042000
1 0.093500 0.814250 0.135000 0.152500
1 0.048000 0.766000 0.096000 0.116000
10 0.324000 0.893000 0.040000 0.046000
1 0.056000 0.952000 0.112000 0.092000
10 0.227000 0.767000 0.038000 0.046000
10 0.295000 0.224000 0.042000 0.032000
10 0.380000 0.980000 0.036000 0.036000
1 0.985000 0.179000 0.026000 0.090000
1 0.584000 0.014000 0.152000 0.028000
11 0.353000 0.416000 0.070000 0.052000
10 0.034000 0.495000 0.040000 0.054000
10 0.967000 0.245000 0.026000 0.046000
1 0.666000 0.221500 0.140000 0.115000
1 0.679000 0.303630 0.150000 0.111260
1 0.164870 0.857250 0.133740 0.142500
1 0.812500 0.635880 0.165000 0.183760
