1 0.250000 0.483000 0.140000 0.150000
2 0.323000 0.911000 0.094000 0.094000
1 0.171000 0.684000 0.162000 0.156000
2 0.685000 0.088000 0.102000 0.172000
2 0.248000 0.938000 0.068000 0.084000
1 0.134000 0.950000 0.192000 0.096000
2 0.594000 0.155000 0.080000 0.074000
1 0.326000 0.294000 0.132000 0.128000
1 0.396000 0.123000 0.152000 0.098000
2 0.580000 0.021000 0.060000 0.042000
10 0.753000 0.054000 0.038000 0.032000
2 0.271000 0.989000 0.054000 0.018000
2 0.354000 0.982000 0.068000 0.032000
10 0.798000 0.089000 0.032000 0.030000
1 0.018000 0.057000 0.036000 0.114000
1 0.237000 0.016000 0.194000 0.032000
