1 0.165000 0.102000 0.326000 0.136000
1 0.179000 0.739000 0.134000 0.102000
2 0.447000 0.668000 0.090000 0.052000
10 0.111000 0.187000 0.022000 0.046000
10 0.427000 0.374000 0.022000 0.040000
1 0.343000 0.968000 0.110000 0.060000
10 0.165000 0.516000 0.042000 0.024000
10 0.901000 0.574000 0.038000 0.028000
10 0.471000 0.735000 0.022000 0.046000
10 0.948000 0.566000 0.048000 0.032000
10 0.373000 0.622000 0.050000 0.032000
10 0.422000 0.454000 0.020000 0.044000
10 0.468000 0.873000 0.024000 0.046000
10 0.405000 0.960000 0.026000 0.052000
10 0.469000 0.925000 0.022000 0.046000
10 0.406000 0.783000 0.024000 0.050000
1 0.171000 0.408000 0.342000 0.184000
10 0.407000 0.715000 0.026000 0.050000
1 0.537000 0.176000 0.082000 0.108000
10 0.147000 0.180000 0.022000 0.044000
10 0.744000 0.594000 0.048000 0.032000
1 0.842000 0.146000 0.288000 0.292000
1 0.566000 0.987000 0.144000 0.022000
6 0.433000 0.265000 0.030000 0.054000
10 0.244000 0.190000 0.024000 0.040000
1 0.246000 0.987000 0.108000 0.022000
2 0.405000 0.056000 0.054000 0.044000
10 0.994000 0.556000 0.008000 0.032000
10 0.490000 0.332000 0.044000 0.028000
