1 0.721000 0.065000 0.146000 0.126000
1 0.254000 0.153000 0.104000 0.098000
1 0.883000 0.373000 0.230000 0.270000
10 0.365000 0.205000 0.046000 0.026000
2 0.925000 0.126000 0.054000 0.104000
1 0.290500 0.692000 0.281000 0.456000
6 0.320180 0.878330 0.044360 0.052660
10 0.310000 0.844000 0.040000 0.040000
1 0.391000 0.130000 0.118000 0.112000
1 0.653500 0.775500 0.519000 0.291000
6 0.841160 0.789000 0.054320 0.042000
1 0.052000 0.448000 0.104000 0.168000
1 0.181000 0.074000 0.126000 0.132000
2 0.959000 0.018000 0.078000 0.036000
10 0.260000 0.939000 0.028000 0.038000
2 0.980000 0.183000 0.036000 0.062000
1 0.123000 0.894000 0.246000 0.208000
1 0.505000 0.390000 0.554000 0.208000
1 0.877000 0.032000 0.134000 0.064000
10 0.334000 0.994000 0.032000 0.008000
10 0.257000 0.989000 0.026000 0.018000
10 0.886000 0.121000 0.032000 0.026000
1 0.575850 0.073850 0.147700 0.147700
6 0.142030 0.534330 0.072060 0.040660
6 0.541100 0.618180 0.046200 0.056360
6 0.700030 0.878180 0.072060 0.044360
