10 0.284000 0.890000 0.028000 0.048000
1 0.623000 0.088000 0.186000 0.144000
1 0.171000 0.424000 0.178000 0.176000
10 0.132000 0.926000 0.044000 0.040000
10 0.330000 0.987000 0.060000 0.022000
10 0.241000 0.964000 0.054000 0.036000
10 0.206000 0.948000 0.036000 0.028000
10 0.020000 0.872000 0.040000 0.048000
10 0.061000 0.898000 0.038000 0.032000
1 0.561500 0.317000 0.131000 0.134000
1 0.382500 0.883000 0.113000 0.118000
1 0.550000 0.911500 0.160000 0.159000
1 0.254500 0.816000 0.097000 0.128000
1 0.825500 0.229000 0.119000 0.118000
10 0.068500 0.793000 0.033000 0.042000
1 0.377000 0.302500 0.126000 0.097000
1 0.184500 0.778000 0.129000 0.176000
1 0.340500 0.772500 0.101000 0.121000
1 0.394500 0.398000 0.097000 0.100000
1 0.039000 0.731000 0.078000 0.126000
1 0.946500 0.902000 0.093000 0.072000
1 0.738500 0.965500 0.117000 0.067000
1 0.063500 0.608000 0.087000 0.132000
1 0.945000 0.132000 0.098000 0.088000
1 0.651500 0.952000 0.095000 0.096000
1 0.925000 0.086000 0.102000 0.112000
1 0.927000 0.853500 0.134000 0.159000
1 0.903000 0.969000 0.086000 0.058000
1 0.786000 0.973500 0.068000 0.051000
