10 0.037000 0.594000 0.042000 0.040000
10 0.744000 0.207000 0.048000 0.042000
10 0.729000 0.146000 0.042000 0.036000
10 0.180000 0.514000 0.044000 0.044000
10 0.821000 0.130000 0.050000 0.044000
10 0.295000 0.408000 0.046000 0.040000
6 0.377000 0.074000 0.050000 0.076000
10 0.761000 0.321000 0.050000 0.042000
10 0.074000 0.538000 0.044000 0.040000
10 0.549000 0.275000 0.046000 0.042000
10 0.666000 0.371000 0.048000 0.034000
10 0.346000 0.425000 0.056000 0.046000
10 0.021000 0.484000 0.042000 0.032000
10 0.723000 0.351000 0.046000 0.042000
6 0.830000 0.285000 0.068000 0.054000
10 0.989000 0.116000 0.018000 0.040000
1 0.072000 0.064000 0.144000 0.128000
9 0.817570 0.975620 0.111140 0.047240
