1 0.818000 0.920000 0.360000 0.156000
2 0.702000 0.214000 0.148000 0.084000
10 0.483000 0.857000 0.034000 0.050000
10 0.612000 0.405000 0.032000 0.050000
10 0.480000 0.949000 0.032000 0.046000
10 0.543000 0.573000 0.034000 0.054000
10 0.564000 0.650000 0.036000 0.052000
10 0.432000 0.984000 0.032000 0.028000
10 0.514000 0.710000 0.044000 0.060000
6 0.595000 0.504000 0.042000 0.072000
10 0.376000 0.992000 0.032000 0.012000
1 0.906000 0.422000 0.184000 0.320000
1 0.296490 0.454470 0.592980 0.908940
