1 0.291000 0.261000 0.126000 0.134000
1 0.154000 0.158000 0.124000 0.132000
1 0.315000 0.102000 0.118000 0.140000
1 0.709000 0.895000 0.098000 0.106000
1 0.105000 0.671000 0.102000 0.074000
1 0.900000 0.672000 0.116000 0.124000
1 0.742000 0.694000 0.088000 0.084000
1 0.287000 0.566000 0.086000 0.096000
1 0.961000 0.784000 0.074000 0.152000
10 0.427000 0.844000 0.030000 0.040000
10 0.424000 0.504000 0.040000 0.036000
1 0.475000 0.441000 0.138000 0.146000
10 0.422000 0.089000 0.032000 0.038000
10 0.393000 0.054000 0.038000 0.040000
1 0.423000 0.719000 0.098000 0.090000
10 0.204000 0.400000 0.040000 0.040000
10 0.448000 0.807000 0.032000 0.042000
1 0.065000 0.966000 0.098000 0.064000
1 0.543000 0.941000 0.210000 0.114000
6 0.479000 0.763000 0.042000 0.054000
10 0.760000 0.832000 0.052000 0.048000
1 0.680000 0.555000 0.120000 0.130000
1 0.157000 0.580000 0.090000 0.096000
1 0.866000 0.240000 0.264000 0.480000
10 0.971000 0.989000 0.038000 0.018000
1 0.014000 0.589000 0.028000 0.078000
10 0.365000 0.014000 0.038000 0.028000
10 0.803000 0.915000 0.042000 0.046000
1 0.035000 0.353000 0.070000 0.106000
10 0.376000 0.466000 0.056000 0.048000
1 0.161730 0.826040 0.207460 0.220080
10 0.109000 0.194000 0.038000 0.044000
1 0.527000 0.314000 0.082000 0.084000
1 0.830000 0.991000 0.160000 0.014000
1 0.350270 0.645060 0.144540 0.122120
