1 0.600000 0.920000 0.120000 0.156000
1 0.608000 0.562000 0.124000 0.116000
1 0.587000 0.691000 0.122000 0.090000
1 0.151000 0.631000 0.118000 0.070000
1 0.170000 0.052000 0.116000 0.104000
1 0.425000 0.645000 0.098000 0.078000
1 0.310000 0.264000 0.160000 0.084000
10 0.841000 0.240000 0.046000 0.032000
1 0.781000 0.163000 0.186000 0.134000
10 0.276000 0.153000 0.040000 0.026000
10 0.062000 0.112000 0.048000 0.032000
10 0.793000 0.749000 0.042000 0.038000
10 0.698000 0.807000 0.048000 0.034000
1 0.421000 0.511000 0.118000 0.086000
10 0.158000 0.133000 0.032000 0.022000
10 0.056000 0.407000 0.044000 0.034000
10 0.816000 0.613000 0.024000 0.050000
1 0.512000 0.251000 0.076000 0.098000
10 0.929000 0.252000 0.038000 0.032000
10 0.605000 0.491000 0.046000 0.026000
10 0.871000 0.742000 0.022000 0.044000
10 0.871000 0.689000 0.022000 0.046000
10 0.869000 0.633000 0.018000 0.046000
1 0.423000 0.833000 0.106000 0.074000
1 0.943000 0.686000 0.102000 0.108000
1 0.964000 0.961000 0.068000 0.074000
10 0.330000 0.736000 0.052000 0.028000
10 0.818000 0.656000 0.020000 0.036000
10 0.888000 0.244000 0.044000 0.032000
10 0.978000 0.260000 0.040000 0.028000
1 0.521000 0.359000 0.094000 0.066000
6 0.335000 0.391000 0.070000 0.034000
1 0.358000 0.065000 0.116000 0.114000
10 0.823000 0.955000 0.018000 0.050000
10 0.819000 0.843000 0.018000 0.042000
1 0.079000 0.761000 0.078000 0.114000
1 0.019000 0.549000 0.038000 0.074000
10 0.651000 0.498000 0.038000 0.020000
1 0.552000 0.064000 0.080000 0.056000
1 0.154000 0.307000 0.128000 0.098000
1 0.511000 0.539000 0.070000 0.098000
1 0.056000 0.862000 0.072000 0.116000
1 0.726000 0.608000 0.140000 0.172000
1 0.346000 0.982000 0.220000 0.032000
10 0.019000 0.105000 0.038000 0.026000
10 0.698000 0.502000 0.048000 0.024000
10 0.872000 0.800000 0.024000 0.056000
2 0.848000 0.563000 0.060000 0.046000
1 0.013000 0.024000 0.026000 0.048000
1 0.978000 0.171000 0.040000 0.134000
10 0.818000 0.709000 0.020000 0.042000
10 0.447000 0.466000 0.050000 0.028000
1 0.122000 0.952000 0.244000 0.092000
10 0.017000 0.398000 0.034000 0.036000
1 0.532000 0.127000 0.064000 0.062000
