1 0.411000 0.752000 0.110000 0.124000
1 0.451000 0.619000 0.098000 0.102000
1 0.777000 0.037000 0.158000 0.074000
1 0.160000 0.782000 0.128000 0.176000
1 0.183000 0.568000 0.122000 0.148000
1 0.240000 0.426000 0.120000 0.132000
1 0.957000 0.929000 0.082000 0.138000
1 0.758000 0.751000 0.140000 0.142000
1 0.377000 0.858000 0.150000 0.116000
1 0.065000 0.888000 0.122000 0.140000
1 0.575000 0.199000 0.098000 0.114000
1 0.327000 0.089000 0.162000 0.106000
10 0.461000 0.316000 0.030000 0.048000
1 0.082000 0.083000 0.164000 0.166000
10 0.361000 0.536000 0.034000 0.048000
10 0.389000 0.479000 0.030000 0.042000
10 0.422000 0.404000 0.028000 0.036000
1 0.716000 0.401000 0.112000 0.062000
10 0.216000 0.874000 0.032000 0.048000
10 0.288000 0.707000 0.032000 0.046000
10 0.571000 0.060000 0.034000 0.052000
10 0.321000 0.629000 0.030000 0.038000
1 0.879000 0.749000 0.094000 0.122000
10 0.341000 0.585000 0.030000 0.042000
1 0.312000 0.959000 0.144000 0.078000
10 0.197000 0.923000 0.034000 0.050000
10 0.703000 0.811000 0.038000 0.034000
10 0.301000 0.672000 0.030000 0.032000
6 0.758000 0.846000 0.064000 0.036000
1 0.279000 0.290000 0.130000 0.132000
1 0.520000 0.411000 0.164000 0.114000
10 0.702000 0.925000 0.028000 0.046000
6 0.714000 0.263000 0.060000 0.038000
10 0.235000 0.826000 0.038000 0.052000
2 0.031000 0.975000 0.046000 0.046000
6 0.709000 0.207000 0.070000 0.046000
