1 0.659000 0.337000 0.198000 0.286000
1 0.856000 0.651000 0.212000 0.194000
1 0.857000 0.943000 0.190000 0.110000
1 0.463000 0.794000 0.182000 0.144000
10 0.890000 0.169000 0.052000 0.038000
10 0.779000 0.142000 0.050000 0.032000
1 0.343000 0.071000 0.142000 0.142000
1 0.319000 0.268000 0.122000 0.136000
10 0.952000 0.186000 0.056000 0.040000
1 0.129000 0.955000 0.130000 0.086000
1 0.050000 0.046000 0.100000 0.092000
1 0.199000 0.197000 0.114000 0.110000
1 0.336000 0.952000 0.104000 0.092000
10 0.650000 0.932000 0.024000 0.040000
1 0.575000 0.557500 0.186000 0.223000
1 0.966000 0.691000 0.068000 0.186000
1 0.196000 0.580500 0.116000 0.121000
1 0.189000 0.447500 0.122000 0.111000
1 0.270620 0.390150 0.129240 0.112300
