1 0.089000 0.638000 0.178000 0.204000
2 0.919000 0.260000 0.070000 0.060000
10 0.849000 0.789000 0.022000 0.042000
2 0.435000 0.037000 0.094000 0.074000
1 0.391000 0.945000 0.218000 0.106000
1 0.125000 0.065000 0.250000 0.130000
1 0.737000 0.816000 0.198000 0.244000
1 0.454120 0.438210 0.448240 0.352420
10 0.989000 0.539000 0.018000 0.042000
5 0.863960 0.378070 0.187920 0.052140
1 0.240890 0.741410 0.221780 0.234820
1 0.507170 0.795230 0.238340 0.190460
1 0.753990 0.547710 0.163980 0.299420
1 0.233910 0.553510 0.243820 0.211020
6 0.071370 0.248380 0.062740 0.052760
1 0.592000 0.933000 0.236000 0.134000
