1 0.256000 0.887000 0.180000 0.222000
1 0.812000 0.460000 0.272000 0.272000
1 0.540000 0.142000 0.160000 0.164000
1 0.420000 0.247000 0.144000 0.154000
1 0.212000 0.367000 0.136000 0.134000
1 0.243000 0.046000 0.138000 0.092000
10 0.301000 0.158000 0.050000 0.044000
10 0.624000 0.620000 0.036000 0.036000
10 0.517000 0.509000 0.046000 0.046000
1 0.050000 0.538000 0.100000 0.116000
10 0.352000 0.119000 0.044000 0.046000
10 0.106000 0.320000 0.040000 0.040000
10 0.553000 0.549000 0.042000 0.046000
10 0.179000 0.259000 0.042000 0.042000
10 0.953000 0.691000 0.038000 0.034000
10 0.432000 0.561000 0.040000 0.050000
10 0.902000 0.689000 0.036000 0.038000
1 0.950000 0.911000 0.096000 0.174000
10 0.483000 0.615000 0.042000 0.046000
10 0.518000 0.649000 0.036000 0.042000
10 0.466000 0.462000 0.040000 0.036000
10 0.410000 0.726000 0.044000 0.048000
1 0.539000 0.906000 0.094000 0.092000
10 0.468000 0.773000 0.036000 0.046000
10 0.395000 0.440000 0.038000 0.040000
10 0.400000 0.594000 0.040000 0.040000
10 0.066000 0.348000 0.040000 0.044000
10 0.472000 0.022000 0.044000 0.032000
10 0.450000 0.649000 0.032000 0.034000
10 0.374000 0.687000 0.036000 0.042000
1 0.166000 0.584000 0.132000 0.116000
1 0.039000 0.210000 0.078000 0.152000
1 0.028000 0.670000 0.056000 0.120000
10 0.527000 0.007000 0.038000 0.014000
1 0.024000 0.048000 0.048000 0.096000
