1 0.878000 0.232000 0.240000 0.460000
1 0.234000 0.901000 0.212000 0.194000
1 0.457000 0.289000 0.334000 0.578000
1 0.107000 0.625000 0.214000 0.274000
10 0.777000 0.594000 0.046000 0.032000
10 0.827000 0.582000 0.038000 0.028000
1 0.604000 0.822000 0.452000 0.356000
10 0.733000 0.612000 0.042000 0.032000
10 0.689000 0.620000 0.038000 0.028000
10 0.645000 0.642000 0.034000 0.036000
5 0.539000 0.586000 0.106000 0.056000
10 0.915000 0.449000 0.046000 0.034000
10 0.617000 0.589000 0.022000 0.042000
1 0.903330 0.864000 0.190660 0.268000
10 0.610000 0.673000 0.036000 0.042000
10 0.992000 0.426000 0.012000 0.036000
10 0.885000 0.540000 0.042000 0.028000
1 0.084670 0.930000 0.117340 0.140000
