1 0.156000 0.928000 0.104000 0.116000
1 0.700000 0.330000 0.208000 0.356000
1 0.832000 0.915000 0.112000 0.102000
1 0.317000 0.270000 0.154000 0.128000
1 0.664000 0.874000 0.172000 0.084000
1 0.268000 0.688000 0.104000 0.092000
1 0.061000 0.113000 0.122000 0.114000
1 0.837000 0.708000 0.094000 0.112000
1 0.167000 0.686000 0.098000 0.096000
1 0.051000 0.673000 0.098000 0.070000
1 0.726000 0.726000 0.092000 0.156000
1 0.939000 0.703000 0.110000 0.102000
1 0.267000 0.922000 0.098000 0.116000
1 0.662000 0.091000 0.084000 0.102000
10 0.762460 0.145380 0.056920 0.030760
10 0.799860 0.106460 0.031720 0.044920
10 0.810000 0.060000 0.028000 0.044000
10 0.877000 0.069000 0.042000 0.026000
6 0.770000 0.095000 0.052000 0.026000
10 0.754000 0.062000 0.036000 0.024000
1 0.134000 0.253000 0.196000 0.118000
1 0.959000 0.123000 0.078000 0.246000
10 0.228000 0.066000 0.044000 0.024000
10 0.781000 0.040000 0.046000 0.024000
6 0.794000 0.017850 0.060000 0.027700
