1 0.189450 0.498280 0.378900 0.968560
1 0.811370 0.781060 0.374740 0.110120
1 0.809640 0.648210 0.379280 0.160420
6 0.867000 0.245000 0.042000 0.054000
10 0.895000 0.294000 0.034000 0.044000
1 0.805000 0.890000 0.370000 0.116000
10 0.939000 0.370000 0.030000 0.044000
1 0.781000 0.481000 0.278000 0.186000
10 0.742000 0.023000 0.032000 0.046000
10 0.960000 0.411000 0.032000 0.042000
10 0.756000 0.146000 0.032000 0.048000
10 0.774000 0.183000 0.024000 0.034000
10 0.816000 0.160000 0.032000 0.040000
10 0.678000 0.018000 0.032000 0.036000
1 0.534000 0.050000 0.244000 0.100000
6 0.978000 0.485000 0.040000 0.054000
1 0.804000 0.971000 0.380000 0.054000
1 0.665000 0.209000 0.186000 0.194000
10 0.876000 0.358000 0.040000 0.052000
1 0.910000 0.186000 0.176000 0.232000
10 0.793000 0.125000 0.022000 0.022000
10 0.844000 0.206000 0.024000 0.036000
