1 0.215000 0.929000 0.130000 0.138000
1 0.293000 0.067000 0.194000 0.134000
1 0.936000 0.867000 0.124000 0.210000
1 0.950000 0.388000 0.096000 0.108000
1 0.699000 0.127000 0.222000 0.134000
1 0.227000 0.680000 0.138000 0.120000
1 0.218000 0.790000 0.112000 0.120000
1 0.966000 0.587000 0.064000 0.130000
1 0.954000 0.156000 0.088000 0.148000
2 0.110000 0.065000 0.136000 0.054000
1 0.961000 0.710000 0.074000 0.124000
1 0.768000 0.737000 0.120000 0.162000
1 0.272000 0.382000 0.184000 0.272000
10 0.065000 0.585000 0.026000 0.050000
10 0.077000 0.471000 0.026000 0.046000
10 0.858000 0.552000 0.024000 0.052000
10 0.862000 0.470000 0.024000 0.048000
2 0.718000 0.023000 0.060000 0.046000
10 0.876000 0.260000 0.024000 0.048000
10 0.840000 0.934000 0.024000 0.048000
10 0.863000 0.426000 0.022000 0.040000
10 0.903000 0.012000 0.042000 0.024000
1 0.484000 0.980000 0.152000 0.036000
10 0.518000 0.013000 0.044000 0.026000
10 0.063000 0.163000 0.022000 0.046000
10 0.464000 0.008000 0.044000 0.016000
10 0.095000 0.160000 0.026000 0.052000
1 0.351000 0.982000 0.106000 0.032000
1 0.789000 0.244000 0.126000 0.116000
10 0.398000 0.006000 0.044000 0.012000
6 0.844000 0.820000 0.024000 0.052000
10 0.014000 0.982000 0.028000 0.032000
2 0.897000 0.096000 0.082000 0.052000
1 0.724000 0.426000 0.236000 0.248000
1 0.672000 0.987000 0.272000 0.022000
6 0.009000 0.782000 0.018000 0.056000
10 0.082000 0.335000 0.028000 0.050000
1 0.770000 0.603000 0.124000 0.114000
