10 0.258000 0.726000 0.052000 0.048000
6 0.716000 0.840000 0.036000 0.052000
10 0.494000 0.839000 0.040000 0.042000
1 0.081000 0.638000 0.162000 0.224000
10 0.298310 0.744770 0.044620 0.041540
10 0.346000 0.684000 0.044000 0.036000
10 0.672780 0.824660 0.025560 0.049320
10 0.438000 0.726000 0.044000 0.036000
10 0.156000 0.596000 0.044000 0.036000
10 0.240000 0.638000 0.044000 0.036000
10 0.200000 0.617000 0.044000 0.034000
10 0.489000 0.936000 0.046000 0.032000
10 0.308000 0.828000 0.044000 0.036000
10 0.395000 0.707000 0.042000 0.038000
10 0.169000 0.689000 0.034000 0.046000
13 0.615380 0.731380 0.270760 0.150760
10 0.626000 0.800000 0.032000 0.048000
10 0.550640 0.767010 0.029280 0.050020
10 0.566640 0.779180 0.029280 0.046360
10 0.592000 0.781000 0.028000 0.038000
10 0.770000 0.863000 0.032000 0.050000
6 0.559540 0.888920 0.063080 0.053840
10 0.543000 0.869000 0.034000 0.038000
10 0.599000 0.897000 0.042000 0.038000
1 0.154310 0.922000 0.308620 0.152000
10 0.413080 0.813850 0.046160 0.047700
10 0.439010 0.821790 0.050020 0.047580
10 0.365180 0.784130 0.046360 0.040260
10 0.532400 0.958570 0.048800 0.045140
