1 0.225000 0.442000 0.122000 0.108000
1 0.128000 0.915000 0.156000 0.166000
1 0.243000 0.209000 0.114000 0.118000
1 0.823000 0.925000 0.110000 0.130000
1 0.601000 0.224000 0.122000 0.100000
1 0.211000 0.689000 0.122000 0.122000
1 0.230000 0.102000 0.132000 0.096000
1 0.235000 0.318000 0.110000 0.084000
1 0.511000 0.847000 0.098000 0.130000
1 0.444000 0.672000 0.104000 0.080000
1 0.234000 0.583000 0.084000 0.102000
1 0.439000 0.950000 0.214000 0.096000
1 0.066000 0.443000 0.068000 0.138000
1 0.534000 0.533000 0.124000 0.082000
10 0.713000 0.529000 0.046000 0.034000
1 0.888000 0.680000 0.128000 0.212000
1 0.733000 0.803000 0.346000 0.126000
1 0.638000 0.377000 0.128000 0.090000
1 0.929000 0.966000 0.094000 0.064000
10 0.811000 0.591000 0.050000 0.038000
6 0.777000 0.735000 0.054000 0.030000
10 0.795000 0.658000 0.046000 0.032000
10 0.322000 0.263000 0.020000 0.046000
10 0.053000 0.982000 0.042000 0.032000
10 0.300000 0.719000 0.024000 0.042000
10 0.787000 0.708000 0.046000 0.028000
10 0.693000 0.650000 0.038000 0.032000
6 0.292000 0.965000 0.020000 0.050000
10 0.340000 0.012000 0.020000 0.024000
1 0.013000 0.672000 0.026000 0.264000
10 0.013000 0.958000 0.026000 0.036000
1 0.249000 0.800000 0.066000 0.056000
1 0.116000 0.013000 0.092000 0.026000
