1 0.088000 0.242000 0.136000 0.144000
1 0.624000 0.059000 0.224000 0.118000
1 0.719000 0.528000 0.238000 0.240000
10 0.014000 0.892000 0.028000 0.056000
6 0.051000 0.316000 0.046000 0.052000
10 0.772000 0.076000 0.036000 0.040000
2 0.077000 0.784000 0.090000 0.068000
1 0.381000 0.841000 0.130000 0.130000
1 0.263000 0.647000 0.126000 0.138000
10 0.257000 0.731000 0.038000 0.038000
10 0.122000 0.489000 0.028000 0.046000
10 0.127000 0.607000 0.026000 0.042000
1 0.936000 0.073000 0.124000 0.114000
1 0.821000 0.279000 0.134000 0.130000
1 0.421000 0.379000 0.142000 0.126000
1 0.291000 0.938000 0.110000 0.120000
10 0.740000 0.123000 0.036000 0.054000
1 0.501000 0.710000 0.198000 0.228000
10 0.504000 0.423000 0.036000 0.042000
10 0.388000 0.569000 0.040000 0.046000
2 0.178000 0.863000 0.076000 0.078000
10 0.231000 0.763000 0.030000 0.026000
1 0.939000 0.482000 0.082000 0.088000
1 0.028000 0.411000 0.056000 0.130000
1 0.021000 0.712000 0.042000 0.092000
1 0.224000 0.975000 0.104000 0.046000
10 0.114000 0.445000 0.028000 0.034000
1 0.194000 0.363000 0.116000 0.130000
10 0.293000 0.691000 0.038000 0.042000
1 0.370920 0.463640 0.125840 0.111280
1 0.217160 0.474410 0.090320 0.104820
1 0.896000 0.908000 0.208000 0.176000
1 0.897640 0.161990 0.119280 0.127980
1 0.018730 0.547170 0.037460 0.110340
