10 0.763000 0.469000 0.038000 0.058000
10 0.828000 0.592000 0.028000 0.044000
1 0.500000 0.793000 0.096000 0.094000
1 0.235000 0.093000 0.186000 0.186000
1 0.635000 0.453000 0.174000 0.186000
10 0.796000 0.325000 0.024000 0.038000
10 0.847000 0.091000 0.022000 0.038000
10 0.767000 0.562000 0.022000 0.036000
10 0.785000 0.370000 0.026000 0.044000
10 0.852000 0.483000 0.024000 0.042000
6 0.821500 0.205500 0.031000 0.075000
1 0.745500 0.146500 0.131000 0.165000
1 0.251000 0.561000 0.126000 0.110000
1 0.314000 0.782000 0.124000 0.124000
1 0.430500 0.714000 0.177000 0.164000
1 0.489500 0.313000 0.119000 0.122000
1 0.133500 0.460500 0.139000 0.129000
1 0.492000 0.181000 0.120000 0.114000
1 0.057500 0.359000 0.115000 0.130000
1 0.499000 0.883500 0.114000 0.119000
1 0.358000 0.226000 0.140000 0.128000
1 0.676500 0.367500 0.081000 0.079000
1 0.342500 0.644000 0.113000 0.120000
1 0.714000 0.226500 0.120000 0.097000
1 0.174500 0.501500 0.089000 0.099000
1 0.950500 0.501500 0.097000 0.119000
1 0.649500 0.254000 0.095000 0.092000
10 0.859000 0.439000 0.030000 0.050000
10 0.891500 0.313000 0.027000 0.042000
10 0.917000 0.213500 0.026000 0.043000
10 0.932500 0.118000 0.025000 0.036000
1 0.958000 0.385500 0.084000 0.131000
1 0.581000 0.017000 0.106000 0.034000
1 0.418500 0.943500 0.285000 0.111000
10 0.753000 0.519500 0.030000 0.047000
1 0.702000 0.332500 0.088000 0.097000
1 0.948500 0.675500 0.097000 0.279000
10 0.473000 0.015000 0.038000 0.030000
2 0.591500 0.677500 0.083000 0.127000
2 0.746500 0.668500 0.097000 0.117000
2 0.700470 0.946750 0.132940 0.105500
