1 0.726000 0.329000 0.260000 0.198000
2 0.413000 0.198000 0.078000 0.084000
1 0.071000 0.615000 0.094000 0.102000
2 0.717000 0.486000 0.074000 0.080000
1 0.746000 0.789000 0.440000 0.302000
10 0.571000 0.347000 0.042000 0.042000
10 0.399000 0.679000 0.050000 0.038000
10 0.478000 0.239000 0.036000 0.042000
1 0.208000 0.892000 0.332000 0.212000
10 0.448000 0.656000 0.052000 0.036000
10 0.509000 0.273000 0.034000 0.034000
1 0.436000 0.432000 0.424000 0.320000
10 0.911000 0.742000 0.038000 0.040000
10 0.351000 0.700000 0.046000 0.032000
10 0.309000 0.717000 0.050000 0.038000
2 0.486000 0.144000 0.056000 0.072000
10 0.877000 0.707000 0.042000 0.046000
10 0.323000 0.057000 0.046000 0.050000
1 0.943000 0.973000 0.110000 0.050000
10 0.843000 0.661000 0.042000 0.046000
10 0.183000 0.366000 0.038000 0.044000
10 0.973000 0.816000 0.042000 0.052000
1 0.168200 0.226000 0.336400 0.452000
10 0.664000 0.457000 0.032000 0.038000
10 0.258000 0.008000 0.056000 0.016000
10 0.059000 0.471000 0.046000 0.046000
1 0.932940 0.107880 0.133880 0.163760
10 0.987000 0.168000 0.022000 0.036000
1 0.964000 0.381000 0.068000 0.106000
10 0.867000 0.590000 0.042000 0.032000
10 0.542000 0.309000 0.032000 0.038000
1 0.056000 0.709000 0.112000 0.162000
1 0.903000 0.527000 0.194000 0.102000
1 0.507000 0.914000 0.186000 0.172000
1 0.594640 0.132040 0.149280 0.152080
1 0.832410 0.067070 0.216820 0.134140
1 0.726510 0.119750 0.177020 0.107500
1 0.463160 0.059040 0.214320 0.118080
2 0.567740 0.237710 0.071480 0.083420
6 0.830740 0.199030 0.053480 0.030060
