1 0.700000 0.448000 0.136000 0.156000
1 0.868000 0.254000 0.116000 0.104000
1 0.376000 0.693000 0.368000 0.242000
1 0.876000 0.663000 0.136000 0.126000
1 0.631000 0.143000 0.134000 0.178000
1 0.895000 0.444000 0.134000 0.128000
1 0.772000 0.804000 0.220000 0.260000
1 0.390000 0.095000 0.092000 0.134000
1 0.214000 0.408000 0.140000 0.136000
1 0.966000 0.263000 0.064000 0.134000
1 0.531000 0.131000 0.074000 0.098000
10 0.795000 0.336000 0.046000 0.036000
10 0.907000 0.358000 0.046000 0.032000
10 0.913000 0.829000 0.034000 0.042000
10 0.937000 0.786000 0.034000 0.048000
10 0.624000 0.247000 0.048000 0.030000
10 0.888000 0.865000 0.036000 0.046000
10 0.089000 0.230000 0.050000 0.032000
10 0.483000 0.278000 0.042000 0.024000
1 0.733000 0.199000 0.086000 0.102000
10 0.603000 0.302000 0.042000 0.028000
10 0.383000 0.211000 0.046000 0.034000
10 0.373000 0.324000 0.030000 0.040000
1 0.957000 0.957000 0.082000 0.082000
10 0.038000 0.231000 0.040000 0.030000
1 0.807000 0.129000 0.078000 0.086000
1 0.982000 0.506000 0.032000 0.108000
1 0.037000 0.337000 0.074000 0.182000
1 0.067000 0.100000 0.110000 0.104000
1 0.654000 0.985000 0.144000 0.026000
1 0.985000 0.796000 0.026000 0.120000
1 0.188000 0.984000 0.184000 0.028000
1 0.698000 0.017000 0.100000 0.034000
1 0.417000 0.359000 0.118000 0.126000
1 0.050000 0.855000 0.100000 0.186000
1 0.777000 0.050000 0.074000 0.100000
