1 0.164000 0.849000 0.328000 0.254000
1 0.916000 0.505000 0.120000 0.118000
1 0.654000 0.216000 0.124000 0.108000
2 0.346000 0.580000 0.088000 0.152000
1 0.959000 0.221000 0.078000 0.098000
1 0.624000 0.383000 0.112000 0.106000
1 0.703000 0.758000 0.214000 0.260000
1 0.405000 0.936000 0.190000 0.124000
6 0.506000 0.814000 0.032000 0.064000
2 0.448000 0.457000 0.148000 0.050000
10 0.597000 0.509000 0.046000 0.034000
10 0.385000 0.562000 0.046000 0.032000
2 0.500000 0.635000 0.136000 0.070000
1 0.798000 0.537000 0.124000 0.138000
10 0.920000 0.914000 0.036000 0.032000
6 0.093000 0.651000 0.058000 0.038000
10 0.772000 0.409000 0.036000 0.030000
10 0.740000 0.149000 0.028000 0.046000
10 0.793000 0.295000 0.034000 0.046000
10 0.776000 0.248000 0.028000 0.048000
10 0.726000 0.104000 0.028000 0.044000
10 0.487000 0.705000 0.026000 0.050000
1 0.961000 0.772000 0.074000 0.156000
10 0.706000 0.058000 0.032000 0.048000
10 0.526000 0.921000 0.028000 0.046000
10 0.574000 0.731000 0.028000 0.054000
10 0.615000 0.945000 0.026000 0.050000
10 0.881000 0.883000 0.042000 0.046000
10 0.518000 0.872000 0.028000 0.052000
6 0.584000 0.800000 0.032000 0.056000
10 0.596000 0.851000 0.028000 0.046000
10 0.559000 0.805000 0.026000 0.038000
6 0.494000 0.759000 0.028000 0.046000
10 0.688000 0.018000 0.028000 0.036000
1 0.729000 0.975000 0.162000 0.046000
10 0.698000 0.449000 0.036000 0.030000
1 0.980000 0.041000 0.036000 0.082000
10 0.622000 0.985000 0.024000 0.026000
1 0.791000 0.030000 0.094000 0.060000
1 0.152000 0.313000 0.304000 0.622000
10 0.534000 0.962000 0.024000 0.036000
1 0.587000 0.076000 0.110000 0.104000
10 0.540000 0.994000 0.028000 0.008000
1 0.859220 0.121690 0.134440 0.091380
