2 0.193000 0.599000 0.086000 0.142000
6 0.449000 0.685000 0.054000 0.038000
1 0.082000 0.087000 0.164000 0.174000
2 0.077000 0.378000 0.114000 0.076000
10 0.127000 0.531000 0.046000 0.038000
10 0.393000 0.610000 0.050000 0.036000
10 0.165000 0.231000 0.030000 0.050000
10 0.446000 0.631000 0.052000 0.042000
1 0.761000 0.615670 0.478000 0.319340
10 0.025000 0.920000 0.050000 0.036000
10 0.009000 0.678000 0.018000 0.032000
6 0.923000 0.813000 0.062000 0.046000
1 0.030000 0.281000 0.060000 0.174000
1 0.964000 0.163000 0.068000 0.302000
1 0.529330 0.345330 0.414660 0.314660
1 0.230000 0.415000 0.176000 0.206000
10 0.136000 0.934000 0.044000 0.028000
