1 0.913000 0.828000 0.170000 0.168000
10 0.932000 0.432000 0.044000 0.028000
10 0.404000 0.354000 0.052000 0.028000
1 0.068000 0.790000 0.136000 0.268000
10 0.388000 0.016000 0.052000 0.032000
1 0.585000 0.563000 0.282000 0.262000
10 0.514000 0.372000 0.044000 0.024000
6 0.560000 0.057000 0.064000 0.042000
6 0.841000 0.131000 0.066000 0.034000
1 0.256000 0.485000 0.444000 0.270000
1 0.795330 0.515670 0.146660 0.135340
10 0.079000 0.008000 0.050000 0.016000
1 0.911000 0.691000 0.174000 0.126000
1 0.930670 0.547330 0.137340 0.134660
1 0.766000 0.664670 0.152000 0.117340
