1 0.449000 0.897000 0.110000 0.122000
1 0.584000 0.725000 0.144000 0.130000
1 0.122000 0.569000 0.104000 0.110000
1 0.654000 0.095000 0.116000 0.106000
1 0.218000 0.457000 0.108000 0.070000
1 0.917000 0.108000 0.070000 0.132000
1 0.688000 0.832000 0.084000 0.148000
1 0.131000 0.850000 0.078000 0.176000
1 0.341000 0.538000 0.098000 0.088000
1 0.039000 0.770000 0.078000 0.116000
1 0.328000 0.854000 0.132000 0.116000
10 0.190000 0.179000 0.036000 0.026000
1 0.778000 0.037000 0.088000 0.074000
1 0.962000 0.026000 0.072000 0.052000
1 0.465000 0.586000 0.042000 0.092000
10 0.289000 0.176000 0.054000 0.024000
10 0.423000 0.288000 0.018000 0.052000
10 0.296000 0.133000 0.048000 0.022000
1 0.767000 0.590000 0.186000 0.344000
10 0.648000 0.987000 0.056000 0.022000
2 0.731000 0.973000 0.046000 0.050000
10 0.502000 0.994000 0.052000 0.008000
1 0.788000 0.143000 0.040000 0.114000
