1 0.704000 0.611000 0.236000 0.238000
1 0.788000 0.825000 0.124000 0.142000
1 0.059000 0.562000 0.118000 0.144000
2 0.376000 0.254000 0.060000 0.088000
1 0.136000 0.755000 0.176000 0.134000
10 0.285000 0.324000 0.034000 0.048000
6 0.075000 0.348000 0.042000 0.064000
10 0.404000 0.441000 0.036000 0.046000
10 0.369000 0.483000 0.038000 0.050000
10 0.332000 0.246000 0.044000 0.032000
10 0.212000 0.183000 0.036000 0.050000
10 0.429000 0.605000 0.034000 0.046000
10 0.115000 0.975000 0.038000 0.046000
5 0.194040 0.086700 0.064080 0.097400
10 0.231000 0.103000 0.042000 0.050000
1 0.427240 0.089000 0.254480 0.178000
10 0.150000 0.507000 0.032000 0.050000
1 0.973000 0.872000 0.050000 0.116000
1 0.290000 0.947000 0.120000 0.102000
1 0.906000 0.164000 0.184000 0.216000
2 0.909000 0.013000 0.070000 0.026000
10 0.770000 0.039000 0.056000 0.042000
10 0.186000 0.016000 0.032000 0.032000
6 0.640000 0.057000 0.052000 0.042000
10 0.100000 0.410000 0.036000 0.048000
1 0.932000 0.958000 0.124000 0.084000
1 0.681290 0.355000 0.430580 0.346000
1 0.887030 0.751920 0.114060 0.135840
