1 0.431000 0.263000 0.258000 0.270000
10 0.278000 0.607000 0.040000 0.050000
1 0.064000 0.897000 0.128000 0.202000
1 0.641380 0.175770 0.218760 0.351540
6 0.541000 0.277000 0.038000 0.050000
10 0.477000 0.150000 0.030000 0.044000
10 0.169000 0.473000 0.034000 0.046000
10 0.834000 0.846000 0.032000 0.036000
1 0.936000 0.785000 0.124000 0.102000
10 0.700000 0.607000 0.032000 0.042000
10 0.642000 0.610000 0.036000 0.048000
10 0.316000 0.781000 0.032000 0.046000
2 0.075000 0.286000 0.086000 0.080000
10 0.147000 0.425000 0.034000 0.046000
10 0.796000 0.883000 0.036000 0.046000
10 0.113000 0.368000 0.034000 0.040000
10 0.606000 0.413000 0.036000 0.046000
10 0.344000 0.727000 0.032000 0.046000
10 0.840000 0.959000 0.032000 0.050000
10 0.516000 0.227000 0.032000 0.050000
1 0.726000 0.458000 0.120000 0.108000
10 0.668000 0.661000 0.032000 0.046000
10 0.816000 0.809000 0.024000 0.030000
10 0.698000 0.717000 0.036000 0.046000
10 0.582000 0.368000 0.036000 0.048000
10 0.768000 0.830000 0.036000 0.052000
2 0.111000 0.026000 0.074000 0.052000
10 0.055000 0.327000 0.030000 0.034000
10 0.087000 0.436000 0.026000 0.028000
10 0.560000 0.322000 0.028000 0.044000
10 0.157000 0.552000 0.026000 0.032000
1 0.881000 0.696000 0.106000 0.096000
10 0.117000 0.430000 0.026000 0.032000
10 0.733000 0.772000 0.034000 0.048000
1 0.904000 0.109000 0.188000 0.218000
10 0.186000 0.398000 0.028000 0.036000
10 0.862000 0.991000 0.032000 0.014000
1 0.738000 0.037000 0.172000 0.074000
1 0.045000 0.527000 0.090000 0.342000
1 0.980000 0.945000 0.036000 0.106000
1 0.857000 0.374000 0.106000 0.096000
10 0.570000 0.205000 0.024000 0.038000
1 0.186000 0.989000 0.136000 0.018000
1 0.798490 0.556920 0.128980 0.137840
