1 0.715000 0.321000 0.162000 0.126000
1 0.446000 0.194000 0.132000 0.152000
1 0.238000 0.828000 0.120000 0.120000
1 0.468000 0.763000 0.136000 0.122000
1 0.171000 0.501000 0.150000 0.126000
1 0.899000 0.668000 0.198000 0.300000
1 0.175000 0.636000 0.122000 0.116000
1 0.450000 0.591000 0.100000 0.102000
1 0.761000 0.865000 0.126000 0.130000
1 0.319000 0.228000 0.130000 0.128000
1 0.039000 0.945000 0.078000 0.106000
1 0.043000 0.345000 0.086000 0.106000
10 0.884000 0.220000 0.028000 0.048000
1 0.552000 0.442000 0.068000 0.096000
1 0.583000 0.136000 0.130000 0.088000
1 0.638000 0.569000 0.128000 0.130000
1 0.721000 0.071000 0.110000 0.102000
10 0.773000 0.980000 0.046000 0.036000
6 0.042000 0.782000 0.044000 0.064000
1 0.880000 0.018000 0.116000 0.036000
2 0.628000 0.980000 0.092000 0.036000
1 0.376000 0.876000 0.140000 0.088000
1 0.283000 0.957000 0.094000 0.082000
1 0.952000 0.403000 0.092000 0.154000
