10 0.864000 0.978000 0.028000 0.040000
1 0.224000 0.927000 0.204000 0.142000
6 0.462520 0.313650 0.033040 0.051300
10 0.092000 0.632500 0.040000 0.033000
10 0.165000 0.649000 0.026000 0.038000
10 0.194730 0.552720 0.029460 0.049440
10 0.211000 0.501500 0.026000 0.051000
1 0.394310 0.625250 0.332620 0.278500
10 0.358500 0.412500 0.021000 0.041000
1 0.772890 0.637280 0.433780 0.286560
10 0.558540 0.424480 0.021080 0.044960
10 0.583500 0.430000 0.023000 0.044000
10 0.955000 0.926000 0.046000 0.024000
10 0.433000 0.420500 0.022000 0.037000
10 0.608500 0.428500 0.021000 0.033000
10 0.653500 0.432000 0.015000 0.024000
10 0.630500 0.432000 0.021000 0.028000
10 0.959000 0.433500 0.022000 0.035000
10 0.062810 0.917130 0.025620 0.046260
10 0.127000 0.564500 0.026000 0.025000
10 0.169120 0.426150 0.030240 0.024300
10 0.312000 0.406500 0.032000 0.045000
10 0.105890 0.611340 0.027780 0.022680
10 0.122500 0.587000 0.025000 0.030000
10 0.114500 0.671500 0.037000 0.043000
10 0.177000 0.602500 0.038000 0.041000
10 0.048010 0.968790 0.024020 0.041580
10 0.173170 0.402160 0.030340 0.020320
