1 0.813580 0.869890 0.147160 0.151780
6 0.250000 0.543000 0.040000 0.070000
10 0.273000 0.272000 0.034000 0.052000
10 0.703000 0.135000 0.038000 0.034000
10 0.318000 0.350000 0.036000 0.052000
10 0.559000 0.040000 0.046000 0.040000
2 0.482000 0.039000 0.064000 0.078000
5 0.081490 0.858980 0.042980 0.077960
10 0.292000 0.217000 0.036000 0.046000
5 0.084000 0.966000 0.040000 0.064000
10 0.327000 0.180000 0.034000 0.056000
1 0.806460 0.357370 0.168920 0.186740
1 0.896000 0.118000 0.208000 0.236000
10 0.851000 0.228000 0.038000 0.036000
1 0.143000 0.265000 0.286000 0.526000
10 0.492000 0.568000 0.032000 0.028000
1 0.601000 0.938000 0.126000 0.124000
10 0.676000 0.987000 0.028000 0.022000
1 0.524250 0.190760 0.212500 0.209520
10 0.451820 0.552550 0.027640 0.025100
10 0.309820 0.173900 0.031640 0.047800
10 0.930480 0.276940 0.044960 0.037880
10 0.310580 0.248710 0.033160 0.049420
10 0.288850 0.441410 0.041700 0.062820
2 0.400170 0.061910 0.072340 0.075820
1 0.429970 0.403860 0.207940 0.299720
1 0.683240 0.283520 0.146480 0.187040
1 0.934000 0.455000 0.132000 0.206000
1 0.944000 0.665000 0.112000 0.194000
1 0.831170 0.635260 0.158340 0.182520
1 0.733880 0.531270 0.151760 0.214540
1 0.619630 0.460230 0.171260 0.184460
1 0.763460 0.955160 0.122920 0.086320
1 0.348530 0.626010 0.161060 0.164020
1 0.554550 0.719620 0.153100 0.143240
1 0.674760 0.747020 0.137520 0.094040
1 0.655550 0.843710 0.111100 0.143420
1 0.471130 0.900420 0.210260 0.120840
1 0.267310 0.851400 0.174620 0.122800
1 0.362400 0.749170 0.260800 0.170340
1 0.692970 0.055510 0.273940 0.111020
