1 0.228000 0.404000 0.144000 0.172000
1 0.075000 0.050000 0.150000 0.100000
1 0.337000 0.103000 0.130000 0.150000
1 0.572000 0.267000 0.288000 0.234000
1 0.518000 0.961000 0.108000 0.074000
1 0.239000 0.851000 0.478000 0.294000
1 0.484000 0.592000 0.308000 0.260000
10 0.270000 0.678000 0.052000 0.032000
10 0.357000 0.712000 0.042000 0.036000
2 0.039000 0.548000 0.078000 0.060000
10 0.899000 0.911000 0.050000 0.038000
10 0.142000 0.156000 0.032000 0.044000
10 0.452000 0.746000 0.044000 0.032000
10 0.087000 0.306000 0.026000 0.044000
10 0.404000 0.728000 0.048000 0.032000
10 0.594000 0.800000 0.044000 0.036000
10 0.161000 0.111000 0.034000 0.050000
10 0.731000 0.851000 0.054000 0.038000
10 0.959000 0.934000 0.050000 0.036000
10 0.552000 0.784000 0.040000 0.032000
1 0.957000 0.698000 0.082000 0.224000
10 0.512000 0.770000 0.040000 0.032000
10 0.930000 0.161000 0.028000 0.038000
10 0.904000 0.306000 0.024000 0.040000
10 0.745000 0.707000 0.046000 0.038000
10 0.963000 0.389000 0.046000 0.030000
10 0.939000 0.119000 0.026000 0.046000
10 0.023000 0.176000 0.046000 0.036000
10 0.923000 0.208000 0.022000 0.044000
10 0.192000 0.017000 0.028000 0.034000
10 0.745000 0.762000 0.046000 0.028000
10 0.016000 0.366000 0.032000 0.040000
10 0.980000 0.303000 0.036000 0.026000
10 0.042000 0.253000 0.044000 0.030000
10 0.974000 0.126000 0.032000 0.044000
10 0.751000 0.020000 0.034000 0.040000
10 0.617000 0.009000 0.022000 0.018000
10 0.685000 0.942000 0.038000 0.024000
6 0.633330 0.721330 0.046660 0.042660
1 0.723330 0.487330 0.182660 0.390660
