10 0.459500 0.716000 0.047000 0.028000
10 0.463030 0.694300 0.054060 0.028600
10 0.693420 0.600100 0.050840 0.040200
10 0.971930 0.264950 0.043860 0.037900
10 0.783430 0.549860 0.042860 0.031720
10 0.463040 0.640660 0.058080 0.025320
1 0.574000 0.911000 0.360000 0.174000
1 0.164000 0.877000 0.172000 0.098000
1 0.155000 0.779000 0.102000 0.090000
1 0.179000 0.503000 0.102000 0.110000
1 0.356000 0.580000 0.112000 0.144000
6 0.203000 0.399000 0.058000 0.038000
1 0.804000 0.620000 0.120000 0.120000
1 0.166000 0.670000 0.116000 0.140000
3 0.315000 0.135000 0.626000 0.270000
10 0.263000 0.413000 0.046000 0.038000
10 0.462000 0.564000 0.052000 0.028000
10 0.939000 0.329000 0.054000 0.038000
10 0.693000 0.730000 0.046000 0.028000
10 0.697000 0.638000 0.046000 0.028000
10 0.009000 0.611000 0.018000 0.046000
10 0.019000 0.434000 0.030000 0.044000
10 0.689000 0.524000 0.046000 0.032000
10 0.457000 0.614000 0.046000 0.028000
10 0.467000 0.532000 0.050000 0.028000
10 0.962000 0.287000 0.048000 0.034000
2 0.037000 0.389000 0.062000 0.058000
6 0.796000 0.772000 0.028000 0.056000
10 0.013000 0.552000 0.026000 0.052000
10 0.021000 0.855000 0.026000 0.046000
10 0.462000 0.670000 0.052000 0.028000
10 0.015000 0.949000 0.026000 0.046000
1 0.938000 0.017000 0.120000 0.034000
10 0.638000 0.587000 0.020000 0.046000
1 0.888000 0.864000 0.220000 0.268000
10 0.826000 0.253000 0.032000 0.046000
6 0.830000 0.779000 0.032000 0.050000
10 0.777000 0.522000 0.046000 0.028000
10 0.735000 0.538000 0.038000 0.024000
