10 0.263160 0.170830 0.042320 0.041660
10 0.211990 0.129670 0.047980 0.035340
6 0.110000 0.044000 0.064000 0.060000
6 0.585000 0.431000 0.050000 0.050000
2 0.390000 0.221000 0.080000 0.098000
10 0.833000 0.388000 0.046000 0.040000
10 0.374000 0.025000 0.060000 0.050000
1 0.541000 0.805000 0.158000 0.258000
10 0.784000 0.594000 0.040000 0.040000
10 0.879000 0.426000 0.046000 0.044000
10 0.919000 0.458000 0.042000 0.044000
10 0.828000 0.629000 0.036000 0.038000
10 0.454000 0.324000 0.044000 0.044000
10 0.953000 0.733000 0.046000 0.042000
10 0.499000 0.363000 0.046000 0.042000
10 0.867000 0.661000 0.042000 0.038000
10 0.756000 0.324000 0.040000 0.040000
1 0.943000 0.129000 0.110000 0.254000
10 0.659000 0.494000 0.042000 0.036000
2 0.460000 0.028000 0.088000 0.056000
5 0.770000 0.416000 0.108000 0.092000
10 0.412000 0.294000 0.044000 0.044000
10 0.793000 0.353000 0.042000 0.038000
10 0.173000 0.096000 0.042000 0.036000
10 0.058000 0.013000 0.040000 0.026000
1 0.753000 0.976000 0.490000 0.044000
1 0.259000 0.546000 0.518000 0.488000
10 0.713000 0.291000 0.046000 0.046000
