1 0.221000 0.209000 0.442000 0.418000
10 0.167000 0.501000 0.022000 0.050000
6 0.136440 0.979560 0.028880 0.039120
6 0.165000 0.975000 0.030000 0.046000
10 0.044000 0.518000 0.024000 0.052000
10 0.093000 0.512000 0.022000 0.048000
10 0.278090 0.950780 0.028180 0.053560
10 0.304000 0.938000 0.032000 0.056000
1 0.664000 0.023000 0.144000 0.046000
10 0.241000 0.490000 0.026000 0.048000
6 0.222390 0.968870 0.032780 0.061740
10 0.245000 0.951000 0.026000 0.050000
1 0.635000 0.436000 0.154000 0.144000
13 0.505680 0.733820 0.575360 0.203640
1 0.340000 0.601000 0.176000 0.082000
10 0.067000 0.513000 0.022000 0.046000
10 0.140000 0.510000 0.020000 0.036000
10 0.925000 0.014000 0.030000 0.028000
10 0.015000 0.513000 0.026000 0.054000
1 0.806670 0.597280 0.381340 0.442560
1 0.975000 0.043000 0.046000 0.086000
