1 0.587000 0.283000 0.130000 0.106000
1 0.144000 0.394000 0.132000 0.164000
1 0.950000 0.647000 0.096000 0.122000
1 0.943000 0.268000 0.102000 0.092000
1 0.900000 0.853000 0.116000 0.098000
1 0.877000 0.948000 0.098000 0.100000
1 0.719000 0.371000 0.098000 0.094000
1 0.892000 0.385000 0.092000 0.078000
1 0.858000 0.154000 0.116000 0.108000
1 0.096000 0.613000 0.136000 0.106000
1 0.423000 0.768000 0.178000 0.112000
10 0.074000 0.188000 0.032000 0.052000
6 0.045690 0.361380 0.055380 0.110760
10 0.052000 0.294000 0.036000 0.044000
10 0.929000 0.063000 0.046000 0.030000
10 0.063000 0.138000 0.030000 0.048000
10 0.212000 0.016000 0.052000 0.032000
1 0.529000 0.140000 0.126000 0.108000
1 0.379000 0.901000 0.098000 0.102000
1 0.320000 0.507000 0.128000 0.102000
1 0.601000 0.740000 0.130000 0.100000
1 0.260000 0.191000 0.128000 0.158000
1 0.807000 0.436000 0.090000 0.116000
10 0.860000 0.052000 0.056000 0.036000
10 0.597000 0.008000 0.038000 0.016000
10 0.257000 0.010000 0.038000 0.020000
10 0.641000 0.015000 0.042000 0.026000
10 0.158000 0.020000 0.056000 0.036000
10 0.046000 0.087000 0.024000 0.034000
1 0.675000 0.123000 0.138000 0.110000
10 0.004000 0.471000 0.008000 0.038000
1 0.166150 0.778920 0.332300 0.213840
1 0.407590 0.652780 0.155180 0.137560
1 0.491920 0.938490 0.087840 0.100980
1 0.701070 0.484590 0.130140 0.133180
1 0.385260 0.454580 0.074520 0.097160
1 0.033500 0.852310 0.067000 0.140620
1 0.762000 0.969000 0.152000 0.062000
