10 0.495000 0.348000 0.038000 0.044000
10 0.909000 0.492000 0.042000 0.032000
10 0.037000 0.818000 0.046000 0.056000
10 0.308000 0.593000 0.020000 0.042000
1 0.834000 0.333000 0.328000 0.310000
10 0.385000 0.182000 0.026000 0.052000
12 0.174470 0.589000 0.112940 0.254000
1 0.560000 0.745000 0.320000 0.370000
1 0.609000 0.026000 0.226000 0.052000
10 0.354000 0.202000 0.028000 0.056000
10 0.308000 0.634000 0.020000 0.028000
10 0.353000 0.259000 0.022000 0.054000
1 0.803000 0.931000 0.190000 0.134000
1 0.955000 0.075000 0.086000 0.150000
12 0.028000 0.232810 0.056000 0.257620
10 0.418000 0.078000 0.028000 0.052000
12 0.171310 0.227200 0.122620 0.242400
1 0.943000 0.825000 0.114000 0.250000
10 0.306830 0.762240 0.025660 0.048480
5 0.336810 0.729010 0.045620 0.134020
1 0.203030 0.853510 0.114060 0.211020
