1 0.917000 0.517000 0.162000 0.138000
1 0.671000 0.079000 0.158000 0.158000
1 0.388000 0.840000 0.224000 0.228000
1 0.281000 0.523000 0.118000 0.110000
1 0.415000 0.486000 0.106000 0.136000
1 0.269000 0.260000 0.178000 0.148000
10 0.577000 0.318000 0.046000 0.032000
1 0.881000 0.761000 0.154000 0.210000
10 0.823000 0.313000 0.054000 0.034000
1 0.617000 0.526000 0.134000 0.168000
10 0.460000 0.960000 0.044000 0.032000
1 0.911000 0.059000 0.174000 0.118000
1 0.123000 0.721000 0.242000 0.174000
10 0.348000 0.371000 0.044000 0.030000
1 0.361000 0.644000 0.250000 0.116000
10 0.016000 0.594000 0.032000 0.032000
1 0.604000 0.832000 0.208000 0.148000
10 0.754000 0.989000 0.048000 0.018000
1 0.495000 0.121000 0.130000 0.106000
2 0.388000 0.975000 0.060000 0.046000
6 0.666000 0.939000 0.056000 0.026000
1 0.123000 0.363000 0.214000 0.146000
1 0.146000 0.902000 0.292000 0.168000
