1 0.707000 0.203000 0.574000 0.406000
10 0.654000 0.464000 0.044000 0.032000
10 0.371000 0.180000 0.042000 0.044000
10 0.169000 0.281000 0.034000 0.038000
10 0.263660 0.325140 0.035320 0.046280
10 0.278000 0.333000 0.036000 0.042000
6 0.232000 0.313000 0.048000 0.054000
6 0.036000 0.025000 0.056000 0.050000
10 0.212000 0.301000 0.036000 0.038000
5 0.309970 0.603140 0.079940 0.078280
10 0.009000 0.066000 0.018000 0.048000
6 0.140000 0.807000 0.052000 0.062000
10 0.545000 0.415000 0.026000 0.046000
1 0.647050 0.774000 0.518100 0.448000
10 0.562000 0.555000 0.024000 0.038000
6 0.501000 0.557260 0.026000 0.058520
6 0.032000 0.985000 0.048000 0.026000
10 0.133000 0.232000 0.038000 0.048000
10 0.668000 0.529000 0.040000 0.022000
5 0.179270 0.844880 0.070540 0.093760
6 0.102000 0.205000 0.056000 0.066000
6 0.043000 0.144000 0.050000 0.060000
10 0.532000 0.559000 0.028000 0.046000
10 0.457000 0.064000 0.042000 0.028000
10 0.467000 0.397000 0.030000 0.046000
10 0.612000 0.545000 0.032000 0.046000
10 0.663000 0.497000 0.042000 0.022000
6 0.067570 0.165840 0.051140 0.059680
10 0.405220 0.583920 0.030440 0.043840
