1 0.561000 0.735000 0.142000 0.122000
1 0.689000 0.198000 0.130000 0.112000
1 0.719000 0.858000 0.142000 0.152000
1 0.617000 0.921000 0.078000 0.102000
1 0.682000 0.601000 0.144000 0.102000
1 0.426000 0.279000 0.132000 0.154000
1 0.521000 0.948000 0.078000 0.100000
1 0.968000 0.271000 0.060000 0.094000
1 0.959000 0.656000 0.078000 0.084000
1 0.715000 0.382000 0.126000 0.068000
10 0.231000 0.855000 0.018000 0.038000
1 0.462000 0.094000 0.156000 0.188000
10 0.870000 0.551000 0.028000 0.046000
10 0.862000 0.321000 0.024000 0.038000
1 0.357000 0.662000 0.170000 0.148000
1 0.346000 0.903000 0.148000 0.134000
1 0.700000 0.492000 0.124000 0.124000
10 0.884000 0.869000 0.028000 0.046000
1 0.969000 0.153000 0.058000 0.098000
1 0.982000 0.412000 0.032000 0.108000
1 0.978000 0.559000 0.040000 0.094000
10 0.860000 0.012000 0.028000 0.024000
1 0.987000 0.790000 0.022000 0.120000
1 0.691000 0.071000 0.090000 0.142000
1 0.728000 0.322000 0.080000 0.048000
