1 0.260000 0.556000 0.188000 0.212000
1 0.829000 0.637000 0.338000 0.290000
1 0.079000 0.197000 0.158000 0.158000
1 0.356000 0.818000 0.324000 0.316000
1 0.924000 0.206000 0.148000 0.168000
10 0.179000 0.351000 0.030000 0.042000
10 0.133000 0.561000 0.030000 0.042000
10 0.894000 0.839000 0.032000 0.042000
10 0.194000 0.297000 0.028000 0.046000
2 0.108000 0.654000 0.112000 0.040000
6 0.034000 0.914000 0.036000 0.060000
10 0.209000 0.252000 0.030000 0.044000
1 0.502000 0.097000 0.200000 0.194000
10 0.283000 0.054000 0.026000 0.040000
10 0.617000 0.631000 0.034000 0.030000
10 0.232000 0.975000 0.044000 0.046000
10 0.969000 0.797000 0.034000 0.042000
1 0.063000 0.472000 0.126000 0.128000
10 0.805000 0.387000 0.046000 0.038000
10 0.298000 0.013000 0.028000 0.026000
1 0.037000 0.600000 0.074000 0.148000
10 0.021000 0.965000 0.026000 0.050000
6 0.091000 0.830000 0.042000 0.052000
1 0.547000 0.302000 0.218000 0.144000
2 0.279000 0.115000 0.082000 0.058000
1 0.807000 0.984000 0.162000 0.028000
10 0.136000 0.482000 0.028000 0.044000
10 0.246000 0.140000 0.032000 0.044000
