2 0.115000 0.539000 0.066000 0.114000
1 0.417000 0.218000 0.174000 0.264000
1 0.617000 0.041000 0.170000 0.082000
2 0.518000 0.426000 0.044000 0.084000
2 0.328000 0.365000 0.084000 0.130000
10 0.391000 0.337000 0.034000 0.026000
10 0.849000 0.532000 0.042000 0.036000
10 0.541000 0.670000 0.038000 0.036000
6 0.044000 0.614000 0.032000 0.056000
1 0.122000 0.287000 0.244000 0.358000
1 0.890000 0.426000 0.216000 0.304000
1 0.862250 0.107630 0.136500 0.143260
6 0.692000 0.914000 0.032000 0.060000
10 0.930000 0.570000 0.036000 0.032000
10 0.965000 0.025000 0.042000 0.034000
2 0.710000 0.973000 0.068000 0.050000
2 0.071000 0.685000 0.066000 0.074000
6 0.601000 0.426000 0.054000 0.044000
10 0.333000 0.207000 0.018000 0.030000
1 0.441000 0.807000 0.282000 0.266000
10 0.650000 0.816000 0.024000 0.032000
1 0.737880 0.354120 0.223760 0.276240
10 0.694000 0.468000 0.036000 0.024000
1 0.588620 0.286380 0.221240 0.268760
1 0.736000 0.056380 0.160000 0.108760
1 0.282630 0.546250 0.221260 0.212500
1 0.214000 0.704500 0.180000 0.165000
1 0.391500 0.653380 0.175000 0.138760
1 0.216000 0.942000 0.320000 0.116000
1 0.442000 0.070500 0.140000 0.125000
1 0.947880 0.157500 0.103760 0.115000
