10 0.659500 0.511000 0.047000 0.026000
1 0.103000 0.478000 0.178000 0.232000
1 0.401000 0.338000 0.526000 0.676000
1 0.533630 0.858250 0.239260 0.200500
10 0.621000 0.402000 0.050000 0.048000
10 0.836000 0.932000 0.048000 0.028000
10 0.952000 0.817000 0.044000 0.038000
10 0.637000 0.453000 0.046000 0.038000
10 0.725000 0.658000 0.030000 0.040000
10 0.677000 0.563000 0.046000 0.034000
10 0.679120 0.590790 0.038240 0.025580
6 0.719720 0.790500 0.039440 0.061000
10 0.659500 0.514000 0.047000 0.036000
10 0.664060 0.536370 0.044120 0.024740
10 0.699500 0.664500 0.039000 0.045000
1 0.683000 0.156500 0.130000 0.121000
1 0.612500 0.246000 0.121000 0.136000
1 0.915000 0.302650 0.170000 0.177300
10 0.798190 0.851020 0.068380 0.034040
1 0.822320 0.111270 0.276640 0.222540
10 0.031500 0.686500 0.051000 0.041000
1 0.959000 0.455000 0.082000 0.138000
10 0.789750 0.814380 0.059500 0.036760
10 0.960560 0.839600 0.037120 0.019200
10 0.762230 0.760170 0.032460 0.060340
1 0.801000 0.485000 0.138000 0.238000
1 0.846500 0.687000 0.113000 0.182000
1 0.095000 0.969550 0.142000 0.059100
2 0.232500 0.804000 0.045000 0.088000
1 0.731000 0.272000 0.198000 0.084000
10 0.802000 0.286500 0.048000 0.029000
