1 0.705000 0.899000 0.190000 0.198000
1 0.775000 0.636000 0.154000 0.208000
1 0.945000 0.303000 0.106000 0.134000
1 0.941000 0.109000 0.114000 0.218000
1 0.457000 0.452000 0.178000 0.444000
1 0.806000 0.426000 0.144000 0.256000
1 0.134000 0.941000 0.264000 0.114000
1 0.174000 0.037000 0.200000 0.074000
1 0.223000 0.744000 0.262000 0.212000
1 0.131000 0.288000 0.154000 0.260000
1 0.088000 0.504000 0.140000 0.220000
1 0.028000 0.162000 0.056000 0.108000
1 0.438000 0.989000 0.252000 0.018000
1 0.630240 0.288330 0.240480 0.140660
5 0.944910 0.912410 0.037820 0.092820
10 0.873600 0.887170 0.023200 0.046340
