1 0.793000 0.307000 0.134000 0.126000
1 0.730000 0.118000 0.128000 0.124000
1 0.410000 0.273000 0.100000 0.114000
1 0.238000 0.417000 0.108000 0.174000
1 0.386000 0.651000 0.148000 0.130000
1 0.628000 0.297000 0.092000 0.174000
1 0.193000 0.936000 0.214000 0.124000
1 0.863000 0.157000 0.182000 0.122000
1 0.968000 0.710000 0.060000 0.172000
10 0.516000 0.933000 0.032000 0.042000
1 0.140000 0.188000 0.184000 0.204000
10 0.590000 0.153000 0.052000 0.034000
10 0.458000 0.946000 0.032000 0.052000
1 0.086000 0.426000 0.096000 0.096000
10 0.405000 0.934000 0.034000 0.056000
1 0.858000 0.873000 0.152000 0.250000
10 0.440000 0.117000 0.048000 0.034000
10 0.536000 0.139000 0.048000 0.034000
10 0.488000 0.127000 0.048000 0.030000
10 0.034000 0.195000 0.032000 0.042000
10 0.180000 0.048000 0.044000 0.024000
1 0.288000 0.232000 0.112000 0.184000
1 0.331000 0.027000 0.114000 0.054000
10 0.890000 0.233000 0.052000 0.034000
2 0.118000 0.046000 0.064000 0.092000
1 0.085000 0.333000 0.102000 0.090000
1 0.816000 0.470000 0.080000 0.124000
10 0.989000 0.261000 0.018000 0.030000
1 0.975000 0.112000 0.046000 0.104000
1 0.028000 0.705000 0.056000 0.154000
1 0.564000 0.006000 0.164000 0.012000
1 0.024000 0.890000 0.048000 0.108000
1 0.691000 0.566000 0.254000 0.172000
1 0.050000 0.590000 0.100000 0.116000
1 0.724000 0.743000 0.108000 0.134000
1 0.041000 0.016000 0.082000 0.032000
