1 0.867000 0.767000 0.262000 0.362000
1 0.076000 0.495000 0.148000 0.182000
10 0.942000 0.425000 0.032000 0.042000
10 0.482000 0.742000 0.044000 0.052000
10 0.209000 0.031000 0.030000 0.038000
1 0.140000 0.052000 0.152000 0.104000
10 0.974000 0.380000 0.040000 0.048000
2 0.064000 0.361000 0.056000 0.058000
10 0.383000 0.653000 0.042000 0.042000
10 0.892000 0.503000 0.036000 0.046000
10 0.643000 0.769000 0.038000 0.042000
10 0.668000 0.733000 0.032000 0.042000
1 0.254000 0.658000 0.124000 0.144000
1 0.064000 0.183000 0.128000 0.254000
10 0.696000 0.691000 0.032000 0.034000
10 0.182000 0.070000 0.036000 0.040000
1 0.606000 0.574000 0.436000 0.396000
1 0.659000 0.938000 0.210000 0.120000
1 0.966000 0.470000 0.064000 0.288000
10 0.863000 0.442000 0.042000 0.048000
10 0.994000 0.283000 0.008000 0.042000
1 0.281000 0.832000 0.530000 0.332000
