1 0.202000 0.813000 0.404000 0.250000
1 0.214000 0.362000 0.172000 0.268000
1 0.540000 0.911000 0.204000 0.174000
1 0.473000 0.353000 0.170000 0.258000
1 0.633000 0.731000 0.150000 0.130000
1 0.508000 0.698000 0.104000 0.168000
1 0.640000 0.574000 0.180000 0.092000
1 0.676000 0.321000 0.204000 0.458000
1 0.258000 0.111000 0.324000 0.190000
1 0.789000 0.687000 0.170000 0.246000
1 0.850000 0.410000 0.148000 0.196000
1 0.733000 0.969000 0.154000 0.058000
6 0.900000 0.571000 0.032000 0.062000
1 0.054000 0.173000 0.108000 0.190000
10 0.911000 0.469000 0.026000 0.050000
6 0.846000 0.806000 0.028000 0.060000
10 0.856000 0.753000 0.020000 0.046000
2 0.946000 0.061000 0.060000 0.122000
10 0.909000 0.909000 0.022000 0.050000
6 0.574000 0.008000 0.056000 0.016000
10 0.920000 0.853000 0.028000 0.042000
1 0.877000 0.223000 0.162000 0.202000
2 0.980000 0.139000 0.036000 0.050000
6 0.823000 0.924000 0.026000 0.056000
10 0.962000 0.211000 0.020000 0.038000
10 0.942000 0.306000 0.024000 0.048000
