10 0.441000 0.091000 0.042000 0.042000
6 0.818000 0.747000 0.056000 0.062000
10 0.411000 0.128000 0.034000 0.032000
10 0.642000 0.908000 0.036000 0.032000
1 0.828000 0.373000 0.260000 0.270000
10 0.918000 0.437000 0.032000 0.046000
10 0.897000 0.481000 0.030000 0.038000
10 0.028000 0.837000 0.048000 0.058000
6 0.418000 0.033000 0.040000 0.050000
10 0.826000 0.605000 0.032000 0.046000
10 0.969000 0.323000 0.030000 0.042000
10 0.964000 0.404000 0.032000 0.040000
10 0.353000 0.201000 0.034000 0.030000
10 0.082000 0.925000 0.036000 0.046000
10 0.378000 0.082000 0.032000 0.036000
10 0.110000 0.964000 0.040000 0.052000
10 0.239000 0.255000 0.030000 0.034000
1 0.110000 0.020000 0.140000 0.040000
1 0.441000 0.664000 0.218000 0.200000
10 0.048000 0.568000 0.040000 0.036000
10 0.201000 0.985000 0.046000 0.026000
10 0.054000 0.883000 0.040000 0.046000
1 0.790000 0.922000 0.416000 0.152000
10 0.626000 0.967000 0.032000 0.038000
1 0.068000 0.901000 0.136000 0.194000
1 0.046000 0.471000 0.092000 0.314000
10 0.324000 0.241000 0.020000 0.022000
10 0.088000 0.834000 0.040000 0.052000
1 0.293000 0.027000 0.098000 0.054000
