1 0.096000 0.088000 0.156000 0.152000
1 0.489000 0.338000 0.094000 0.112000
1 0.428000 0.826000 0.316000 0.272000
1 0.279000 0.288000 0.110000 0.112000
1 0.125000 0.826000 0.134000 0.116000
1 0.061000 0.220000 0.122000 0.124000
1 0.257000 0.507000 0.154000 0.150000
1 0.401000 0.158000 0.142000 0.132000
1 0.045000 0.620000 0.090000 0.140000
10 0.285000 0.104000 0.034000 0.044000
2 0.824000 0.062000 0.056000 0.068000
10 0.857000 0.379000 0.042000 0.042000
10 0.219000 0.193000 0.038000 0.046000
10 0.034000 0.427000 0.036000 0.042000
10 0.786000 0.148000 0.028000 0.044000
10 0.337000 0.036000 0.038000 0.040000
10 0.822000 0.176000 0.028000 0.048000
10 0.862000 0.201000 0.032000 0.054000
1 0.617000 0.070000 0.142000 0.140000
10 0.334000 0.460000 0.040000 0.032000
10 0.749000 0.403000 0.026000 0.030000
10 0.904000 0.315000 0.040000 0.038000
10 0.145000 0.288000 0.038000 0.056000
1 0.135000 0.492000 0.098000 0.088000
1 0.945000 0.929000 0.106000 0.138000
