5 0.379000 0.566000 0.162000 0.096000
10 0.712000 0.662000 0.072000 0.056000
6 0.605000 0.353000 0.066000 0.042000
10 0.552000 0.647000 0.052000 0.046000
10 0.786000 0.879000 0.048000 0.046000
10 0.290000 0.241000 0.044000 0.034000
10 0.597000 0.719000 0.046000 0.042000
10 0.437000 0.299000 0.046000 0.034000
10 0.733000 0.766000 0.050000 0.032000
6 0.225020 0.927790 0.058040 0.039580
6 0.220000 0.874000 0.068000 0.036000
10 0.034000 0.359000 0.040000 0.050000
10 0.167000 0.696000 0.034000 0.052000
10 0.330000 0.774000 0.028000 0.040000
10 0.542000 0.889000 0.032000 0.046000
10 0.663000 0.807000 0.050000 0.050000
10 0.499000 0.869000 0.038000 0.046000
10 0.078000 0.396000 0.044000 0.044000
10 0.647000 0.947000 0.030000 0.046000
10 0.111000 0.717000 0.022000 0.038000
10 0.076360 0.917110 0.056720 0.042220
10 0.117000 0.909000 0.034000 0.050000
6 0.955000 0.749000 0.062000 0.038000
10 0.122000 0.675000 0.028000 0.046000
10 0.267000 0.969000 0.058000 0.042000
10 0.066390 0.888430 0.052780 0.044860
10 0.058000 0.857000 0.048000 0.042000
10 0.618000 0.929000 0.032000 0.038000
10 0.277730 0.943790 0.051460 0.039580
6 0.288360 0.893790 0.056720 0.039580
10 0.333000 0.906000 0.054000 0.036000
10 0.076000 0.951000 0.048000 0.042000
6 0.028000 0.969000 0.052000 0.034000
5 0.173190 0.462870 0.114380 0.085740
10 0.337000 0.960000 0.070000 0.040000
6 0.021180 0.947880 0.042360 0.031760
6 0.017000 0.916000 0.034000 0.036000
10 0.227000 0.906000 0.050000 0.036000
10 0.369000 0.796000 0.022000 0.036000
6 0.612000 0.775000 0.052000 0.050000
10 0.016000 0.837000 0.032000 0.038000
6 0.250000 0.735000 0.040000 0.054000
6 0.383000 0.936000 0.046000 0.032000
10 0.325000 0.992000 0.058000 0.012000
10 0.209000 0.717000 0.030000 0.046000
10 0.008000 0.772000 0.016000 0.036000
6 0.262000 0.987000 0.052000 0.022000
10 0.275000 0.918000 0.046000 0.024000
