2 0.321000 0.840000 0.166000 0.060000
2 0.249000 0.120000 0.114000 0.056000
10 0.276000 0.173000 0.028000 0.046000
6 0.287000 0.322000 0.034000 0.072000
10 0.256000 0.649000 0.024000 0.050000
10 0.228000 0.397000 0.024000 0.050000
10 0.261000 0.703000 0.022000 0.054000
10 0.247000 0.591000 0.022000 0.046000
10 0.086000 0.055000 0.052000 0.038000
10 0.312000 0.256000 0.024000 0.036000
10 0.243000 0.545000 0.026000 0.054000
1 0.477000 0.097000 0.322000 0.194000
10 0.309000 0.494000 0.022000 0.040000
10 0.102000 0.111000 0.040000 0.030000
10 0.237000 0.488000 0.026000 0.048000
10 0.309000 0.209000 0.022000 0.046000
10 0.234000 0.442000 0.020000 0.040000
1 0.731000 0.910000 0.526000 0.176000
6 0.017000 0.911000 0.034000 0.094000
1 0.693000 0.698000 0.610000 0.304000
10 0.285000 0.247000 0.026000 0.050000
2 0.324000 0.021000 0.048000 0.042000
6 0.017000 0.715000 0.034000 0.070000
10 0.338000 0.497000 0.020000 0.042000
10 0.047000 0.897000 0.026000 0.046000
