1 0.121000 0.289000 0.130000 0.162000
1 0.313000 0.656000 0.110000 0.148000
1 0.532000 0.295000 0.120000 0.126000
1 0.655000 0.909000 0.098000 0.090000
1 0.838000 0.300000 0.120000 0.120000
1 0.221000 0.410000 0.138000 0.100000
1 0.522000 0.416000 0.128000 0.096000
1 0.451000 0.945000 0.122000 0.106000
1 0.855000 0.689000 0.122000 0.122000
1 0.838000 0.531000 0.148000 0.114000
1 0.563000 0.507000 0.142000 0.094000
1 0.758000 0.941000 0.112000 0.114000
1 0.494000 0.645000 0.120000 0.126000
1 0.560000 0.907000 0.092000 0.094000
1 0.829000 0.104000 0.134000 0.132000
1 0.932000 0.433000 0.116000 0.110000
1 0.240000 0.068000 0.096000 0.100000
1 0.342000 0.899000 0.144000 0.106000
10 0.115000 0.760000 0.038000 0.024000
1 0.030000 0.931000 0.060000 0.134000
10 0.900000 0.792000 0.052000 0.032000
10 0.712000 0.275000 0.028000 0.046000
1 0.971000 0.176000 0.054000 0.108000
10 0.458000 0.832000 0.040000 0.028000
1 0.334000 0.071000 0.104000 0.086000
10 0.443000 0.774000 0.042000 0.024000
10 0.708000 0.334000 0.028000 0.048000
10 0.849000 0.793000 0.042000 0.030000
10 0.719000 0.166000 0.022000 0.044000
1 0.982000 0.547000 0.032000 0.118000
10 0.982000 0.798000 0.032000 0.032000
1 0.345000 0.976000 0.098000 0.044000
10 0.700000 0.525000 0.032000 0.050000
10 0.722000 0.069000 0.028000 0.046000
1 0.028000 0.682000 0.056000 0.108000
1 0.947000 0.957000 0.102000 0.082000
10 0.351000 0.768000 0.042000 0.020000
6 0.948000 0.902000 0.064000 0.028000
1 0.039000 0.085000 0.078000 0.130000
