1 0.169000 0.647000 0.138000 0.138000
1 0.411000 0.363000 0.126000 0.106000
1 0.572000 0.050000 0.196000 0.100000
1 0.300000 0.853000 0.140000 0.142000
10 0.793000 0.523000 0.034000 0.046000
10 0.246000 0.490000 0.032000 0.044000
10 0.694000 0.680000 0.028000 0.036000
1 0.131000 0.062000 0.126000 0.112000
1 0.326000 0.280000 0.128000 0.128000
1 0.758000 0.262000 0.148000 0.124000
1 0.745000 0.945000 0.130000 0.106000
1 0.408000 0.784000 0.108000 0.116000
1 0.423000 0.917000 0.134000 0.162000
1 0.925000 0.573000 0.146000 0.174000
1 0.039000 0.511000 0.078000 0.126000
1 0.187000 0.201000 0.158000 0.130000
10 0.668000 0.719000 0.032000 0.042000
1 0.718620 0.412000 0.149240 0.132000
10 0.730000 0.636000 0.020000 0.032000
1 0.880000 0.849000 0.180000 0.218000
1 0.640000 0.595000 0.116000 0.134000
1 0.395000 0.668000 0.106000 0.116000
1 0.775000 0.104000 0.170000 0.152000
1 0.778430 0.102000 0.172860 0.156000
1 0.161590 0.425150 0.115180 0.102300
1 0.321140 0.158610 0.090280 0.097220
1 0.348870 0.599950 0.101740 0.087900
1 0.270180 0.552270 0.120360 0.120540
1 0.480610 0.442350 0.097220 0.100700
1 0.091230 0.349080 0.118460 0.106160
