1 0.689000 0.201000 0.270000 0.238000
1 0.430000 0.498000 0.288000 0.268000
1 0.152000 0.753000 0.296000 0.250000
10 0.906000 0.261000 0.036000 0.046000
9 0.084540 0.462110 0.169080 0.204220
10 0.485000 0.729000 0.038000 0.042000
1 0.915000 0.052000 0.166000 0.104000
10 0.877000 0.454000 0.042000 0.040000
10 0.781000 0.421000 0.038000 0.046000
10 0.605000 0.541000 0.038000 0.038000
1 0.788000 0.786000 0.300000 0.424000
10 0.471000 0.671000 0.042000 0.046000
1 0.532000 0.927000 0.248000 0.142000
10 0.742000 0.599000 0.040000 0.042000
10 0.984000 0.111000 0.028000 0.058000
9 0.340360 0.229210 0.296720 0.262420
9 0.017530 0.248010 0.035060 0.060020
9 0.534200 0.043870 0.132400 0.087740
1 0.950000 0.485000 0.100000 0.254000
