1 0.906000 0.203000 0.184000 0.214000
10 0.719000 0.226000 0.050000 0.036000
10 0.654000 0.168000 0.052000 0.036000
10 0.793000 0.110000 0.050000 0.036000
2 0.680000 0.120000 0.056000 0.084000
10 0.932000 0.361000 0.044000 0.030000
1 0.876310 0.522770 0.224620 0.181540
10 0.854000 0.412000 0.024000 0.040000
10 0.830000 0.417000 0.024000 0.038000
1 0.707540 0.490000 0.203080 0.240000
10 0.765000 0.328000 0.050000 0.032000
1 0.571850 0.868690 0.259700 0.261380
1 0.400000 0.579000 0.384000 0.414000
10 0.743000 0.278000 0.042000 0.036000
1 0.343000 0.060540 0.238000 0.121080
10 0.806000 0.421000 0.024000 0.034000
1 0.115000 0.760000 0.230000 0.404000
1 0.855540 0.688620 0.243080 0.209240
1 0.905000 0.878000 0.190000 0.244000
1 0.658460 0.576460 0.176920 0.196920
1 0.591690 0.061540 0.235380 0.123080
1 0.111690 0.276150 0.215380 0.172300
