1 0.160000 0.096000 0.140000 0.136000
1 0.127000 0.246000 0.134000 0.108000
1 0.237000 0.465000 0.130000 0.150000
1 0.235000 0.638000 0.138000 0.120000
6 0.521000 0.881000 0.066000 0.042000
1 0.238000 0.924000 0.220000 0.148000
10 0.524000 0.083000 0.032000 0.050000
10 0.580000 0.840000 0.044000 0.032000
10 0.360000 0.656000 0.032000 0.048000
10 0.403000 0.504000 0.030000 0.044000
10 0.375000 0.807000 0.050000 0.034000
10 0.735000 0.881000 0.046000 0.034000
1 0.023000 0.556000 0.046000 0.136000
1 0.045000 0.887000 0.090000 0.222000
10 0.927000 0.939000 0.050000 0.038000
10 0.495000 0.177000 0.034000 0.050000
6 0.523000 0.757000 0.062000 0.042000
1 0.427000 0.024000 0.126000 0.048000
2 0.271000 0.786000 0.050000 0.072000
10 0.445000 0.192000 0.026000 0.044000
10 0.463000 0.507000 0.026000 0.038000
10 0.588000 0.058000 0.028000 0.048000
10 0.418000 0.452000 0.028000 0.044000
10 0.629000 0.853000 0.046000 0.034000
1 0.046000 0.412000 0.092000 0.108000
10 0.424000 0.641000 0.024000 0.042000
10 0.040000 0.740000 0.048000 0.036000
10 0.509000 0.816000 0.046000 0.032000
10 0.410000 0.687000 0.024000 0.050000
10 0.443000 0.359000 0.018000 0.030000
10 0.845000 0.974000 0.042000 0.032000
10 0.373000 0.607000 0.026000 0.042000
10 0.860000 0.851000 0.028000 0.046000
1 0.453000 0.954000 0.250000 0.088000
2 0.348000 0.746000 0.072000 0.052000
10 0.599000 0.904000 0.042000 0.024000
10 0.978000 0.953000 0.040000 0.038000
10 0.606000 0.012000 0.028000 0.024000
6 0.592000 0.777000 0.048000 0.038000
10 0.684000 0.870000 0.036000 0.036000
6 0.904000 0.985000 0.052000 0.026000
10 0.832000 0.844000 0.028000 0.040000
10 0.941000 0.874000 0.050000 0.036000
2 0.446000 0.767000 0.056000 0.074000
10 0.434000 0.856000 0.036000 0.028000
1 0.920000 0.666000 0.156000 0.268000
10 0.987000 0.893000 0.022000 0.038000
10 0.540000 0.230000 0.028000 0.032000
10 0.480000 0.226000 0.024000 0.040000
10 0.037000 0.019000 0.034000 0.038000
1 0.668000 0.326000 0.308000 0.652000
1 0.352000 0.308000 0.132000 0.184000
10 0.476000 0.455000 0.032000 0.050000
10 0.953000 0.992000 0.046000 0.012000
10 0.397000 0.102000 0.046000 0.032000
6 0.554000 0.182000 0.036000 0.052000
10 0.345000 0.707000 0.030000 0.046000
1 0.666000 0.984000 0.176000 0.028000
