1 0.086000 0.876000 0.172000 0.244000
10 0.805000 0.147000 0.046000 0.050000
1 0.634090 0.168120 0.276180 0.268240
10 0.754000 0.205000 0.036000 0.038000
10 0.279000 0.518000 0.046000 0.036000
10 0.707000 0.259000 0.038000 0.046000
10 0.747000 0.035000 0.042000 0.034000
10 0.504000 0.742000 0.020000 0.044000
10 0.575000 0.742000 0.022000 0.040000
2 0.805000 0.065000 0.082000 0.114000
2 0.633000 0.349000 0.094000 0.070000
1 0.167240 0.196000 0.334480 0.392000
1 0.513000 0.929000 0.742000 0.138000
10 0.839000 0.006000 0.042000 0.012000
1 0.940000 0.756000 0.116000 0.264000
6 0.787000 0.004000 0.046000 0.008000
1 0.424930 0.090930 0.189860 0.137860
1 0.416960 0.237240 0.173920 0.182480
2 0.791470 0.445820 0.046940 0.111640
