1 0.139000 0.647000 0.186000 0.194000
1 0.719000 0.737000 0.106000 0.142000
1 0.549000 0.885000 0.142000 0.162000
1 0.332000 0.964000 0.124000 0.068000
1 0.624000 0.361000 0.204000 0.126000
1 0.957000 0.846000 0.082000 0.092000
10 0.194000 0.846000 0.044000 0.036000
10 0.249000 0.812000 0.038000 0.032000
2 0.065000 0.957000 0.062000 0.082000
10 0.146000 0.872000 0.036000 0.032000
10 0.642000 0.723000 0.036000 0.042000
1 0.849000 0.740000 0.162000 0.140000
10 0.941000 0.424000 0.034000 0.040000
1 0.980000 0.957000 0.036000 0.082000
1 0.023000 0.710000 0.046000 0.124000
1 0.908000 0.367000 0.144000 0.130000
1 0.992000 0.688000 0.012000 0.120000
