1 0.359000 0.398000 0.386000 0.380000
10 0.932000 0.879000 0.028000 0.038000
10 0.866000 0.780000 0.036000 0.052000
10 0.020000 0.291000 0.040000 0.046000
10 0.912000 0.757000 0.036000 0.046000
10 0.756000 0.861000 0.036000 0.046000
10 0.859000 0.925000 0.018000 0.050000
10 0.777000 0.849000 0.038000 0.046000
10 0.794000 0.834000 0.036000 0.044000
10 0.968000 0.708000 0.036000 0.044000
10 0.930000 0.742000 0.036000 0.044000
10 0.983000 0.691000 0.030000 0.046000
10 0.949000 0.724000 0.034000 0.048000
10 0.688000 0.901000 0.028000 0.038000
10 0.848000 0.794000 0.036000 0.056000
10 0.717000 0.892000 0.034000 0.052000
1 0.768500 0.195000 0.461000 0.390000
1 0.106500 0.581500 0.209000 0.203000
7 0.395750 0.927900 0.155500 0.143800
