10 0.047000 0.017000 0.042000 0.034000
1 0.583570 0.199290 0.487140 0.398580
1 0.252290 0.108570 0.188580 0.217140
1 0.264710 0.350000 0.301420 0.220000
1 0.553430 0.433140 0.382860 0.234280
2 0.573000 0.891000 0.094000 0.126000
1 0.855000 0.143000 0.286000 0.286000
2 0.124000 0.677000 0.092000 0.134000
10 0.501000 0.813000 0.050000 0.038000
10 0.220000 0.735000 0.052000 0.046000
10 0.777000 0.957000 0.046000 0.038000
1 0.847000 0.565000 0.306000 0.462000
10 0.802000 0.348000 0.052000 0.040000
10 0.717000 0.976000 0.046000 0.036000
10 0.624000 0.973000 0.048000 0.042000
10 0.869000 0.349000 0.046000 0.042000
10 0.663000 0.923000 0.050000 0.034000
2 0.076000 0.795000 0.076000 0.102000
10 0.880000 0.989000 0.060000 0.018000
6 0.028000 0.759000 0.052000 0.038000
6 0.036000 0.733000 0.056000 0.042000
1 0.121730 0.243820 0.243460 0.263640
