1 0.129000 0.109000 0.230000 0.218000
2 0.339000 0.115000 0.126000 0.118000
10 0.462000 0.124000 0.048000 0.040000
10 0.278000 0.234000 0.044000 0.040000
10 0.033000 0.462000 0.042000 0.048000
10 0.105000 0.365000 0.046000 0.042000
10 0.761000 0.107000 0.042000 0.042000
5 0.360930 0.170080 0.069860 0.064160
10 0.412000 0.172000 0.040000 0.044000
10 0.258000 0.056000 0.036000 0.044000
6 0.456290 0.087240 0.060580 0.062480
10 0.566000 0.037000 0.040000 0.038000
10 0.349000 0.224000 0.042000 0.044000
10 0.550000 0.009000 0.048000 0.018000
10 0.231000 0.019000 0.046000 0.038000
10 0.365000 0.289000 0.038000 0.034000
