1 0.580150 0.395310 0.612300 0.702620
10 0.281000 0.227000 0.038000 0.038000
6 0.459630 0.193320 0.055260 0.046640
10 0.536000 0.138000 0.048000 0.040000
1 0.360000 0.074000 0.304000 0.148000
10 0.468000 0.091000 0.036000 0.034000
1 0.108000 0.638000 0.108000 0.120000
10 0.298000 0.317000 0.036000 0.038000
1 0.399000 0.876000 0.378000 0.240000
6 0.340000 0.671000 0.060000 0.046000
2 0.069000 0.516000 0.070000 0.056000
2 0.115000 0.406000 0.074000 0.084000
2 0.866000 0.927000 0.060000 0.078000
6 0.178000 0.407000 0.052000 0.050000
10 0.057000 0.017000 0.034000 0.034000
1 0.802920 0.470770 0.393840 0.681540
1 0.666000 0.964000 0.244000 0.072000
1 0.058160 0.320360 0.116320 0.144720
1 0.171120 0.216860 0.158240 0.121720
