2 0.918000 0.199000 0.124000 0.082000
10 0.131000 0.239000 0.038000 0.042000
10 0.127000 0.598000 0.046000 0.068000
10 0.555000 0.932000 0.038000 0.052000
10 0.691000 0.529000 0.034000 0.042000
10 0.042000 0.455000 0.036000 0.046000
10 0.416000 0.860000 0.036000 0.048000
10 0.844000 0.420000 0.032000 0.044000
10 0.826000 0.271000 0.032000 0.038000
1 0.501180 0.356000 0.582360 0.712000
10 0.731000 0.629000 0.038000 0.038000
10 0.271000 0.825000 0.034000 0.042000
10 0.779000 0.554000 0.042000 0.036000
10 0.461910 0.881980 0.027820 0.043960
10 0.488000 0.883000 0.028000 0.046000
2 0.362000 0.878000 0.100000 0.112000
6 0.052000 0.686000 0.036000 0.068000
10 0.538000 0.973000 0.032000 0.042000
1 0.966000 0.400000 0.064000 0.148000
1 0.908000 0.775620 0.180000 0.443240
10 0.236000 0.775000 0.036000 0.042000
2 0.566000 0.860000 0.096000 0.112000
10 0.663000 0.580000 0.034000 0.044000
10 0.703000 0.684000 0.038000 0.028000
1 0.739000 0.816000 0.138000 0.164000
1 0.256390 0.110620 0.428780 0.221240
