1 0.071000 0.084000 0.142000 0.164000
1 0.075000 0.821000 0.118000 0.134000
6 0.237000 0.648000 0.042000 0.056000
1 0.195000 0.295000 0.154000 0.158000
2 0.055000 0.345000 0.074000 0.058000
10 0.756000 0.781000 0.044000 0.046000
1 0.068000 0.499000 0.136000 0.214000
10 0.427000 0.929000 0.038000 0.046000
10 0.183000 0.569000 0.038000 0.046000
10 0.029000 0.888000 0.042000 0.048000
1 0.957000 0.913000 0.082000 0.170000
10 0.379000 0.742000 0.038000 0.044000
10 0.393000 0.877000 0.038000 0.042000
10 0.215000 0.509000 0.030000 0.034000
1 0.244000 0.952000 0.144000 0.092000
10 0.140000 0.403000 0.024000 0.030000
10 0.372000 0.841000 0.032000 0.038000
6 0.895000 0.980000 0.042000 0.036000
10 0.191000 0.479000 0.022000 0.026000
10 0.316000 0.026000 0.052000 0.048000
1 0.198000 0.733000 0.152000 0.162000
5 0.594000 0.833000 0.108000 0.074000
10 0.094000 0.438000 0.040000 0.048000
10 0.100000 0.978000 0.036000 0.040000
1 0.628000 0.488000 0.740000 0.644000
6 0.511000 0.202000 0.050000 0.044000
10 0.021000 0.992000 0.042000 0.012000
