1 0.851000 0.589000 0.294000 0.218000
10 0.259000 0.699000 0.030000 0.046000
6 0.469000 0.641000 0.054000 0.042000
6 0.056000 0.826000 0.044000 0.060000
2 0.767000 0.957000 0.074000 0.066000
1 0.328000 0.862000 0.656000 0.272000
10 0.859000 0.976000 0.046000 0.028000
6 0.592000 0.767000 0.056000 0.082000
10 0.094000 0.677000 0.040000 0.042000
10 0.040000 0.703000 0.040000 0.038000
10 0.761000 0.790000 0.050000 0.036000
10 0.638000 0.590000 0.048000 0.024000
10 0.161000 0.751000 0.038000 0.050000
10 0.897000 0.948000 0.046000 0.028000
10 0.663000 0.906000 0.042000 0.036000
10 0.695000 0.716000 0.050000 0.036000
10 0.791000 0.867000 0.046000 0.030000
10 0.287000 0.594000 0.034000 0.032000
10 0.307000 0.678000 0.042000 0.060000
10 0.857000 0.920000 0.042000 0.028000
10 0.171000 0.642000 0.042000 0.028000
10 0.431000 0.647000 0.034000 0.046000
6 0.638000 0.617000 0.076000 0.034000
1 0.911000 0.791000 0.174000 0.214000
10 0.380000 0.072000 0.024000 0.048000
10 0.010000 0.029000 0.020000 0.054000
6 0.761000 0.820000 0.070000 0.032000
10 0.478000 0.588000 0.072000 0.028000
10 0.777000 0.729000 0.018000 0.042000
10 0.428000 0.073000 0.020000 0.046000
10 0.012000 0.722000 0.024000 0.036000
1 0.971000 0.945000 0.054000 0.106000
10 0.675000 0.670000 0.046000 0.020000
10 0.592000 0.538000 0.056000 0.032000
6 0.218000 0.617000 0.044000 0.034000
10 0.376000 0.656000 0.036000 0.048000
5 0.037000 0.786000 0.074000 0.048000
10 0.093000 0.758000 0.050000 0.036000
10 0.631000 0.645000 0.034000 0.022000
