1 0.605000 0.673000 0.278000 0.218000
10 0.872000 0.482000 0.052000 0.036000
10 0.179000 0.649000 0.042000 0.034000
1 0.262000 0.154000 0.524000 0.308000
10 0.036000 0.282000 0.040000 0.044000
10 0.141000 0.157000 0.046000 0.058000
10 0.289000 0.266000 0.054000 0.040000
1 0.803000 0.940000 0.282000 0.116000
10 0.559000 0.151000 0.046000 0.046000
10 0.202000 0.196000 0.044000 0.052000
10 0.805000 0.610000 0.046000 0.036000
10 0.773000 0.546000 0.046000 0.036000
10 0.859000 0.772000 0.046000 0.036000
10 0.096000 0.271000 0.044000 0.050000
10 0.847000 0.388000 0.046000 0.032000
10 0.757000 0.502000 0.042000 0.032000
10 0.842000 0.700000 0.036000 0.032000
10 0.892000 0.543000 0.056000 0.034000
10 0.649000 0.507000 0.042000 0.030000
10 0.077000 0.312000 0.038000 0.048000
10 0.166000 0.299000 0.036000 0.050000
10 0.533000 0.008000 0.042000 0.016000
10 0.252000 0.223000 0.040000 0.046000
10 0.761000 0.131000 0.050000 0.054000
10 0.188000 0.478000 0.028000 0.032000
2 0.927000 0.159000 0.078000 0.126000
10 0.615000 0.081000 0.046000 0.046000
6 0.300920 0.297380 0.053840 0.050760
