6 0.472000 0.358000 0.048000 0.060000
10 0.204000 0.689000 0.064000 0.054000
10 0.248000 0.827000 0.052000 0.046000
10 0.372000 0.502000 0.044000 0.052000
10 0.577000 0.198000 0.038000 0.052000
10 0.438000 0.411000 0.044000 0.054000
10 0.633000 0.273000 0.046000 0.058000
10 0.450000 0.555000 0.036000 0.054000
10 0.038000 0.418000 0.044000 0.032000
10 0.751000 0.098000 0.042000 0.056000
10 0.080000 0.446000 0.040000 0.032000
10 0.613000 0.139000 0.042000 0.050000
6 0.512000 0.458000 0.040000 0.056000
1 0.303000 0.241000 0.578000 0.478000
6 0.507000 0.301000 0.042000 0.058000
10 0.117000 0.466000 0.034000 0.028000
2 0.319000 0.541000 0.054000 0.046000
1 0.021000 0.948000 0.042000 0.100000
