1 0.523000 0.452000 0.222000 0.252000
1 0.216000 0.187000 0.432000 0.374000
1 0.420000 0.802000 0.336000 0.244000
10 0.839000 0.775000 0.050000 0.042000
10 0.624000 0.914000 0.036000 0.032000
10 0.178000 0.366000 0.044000 0.044000
10 0.019000 0.285000 0.038000 0.038000
6 0.234000 0.416000 0.064000 0.044000
1 0.098000 0.609000 0.196000 0.282000
10 0.152000 0.413000 0.044000 0.038000
2 0.311000 0.951000 0.078000 0.070000
1 0.962000 0.260000 0.072000 0.144000
1 0.793000 0.061000 0.282000 0.122000
10 0.719000 0.835000 0.042000 0.034000
10 0.070000 0.045000 0.044000 0.038000
1 0.429730 0.621830 0.171460 0.175660
1 0.689820 0.731710 0.275640 0.199420
1 0.793000 0.353720 0.238000 0.255440
