1 0.577260 0.561760 0.842520 0.723520
1 0.271000 0.499000 0.226000 0.194000
1 0.468000 0.329000 0.200000 0.202000
1 0.812000 0.075000 0.216000 0.150000
10 0.468000 0.440000 0.024000 0.036000
10 0.215000 0.629000 0.030000 0.038000
10 0.599000 0.329000 0.042000 0.050000
10 0.031000 0.137000 0.046000 0.038000
10 0.916000 0.507000 0.036000 0.038000
10 0.528000 0.391000 0.032000 0.034000
10 0.952000 0.478000 0.028000 0.036000
10 0.857000 0.553000 0.042000 0.050000
1 0.941000 0.691000 0.114000 0.282000
1 0.645000 0.191000 0.198000 0.190000
6 0.244000 0.689000 0.052000 0.046000
10 0.150000 0.017000 0.040000 0.034000
10 0.793000 0.183000 0.034000 0.038000
1 0.980000 0.116000 0.036000 0.136000
1 0.742000 0.878000 0.356000 0.240000
10 0.698000 0.260000 0.028000 0.028000
10 0.190000 0.007000 0.040000 0.014000
6 0.253700 0.604710 0.043400 0.041420
