1 0.703000 0.179000 0.590000 0.358000
10 0.570000 0.379000 0.052000 0.038000
10 0.624000 0.388000 0.056000 0.036000
2 0.419000 0.388000 0.062000 0.120000
2 0.636000 0.536000 0.144000 0.072000
10 0.252000 0.356000 0.060000 0.040000
10 0.865000 0.540000 0.038000 0.028000
10 0.485000 0.423000 0.054000 0.042000
1 0.922000 0.823000 0.152000 0.350000
2 0.131000 0.241000 0.098000 0.062000
10 0.863000 0.835000 0.042000 0.050000
10 0.698000 0.404000 0.056000 0.032000
10 0.357000 0.155000 0.034000 0.050000
10 0.365000 0.631000 0.030000 0.034000
6 0.498000 0.743000 0.040000 0.078000
10 0.323000 0.652000 0.038000 0.036000
1 0.615000 0.851000 0.186000 0.130000
10 0.591000 0.016000 0.046000 0.032000
2 0.340000 0.295000 0.116000 0.058000
1 0.246000 0.777000 0.492000 0.446000
1 0.681000 0.952000 0.274000 0.092000
1 0.053670 0.548440 0.107340 0.144880
1 0.201100 0.100990 0.102200 0.097980
1 0.311180 0.048430 0.182360 0.096860
