1 0.847000 0.514000 0.214000 0.144000
1 0.624000 0.925000 0.140000 0.138000
1 0.233000 0.070000 0.126000 0.140000
1 0.728000 0.629000 0.152000 0.138000
1 0.390000 0.683000 0.156000 0.134000
1 0.442000 0.091000 0.132000 0.146000
1 0.347000 0.811000 0.142000 0.126000
1 0.504000 0.455000 0.108000 0.126000
1 0.465000 0.569000 0.126000 0.146000
1 0.090000 0.932000 0.144000 0.132000
1 0.314000 0.254000 0.108000 0.104000
1 0.916000 0.277000 0.148000 0.134000
10 0.475000 0.948000 0.034000 0.048000
10 0.884000 0.045000 0.036000 0.050000
1 0.918000 0.940000 0.124000 0.116000
10 0.650000 0.568000 0.032000 0.048000
10 0.716000 0.419000 0.036000 0.050000
1 0.969000 0.686000 0.058000 0.172000
6 0.497000 0.892000 0.042000 0.056000
1 0.032000 0.440000 0.064000 0.144000
1 0.585000 0.193000 0.198000 0.178000
1 0.904000 0.398000 0.108000 0.100000
1 0.800000 0.775000 0.184000 0.134000
10 0.522000 0.978000 0.028000 0.032000
1 0.708000 0.048000 0.184000 0.096000
1 0.240000 0.985000 0.120000 0.026000
1 0.985000 0.101000 0.026000 0.110000
11 0.201000 0.555000 0.054000 0.054000
1 0.348000 0.961000 0.088000 0.074000
