1 0.701000 0.869000 0.190000 0.186000
6 0.780000 0.752000 0.060000 0.052000
1 0.945000 0.879000 0.106000 0.102000
6 0.763000 0.626000 0.046000 0.052000
10 0.652000 0.673000 0.036000 0.042000
10 0.698000 0.756000 0.036000 0.052000
3 0.303850 0.433850 0.607700 0.867700
6 0.396000 0.010000 0.076000 0.020000
5 0.086150 0.897690 0.112300 0.095380
5 0.111380 0.920620 0.110760 0.089240
5 0.064920 0.878920 0.113840 0.093840
5 0.049230 0.848460 0.098460 0.096920
5 0.036150 0.824920 0.072300 0.073840
5 0.195380 0.968760 0.070760 0.061520
