1 0.394000 0.603000 0.128000 0.126000
1 0.851000 0.640000 0.102000 0.124000
1 0.135000 0.754000 0.122000 0.128000
1 0.867000 0.945000 0.134000 0.106000
1 0.367000 0.052000 0.114000 0.104000
1 0.911000 0.846000 0.122000 0.104000
1 0.415000 0.797000 0.118000 0.098000
1 0.768000 0.075000 0.204000 0.150000
1 0.097000 0.333000 0.110000 0.094000
1 0.076000 0.527000 0.148000 0.130000
1 0.842000 0.525000 0.120000 0.094000
1 0.098000 0.645000 0.148000 0.098000
1 0.352000 0.308000 0.124000 0.076000
1 0.812000 0.333000 0.200000 0.202000
1 0.041000 0.418000 0.082000 0.092000
1 0.620000 0.878000 0.084000 0.120000
1 0.934000 0.728000 0.128000 0.116000
10 0.595000 0.315000 0.042000 0.030000
1 0.343000 0.147000 0.146000 0.094000
6 0.256000 0.514000 0.032000 0.052000
10 0.194000 0.356000 0.028000 0.048000
1 0.085000 0.954000 0.130000 0.088000
10 0.313000 0.912000 0.030000 0.056000
6 0.884000 0.046000 0.028000 0.056000
10 0.179000 0.216000 0.030000 0.048000
10 0.164000 0.133000 0.032000 0.058000
10 0.962000 0.254000 0.028000 0.052000
10 0.274000 0.645000 0.028000 0.050000
10 0.925000 0.353000 0.026000 0.046000
10 0.245000 0.441000 0.030000 0.050000
10 0.982000 0.387000 0.024000 0.038000
10 0.185000 0.266000 0.022000 0.044000
1 0.569000 0.582000 0.094000 0.120000
10 0.587000 0.250000 0.038000 0.024000
1 0.503000 0.968000 0.114000 0.060000
1 0.375000 0.484000 0.122000 0.104000
10 0.930000 0.051000 0.020000 0.046000
10 0.266000 0.594000 0.028000 0.040000
10 0.328000 0.989000 0.024000 0.018000
10 0.886000 0.107000 0.024000 0.042000
10 0.295000 0.798000 0.030000 0.052000
10 0.874000 0.009000 0.028000 0.018000
1 0.740000 0.601000 0.072000 0.082000
