1 0.183000 0.896000 0.366000 0.204000
1 0.409000 0.169000 0.522000 0.338000
10 0.050000 0.216000 0.036000 0.036000
10 0.186000 0.203000 0.044000 0.026000
10 0.976000 0.979000 0.044000 0.038000
10 0.052000 0.430000 0.032000 0.040000
10 0.070000 0.231000 0.036000 0.038000
10 0.033000 0.192000 0.046000 0.044000
10 0.095000 0.111000 0.030000 0.034000
10 0.080000 0.420000 0.024000 0.036000
2 0.056000 0.687500 0.076000 0.083000
10 0.015000 0.175000 0.030000 0.030000
10 0.146000 0.162000 0.024000 0.028000
10 0.112000 0.131000 0.032000 0.030000
10 0.127000 0.148000 0.038000 0.032000
6 0.640000 0.782000 0.028000 0.060000
10 0.435500 0.770500 0.023000 0.049000
10 0.464000 0.771500 0.020000 0.043000
10 0.490500 0.775000 0.029000 0.046000
10 0.668000 0.765000 0.028000 0.054000
10 0.516000 0.774500 0.020000 0.045000
10 0.690000 0.766500 0.020000 0.049000
1 0.496500 0.552000 0.833000 0.112000
1 0.936000 0.569500 0.128000 0.483000
