1 0.608000 0.074000 0.136000 0.148000
1 0.435000 0.860000 0.174000 0.276000
1 0.891000 0.181000 0.126000 0.138000
1 0.303000 0.143000 0.138000 0.138000
1 0.765000 0.733000 0.470000 0.202000
1 0.753000 0.627000 0.186000 0.134000
1 0.496000 0.443000 0.136000 0.114000
1 0.054000 0.679000 0.108000 0.138000
1 0.072000 0.050000 0.144000 0.100000
6 0.278000 0.804000 0.036000 0.056000
1 0.298000 0.041000 0.140000 0.082000
1 0.900000 0.039000 0.116000 0.078000
10 0.358000 0.478000 0.028000 0.044000
2 0.166000 0.924000 0.044000 0.084000
10 0.531000 0.941000 0.046000 0.034000
1 0.614940 0.248180 0.293880 0.208360
10 0.312000 0.665000 0.028000 0.046000
10 0.555400 0.878410 0.042800 0.032820
10 0.561000 0.832000 0.050000 0.028000
10 0.566430 0.811010 0.044860 0.030020
10 0.573000 0.784000 0.046000 0.032000
10 0.425000 0.174000 0.026000 0.044000
1 0.195000 0.645000 0.134000 0.238000
10 0.381000 0.370000 0.026000 0.044000
10 0.400000 0.051000 0.024000 0.046000
2 0.237000 0.842000 0.070000 0.056000
10 0.543000 0.898000 0.050000 0.028000
10 0.416000 0.217000 0.024000 0.042000
1 0.923000 0.342000 0.134000 0.140000
1 0.684000 0.424000 0.076000 0.072000
10 0.465000 0.017000 0.026000 0.034000
10 0.948000 0.895000 0.036000 0.022000
1 0.039000 0.406000 0.078000 0.352000
10 0.307000 0.255000 0.046000 0.034000
1 0.851000 0.964000 0.202000 0.068000
1 0.807000 0.511000 0.050000 0.070000
1 0.826000 0.342000 0.060000 0.076000
1 0.703000 0.892000 0.250000 0.212000
1 0.791000 0.006000 0.094000 0.012000
10 0.957350 0.876970 0.046700 0.025940
10 0.316480 0.233980 0.044960 0.031960
