1 0.716000 0.904000 0.148000 0.180000
1 0.146000 0.768000 0.284000 0.148000
1 0.847000 0.603000 0.130000 0.114000
10 0.404000 0.548000 0.040000 0.032000
10 0.452000 0.911000 0.044000 0.030000
1 0.041000 0.952000 0.082000 0.092000
10 0.946000 0.577000 0.040000 0.046000
1 0.403000 0.719000 0.294000 0.282000
10 0.663000 0.412000 0.050000 0.036000
10 0.937000 0.404000 0.034000 0.048000
2 0.966000 0.687000 0.064000 0.098000
1 0.931000 0.803000 0.134000 0.134000
1 0.491000 0.945000 0.258000 0.106000
2 0.975000 0.612000 0.046000 0.052000
10 0.964000 0.251000 0.032000 0.042000
10 0.260000 0.985000 0.048000 0.026000
1 0.744000 0.689000 0.120000 0.110000
6 0.951000 0.125000 0.042000 0.050000
10 0.989000 0.555000 0.018000 0.046000
10 0.987000 0.106000 0.022000 0.048000
1 0.973000 0.948000 0.050000 0.100000
10 0.200000 0.994000 0.044000 0.008000
10 0.934000 0.243000 0.028000 0.030000
10 0.927000 0.137000 0.034000 0.050000
6 0.338000 0.806000 0.040000 0.060000
10 0.300000 0.594000 0.052000 0.040000
10 0.994000 0.222000 0.008000 0.032000
