1 0.592000 0.436000 0.204000 0.172000
2 0.961000 0.895000 0.074000 0.086000
1 0.901000 0.350000 0.194000 0.224000
10 0.805000 0.519000 0.038000 0.050000
1 0.840000 0.071000 0.300000 0.142000
10 0.424000 0.291000 0.040000 0.038000
10 0.468000 0.257000 0.036000 0.034000
1 0.086000 0.927000 0.172000 0.142000
2 0.976000 0.781000 0.044000 0.074000
10 0.753000 0.150000 0.038000 0.044000
1 0.298810 0.525340 0.385620 0.394680
1 0.248000 0.032000 0.168000 0.064000
1 0.881000 0.989000 0.134000 0.018000
1 0.121100 0.770050 0.242200 0.228100
