1 0.721360 0.303430 0.370720 0.290860
10 0.543000 0.252000 0.034000 0.044000
10 0.947000 0.929000 0.046000 0.038000
10 0.142000 0.932000 0.048000 0.052000
1 0.157000 0.666000 0.282000 0.240000
1 0.365000 0.072000 0.166000 0.144000
10 0.180000 0.971000 0.044000 0.046000
10 0.860000 0.987000 0.048000 0.022000
1 0.382000 0.819000 0.224000 0.286000
10 0.243000 0.978000 0.054000 0.040000
10 0.009000 0.749000 0.018000 0.054000
1 0.856620 0.084880 0.281240 0.165760
10 0.014000 0.685000 0.028000 0.046000
1 0.089950 0.404580 0.179900 0.301160
1 0.351890 0.363440 0.199780 0.218880
1 0.504050 0.618820 0.248100 0.189640
1 0.564560 0.943850 0.305120 0.111700
1 0.602360 0.530320 0.232720 0.256640
1 0.434380 0.230540 0.196760 0.181080
1 0.286540 0.521270 0.181080 0.162540
1 0.160680 0.275040 0.185360 0.258080
1 0.556520 0.083410 0.201040 0.166820
2 0.172620 0.810200 0.101240 0.088400
1 0.867880 0.712630 0.263760 0.341260
