1 0.130000 0.951000 0.132000 0.094000
1 0.341000 0.375000 0.238000 0.222000
10 0.932000 0.811000 0.048000 0.042000
10 0.570000 0.250000 0.024000 0.036000
10 0.707000 0.040000 0.042000 0.048000
10 0.660000 0.960000 0.032000 0.040000
10 0.688000 0.082000 0.036000 0.040000
1 0.084000 0.062000 0.136000 0.124000
1 0.519000 0.931000 0.158000 0.134000
1 0.448000 0.167000 0.112000 0.118000
1 0.185000 0.854000 0.134000 0.124000
1 0.374000 0.040000 0.072000 0.080000
1 0.257000 0.645000 0.190000 0.294000
1 0.490710 0.062860 0.121420 0.125720
10 0.831920 0.941920 0.039840 0.039840
10 0.863130 0.976330 0.042260 0.044660
10 0.623120 0.859990 0.038240 0.047980
10 0.855050 0.863150 0.034100 0.042300
10 0.891340 0.906360 0.034680 0.048720
10 0.906290 0.927690 0.036580 0.047380
