1 0.585000 0.658000 0.178000 0.144000
1 0.670000 0.288000 0.204000 0.148000
1 0.289000 0.261000 0.166000 0.110000
1 0.668000 0.117000 0.116000 0.094000
1 0.295000 0.078000 0.102000 0.100000
1 0.214000 0.445000 0.112000 0.094000
1 0.346000 0.910000 0.132000 0.176000
1 0.733000 0.435000 0.134000 0.082000
1 0.530000 0.098000 0.112000 0.104000
1 0.050000 0.544000 0.100000 0.112000
1 0.858000 0.511000 0.080000 0.126000
1 0.955000 0.881000 0.086000 0.126000
1 0.117000 0.037000 0.178000 0.074000
1 0.589000 0.821000 0.126000 0.190000
1 0.870000 0.844000 0.092000 0.116000
10 0.935000 0.085000 0.046000 0.030000
10 0.460000 0.547000 0.024000 0.042000
1 0.689000 0.906000 0.094000 0.120000
1 0.422000 0.287000 0.108000 0.098000
10 0.609000 0.406000 0.046000 0.024000
1 0.879000 0.231000 0.102000 0.122000
10 0.069000 0.772000 0.034000 0.044000
10 0.849000 0.071000 0.042000 0.030000
10 0.248000 0.310000 0.052000 0.036000
10 0.932000 0.966000 0.052000 0.028000
1 0.084000 0.411000 0.084000 0.098000
1 0.614000 0.454000 0.092000 0.076000
10 0.946000 0.275000 0.024000 0.050000
10 0.817000 0.982000 0.042000 0.032000
1 0.944000 0.605000 0.084000 0.110000
10 0.044000 0.268000 0.048000 0.036000
10 0.801000 0.064000 0.046000 0.028000
10 0.978000 0.966000 0.040000 0.028000
2 0.479000 0.980000 0.070000 0.036000
10 0.495000 0.865000 0.026000 0.046000
10 0.501000 0.911000 0.022000 0.038000
10 0.540000 0.020000 0.056000 0.028000
10 0.950000 0.220000 0.024000 0.040000
10 0.476000 0.707000 0.028000 0.054000
10 0.488000 0.813000 0.024000 0.046000
10 0.746000 0.059000 0.060000 0.038000
1 0.014000 0.199000 0.028000 0.094000
1 0.131000 0.191000 0.150000 0.154000
10 0.698000 0.048000 0.036000 0.024000
2 0.973000 0.127000 0.050000 0.046000
10 0.481000 0.010000 0.046000 0.020000
6 0.017000 0.747000 0.034000 0.050000
10 0.480000 0.763000 0.024000 0.046000
10 0.386000 0.507000 0.028000 0.058000
10 0.913000 0.510000 0.022000 0.044000
10 0.958000 0.167000 0.028000 0.050000
10 0.454000 0.499000 0.024000 0.046000
10 0.601000 0.994000 0.046000 0.008000
1 0.745000 0.590000 0.214000 0.152000
1 0.964000 0.019000 0.068000 0.038000
10 0.034000 0.763000 0.036000 0.038000
1 0.865000 0.719000 0.066000 0.070000
1 0.124000 0.867000 0.216000 0.262000
1 0.312000 0.504000 0.124000 0.168000
1 0.991000 0.714000 0.014000 0.080000
1 0.783000 0.162000 0.134000 0.152000
1 0.529330 0.322000 0.118660 0.116000
