1 0.876000 0.500000 0.180000 0.284000
1 0.483000 0.052000 0.126000 0.104000
1 0.224000 0.501000 0.120000 0.142000
1 0.566000 0.679000 0.248000 0.186000
1 0.331000 0.747000 0.258000 0.154000
1 0.204000 0.206000 0.164000 0.132000
10 0.337000 0.842000 0.050000 0.036000
10 0.034000 0.971000 0.052000 0.038000
10 0.883000 0.635000 0.046000 0.042000
10 0.721000 0.721000 0.046000 0.038000
10 0.147000 0.491000 0.022000 0.046000
2 0.189000 0.842000 0.110000 0.056000
1 0.267000 0.329000 0.206000 0.086000
10 0.089000 0.514000 0.030000 0.052000
10 0.065000 0.374000 0.026000 0.040000
10 0.042000 0.230000 0.028000 0.044000
10 0.912000 0.254000 0.028000 0.044000
10 0.075000 0.448000 0.034000 0.056000
10 0.127000 0.767000 0.026000 0.046000
1 0.546000 0.204000 0.172000 0.124000
10 0.021000 0.080000 0.026000 0.048000
10 0.473000 0.407000 0.030000 0.042000
1 0.419000 0.550000 0.150000 0.076000
10 0.715000 0.761000 0.050000 0.034000
1 0.638000 0.056000 0.196000 0.112000
10 0.404000 0.491000 0.032000 0.046000
1 0.961000 0.142000 0.074000 0.120000
10 0.021000 0.566000 0.042000 0.032000
10 0.117000 0.717000 0.026000 0.046000
10 0.366000 0.422000 0.020000 0.044000
10 0.517000 0.459000 0.046000 0.034000
10 0.058000 0.705000 0.048000 0.034000
10 0.418000 0.415000 0.028000 0.046000
10 0.071000 0.736000 0.030000 0.028000
10 0.937000 0.980000 0.042000 0.036000
10 0.313000 0.927000 0.034000 0.022000
1 0.987000 0.366000 0.022000 0.096000
10 0.343000 0.423000 0.026000 0.042000
10 0.030000 0.772000 0.032000 0.044000
10 0.050000 0.643000 0.048000 0.038000
10 0.929000 0.617000 0.046000 0.034000
10 0.078000 0.768000 0.028000 0.036000
10 0.492000 0.830000 0.052000 0.040000
10 0.153000 0.532000 0.022000 0.036000
1 0.008000 0.406000 0.016000 0.140000
10 0.029000 0.124000 0.022000 0.040000
1 0.695000 0.511000 0.162000 0.162000
10 0.009000 0.019000 0.018000 0.038000
10 0.014000 0.668000 0.028000 0.040000
