1 0.268000 0.237000 0.536000 0.162000
1 0.885000 0.399000 0.226000 0.322000
10 0.241000 0.348000 0.050000 0.028000
10 0.069000 0.345000 0.046000 0.030000
10 0.222000 0.487000 0.044000 0.026000
10 0.132000 0.344000 0.048000 0.028000
10 0.679000 0.266000 0.038000 0.028000
2 0.716000 0.067000 0.084000 0.050000
10 0.307000 0.564000 0.042000 0.028000
10 0.414000 0.544000 0.044000 0.032000
10 0.302070 0.540650 0.044140 0.025300
10 0.303000 0.510000 0.046000 0.032000
10 0.216000 0.587000 0.044000 0.026000
2 0.836000 0.014000 0.056000 0.028000
10 0.411000 0.469000 0.042000 0.038000
10 0.186000 0.345000 0.044000 0.030000
10 0.661000 0.304000 0.018000 0.044000
10 0.067000 0.084000 0.022000 0.040000
10 0.943000 0.016000 0.046000 0.024000
10 0.020000 0.080000 0.024000 0.032000
10 0.421000 0.574000 0.046000 0.028000
10 0.216000 0.511000 0.044000 0.022000
10 0.220000 0.562000 0.036000 0.024000
10 0.440000 0.007000 0.036000 0.014000
10 0.484000 0.008000 0.040000 0.016000
10 0.307000 0.589000 0.038000 0.022000
2 0.578000 0.009000 0.056000 0.018000
1 0.856000 0.083000 0.148000 0.114000
10 0.252000 0.088000 0.028000 0.048000
1 0.978000 0.085000 0.040000 0.102000
10 0.303730 0.465670 0.047460 0.027340
1 0.833050 0.191910 0.122100 0.111820
