1 0.140000 0.508000 0.272000 0.268000
1 0.456000 0.626000 0.300000 0.272000
1 0.867000 0.800000 0.134000 0.128000
1 0.617000 0.890000 0.114000 0.124000
1 0.906000 0.682000 0.128000 0.124000
10 0.024000 0.173000 0.044000 0.042000
10 0.614000 0.479000 0.036000 0.042000
10 0.430000 0.369000 0.032000 0.046000
10 0.923000 0.841000 0.034000 0.046000
10 0.389000 0.342000 0.034000 0.044000
10 0.615000 0.754000 0.038000 0.036000
10 0.652000 0.512000 0.036000 0.040000
10 0.470000 0.396000 0.040000 0.044000
10 0.534000 0.426000 0.032000 0.044000
10 0.897000 0.883000 0.030000 0.038000
10 0.952000 0.795000 0.036000 0.046000
10 0.689000 0.545000 0.038000 0.046000
10 0.686000 0.585000 0.032000 0.034000
10 0.232710 0.251180 0.029420 0.042360
10 0.249000 0.262000 0.038000 0.044000
1 0.740000 0.705000 0.112000 0.126000
1 0.586000 0.242000 0.668000 0.372000
10 0.982000 0.753000 0.032000 0.046000
1 0.915000 0.520000 0.166000 0.244000
10 0.121000 0.014000 0.058000 0.028000
10 0.309880 0.303760 0.031760 0.043520
10 0.331060 0.314940 0.034120 0.045880
10 0.347000 0.321000 0.030000 0.038000
1 0.815050 0.619740 0.130100 0.143480
1 0.558890 0.951700 0.105780 0.095400
