6 0.263000 0.488000 0.038000 0.060000
10 0.314000 0.456000 0.032000 0.048000
2 0.919000 0.194000 0.134000 0.044000
10 0.066000 0.113000 0.032000 0.034000
1 0.325000 0.727000 0.634000 0.542000
10 0.363000 0.012000 0.042000 0.024000
10 0.626000 0.007000 0.040000 0.014000
10 0.372000 0.446000 0.032000 0.052000
10 0.118000 0.948000 0.044000 0.036000
10 0.925000 0.590000 0.038000 0.032000
1 0.408000 0.219000 0.580000 0.338000
10 0.306000 0.034000 0.036000 0.036000
10 0.992000 0.851000 0.012000 0.038000
5 0.978000 0.465000 0.040000 0.054000
10 0.539000 0.036000 0.070000 0.048000
1 0.864000 0.938000 0.240000 0.120000
10 0.008000 0.766000 0.016000 0.032000
1 0.982000 0.335000 0.032000 0.102000
