1 0.357000 0.659000 0.210000 0.154000
1 0.906000 0.358000 0.184000 0.184000
1 0.337000 0.512000 0.122000 0.152000
1 0.292000 0.894000 0.156000 0.208000
1 0.098000 0.772000 0.128000 0.092000
1 0.738000 0.469000 0.200000 0.150000
10 0.242000 0.230000 0.048000 0.040000
1 0.619000 0.966000 0.102000 0.064000
1 0.129000 0.547000 0.158000 0.374000
10 0.270000 0.503000 0.028000 0.050000
10 0.049000 0.402000 0.042000 0.032000
1 0.856000 0.793000 0.204000 0.162000
10 0.791000 0.014000 0.038000 0.028000
2 0.216000 0.286000 0.056000 0.080000
10 0.225000 0.483000 0.022000 0.042000
10 0.365000 0.167000 0.046000 0.038000
1 0.780000 0.099000 0.208000 0.190000
1 0.039000 0.172000 0.078000 0.340000
1 0.500000 0.765000 0.128000 0.330000
10 0.219000 0.550000 0.022000 0.048000
10 0.162000 0.927000 0.024000 0.050000
1 0.682000 0.761000 0.160000 0.134000
2 0.272000 0.322000 0.068000 0.044000
1 0.089000 0.902000 0.122000 0.112000
1 0.938000 0.079000 0.120000 0.158000
10 0.010000 0.359000 0.020000 0.034000
1 0.540000 0.267000 0.124000 0.222000
1 0.583000 0.013000 0.214000 0.026000
