1 0.500000 0.539000 0.136000 0.126000
1 0.449000 0.090000 0.210000 0.180000
1 0.888000 0.753000 0.112000 0.130000
1 0.612000 0.346000 0.144000 0.120000
1 0.546000 0.217000 0.120000 0.106000
1 0.661000 0.500000 0.130000 0.164000
1 0.814000 0.603000 0.112000 0.126000
10 0.721000 0.268000 0.038000 0.048000
10 0.471000 0.688000 0.046000 0.028000
10 0.593000 0.118000 0.042000 0.036000
10 0.920000 0.665000 0.036000 0.046000
10 0.768000 0.363000 0.036000 0.046000
10 0.788000 0.403000 0.032000 0.034000
10 0.040000 0.157000 0.040000 0.030000
10 0.942000 0.709000 0.032000 0.042000
10 0.668000 0.160000 0.040000 0.052000
10 0.416000 0.612000 0.036000 0.052000
1 0.167000 0.347000 0.142000 0.118000
10 0.900000 0.617000 0.032000 0.042000
1 0.170000 0.772000 0.308000 0.400000
10 0.603000 0.036000 0.042000 0.056000
10 0.018000 0.183000 0.032000 0.034000
1 0.488000 0.844000 0.228000 0.228000
10 0.617000 0.853000 0.042000 0.022000
10 0.744000 0.319000 0.036000 0.046000
10 0.967000 0.756000 0.038000 0.052000
1 0.251000 0.175000 0.186000 0.142000
1 0.057000 0.394000 0.114000 0.148000
10 0.629000 0.253000 0.038000 0.030000
4 0.892880 0.211880 0.213760 0.423760
