2 0.317000 0.164000 0.086000 0.072000
1 0.945000 0.529000 0.106000 0.162000
10 0.360000 0.873000 0.032000 0.046000
1 0.155370 0.571980 0.138740 0.151960
10 0.115000 0.522000 0.038000 0.044000
1 0.488890 0.155590 0.245780 0.239180
10 0.435000 0.035000 0.034000 0.042000
1 0.791000 0.744000 0.102000 0.112000
1 0.264000 0.052000 0.216000 0.104000
1 0.118000 0.282000 0.236000 0.416000
1 0.716000 0.906000 0.268000 0.184000
1 0.397000 0.650000 0.182000 0.144000
1 0.945000 0.826000 0.106000 0.172000
1 0.482000 0.836000 0.304000 0.324000
1 0.732000 0.241000 0.532000 0.478000
10 0.026000 0.654000 0.028000 0.032000
1 0.870000 0.645000 0.120000 0.098000
1 0.119000 0.802000 0.238000 0.392000
1 0.358870 0.394910 0.249740 0.241820
1 0.278750 0.632280 0.129500 0.232560
