1 0.909000 0.392000 0.154000 0.132000
1 0.104000 0.540000 0.140000 0.120000
1 0.452000 0.338000 0.096000 0.092000
1 0.751000 0.045000 0.162000 0.090000
1 0.344000 0.571000 0.116000 0.134000
1 0.943000 0.832000 0.110000 0.184000
1 0.029000 0.677000 0.058000 0.106000
10 0.235000 0.635000 0.034000 0.042000
10 0.317000 0.840000 0.034000 0.052000
1 0.476000 0.855000 0.212000 0.258000
10 0.158000 0.368000 0.028000 0.048000
5 0.125690 0.252090 0.039380 0.080180
10 0.111000 0.183000 0.030000 0.050000
10 0.984000 0.285000 0.028000 0.030000
10 0.271000 0.730000 0.030000 0.056000
10 0.391000 0.971000 0.034000 0.046000
10 0.215000 0.383000 0.026000 0.046000
10 0.241000 0.488000 0.026000 0.048000
10 0.252000 0.539000 0.028000 0.050000
1 0.299000 0.112000 0.294000 0.224000
1 0.843000 0.178000 0.190000 0.244000
10 0.788000 0.812000 0.040000 0.032000
10 0.624000 0.900000 0.036000 0.032000
10 0.966000 0.649000 0.028000 0.042000
1 0.792000 0.911000 0.236000 0.174000
10 0.072000 0.024000 0.028000 0.044000
10 0.087000 0.078000 0.034000 0.060000
10 0.122000 0.661000 0.036000 0.046000
10 0.922000 0.014000 0.032000 0.028000
1 0.973000 0.530000 0.050000 0.132000
1 0.242000 0.909000 0.156000 0.170000
10 0.992000 0.328000 0.012000 0.044000
1 0.527000 0.587000 0.138000 0.110000
10 0.269000 0.589000 0.026000 0.050000
1 0.807000 0.668000 0.198000 0.208000
1 0.046000 0.781000 0.092000 0.138000
1 0.542000 0.037000 0.240000 0.074000
6 0.305920 0.686220 0.039840 0.060440
1 0.052000 0.245000 0.104000 0.490000
1 0.659320 0.758790 0.258640 0.249580
10 0.883840 0.824150 0.031680 0.024300
1 0.654880 0.211490 0.289760 0.210980
