1 0.892000 0.347000 0.212000 0.258000
10 0.623000 0.413000 0.046000 0.030000
10 0.649000 0.360000 0.050000 0.036000
10 0.874000 0.871000 0.048000 0.042000
10 0.617000 0.301000 0.042000 0.030000
10 0.406000 0.493000 0.044000 0.058000
10 0.363000 0.899000 0.034000 0.042000
10 0.509000 0.435000 0.038000 0.054000
10 0.210000 0.693000 0.036000 0.046000
10 0.562000 0.335000 0.032000 0.046000
10 0.587000 0.865000 0.026000 0.038000
10 0.552000 0.190000 0.052000 0.036000
2 0.630000 0.966000 0.060000 0.064000
10 0.638000 0.846000 0.028000 0.048000
1 0.604000 0.591000 0.372000 0.346000
10 0.474000 0.460000 0.036000 0.052000
10 0.251000 0.788000 0.042000 0.052000
10 0.279000 0.831000 0.038000 0.042000
10 0.512000 0.122000 0.068000 0.036000
1 0.178000 0.348000 0.356000 0.468000
10 0.720000 0.793000 0.032000 0.050000
10 0.678000 0.822000 0.032000 0.056000
6 0.381000 0.982000 0.034000 0.032000
10 0.825000 0.901000 0.042000 0.038000
