5 0.536000 0.631000 0.120000 0.078000
10 0.341000 0.673000 0.046000 0.042000
10 0.756000 0.867000 0.044000 0.042000
10 0.527000 0.703000 0.054000 0.046000
10 0.603000 0.921000 0.050000 0.038000
10 0.547100 0.930240 0.046200 0.036480
10 0.555000 0.902000 0.046000 0.036000
10 0.432000 0.897000 0.040000 0.038000
10 0.453000 0.851000 0.038000 0.030000
10 0.327000 0.590000 0.042000 0.032000
10 0.645000 0.830000 0.050000 0.040000
10 0.577000 0.969000 0.046000 0.042000
10 0.254000 0.596000 0.036000 0.048000
10 0.294000 0.777000 0.044000 0.038000
10 0.150000 0.693000 0.044000 0.038000
10 0.081000 0.832000 0.046000 0.036000
10 0.061000 0.462000 0.050000 0.040000
10 0.410000 0.941000 0.044000 0.034000
10 0.044000 0.893000 0.032000 0.038000
10 0.792490 0.938410 0.044980 0.032820
10 0.805000 0.911000 0.046000 0.038000
10 0.124000 0.742000 0.048000 0.032000
10 0.660490 0.804850 0.044980 0.037700
10 0.625710 0.767810 0.047420 0.031620
10 0.671000 0.774000 0.046000 0.040000
10 0.235000 0.768000 0.042000 0.036000
10 0.019000 0.823000 0.038000 0.038000
10 0.247890 0.862410 0.043780 0.032820
10 0.267000 0.813000 0.046000 0.038000
10 0.525000 0.974000 0.042000 0.032000
10 0.374000 0.615000 0.048000 0.038000
10 0.235000 0.883000 0.038000 0.038000
10 0.978000 0.925000 0.040000 0.038000
10 0.013000 0.467000 0.026000 0.038000
10 0.166490 0.904240 0.044980 0.036480
10 0.193000 0.857000 0.046000 0.042000
10 0.016000 0.575000 0.032000 0.034000
10 0.212000 0.925000 0.040000 0.038000
10 0.096000 0.668000 0.044000 0.032000
10 0.492000 0.784000 0.032000 0.024000
10 0.194000 0.603000 0.044000 0.034000
6 0.498000 0.898000 0.040000 0.056000
10 0.171000 0.520000 0.042000 0.040000
10 0.223000 0.543000 0.046000 0.042000
10 0.098000 0.785000 0.048000 0.046000
10 0.899000 0.962000 0.050000 0.044000
10 0.194000 0.972000 0.044000 0.036000
1 0.500000 0.394470 1.000000 0.788940
10 0.048000 0.756000 0.044000 0.040000
10 0.036000 0.516000 0.044000 0.040000
10 0.264000 0.722000 0.040000 0.036000
10 0.308000 0.624000 0.044000 0.036000
10 0.009000 0.982000 0.018000 0.032000
10 0.914570 0.934060 0.057140 0.040120
10 0.925000 0.904000 0.046000 0.040000
10 0.684000 0.989000 0.048000 0.018000
10 0.772000 0.982000 0.044000 0.032000
10 0.136000 0.971000 0.044000 0.038000
10 0.212000 0.814000 0.040000 0.036000
10 0.816000 0.041000 0.040000 0.030000
10 0.392000 0.987000 0.028000 0.022000
10 0.600670 0.815020 0.041340 0.034040
10 0.275100 0.707630 0.046200 0.035260
10 0.612930 0.790240 0.049860 0.036480
10 0.633710 0.744060 0.047420 0.040120
10 0.727360 0.939280 0.054720 0.042560
10 0.313280 0.750410 0.042560 0.032820
