1 0.738000 0.484000 0.124000 0.132000
1 0.760000 0.204000 0.116000 0.104000
1 0.792000 0.352000 0.116000 0.100000
1 0.399000 0.052000 0.106000 0.104000
1 0.797000 0.682000 0.106000 0.108000
1 0.339000 0.367000 0.130000 0.162000
1 0.303000 0.098000 0.094000 0.104000
1 0.548000 0.050000 0.200000 0.100000
1 0.607000 0.296000 0.134000 0.116000
1 0.340000 0.556000 0.160000 0.128000
1 0.835000 0.887000 0.126000 0.102000
1 0.955000 0.142000 0.086000 0.100000
1 0.098000 0.103000 0.120000 0.138000
1 0.779000 0.587000 0.106000 0.094000
1 0.385000 0.969000 0.102000 0.058000
1 0.048000 0.966000 0.096000 0.064000
10 0.117000 0.948000 0.026000 0.048000
10 0.860000 0.301000 0.028000 0.050000
10 0.268000 0.185000 0.044000 0.030000
10 0.591000 0.115000 0.046000 0.030000
10 0.398000 0.157000 0.048000 0.030000
10 0.352000 0.167000 0.048000 0.034000
10 0.163000 0.209000 0.046000 0.030000
10 0.080000 0.765000 0.032000 0.042000
10 0.884000 0.445000 0.028000 0.046000
10 0.876000 0.402000 0.032000 0.052000
10 0.070000 0.719000 0.024000 0.042000
10 0.543000 0.122000 0.050000 0.036000
1 0.188000 0.582000 0.140000 0.112000
10 0.064000 0.670000 0.028000 0.048000
10 0.948000 0.841000 0.028000 0.046000
2 0.851000 0.160000 0.074000 0.040000
10 0.900000 0.538000 0.024000 0.052000
1 0.473000 0.874000 0.134000 0.120000
10 0.034000 0.517000 0.032000 0.046000
10 0.852000 0.255000 0.028000 0.034000
10 0.962000 0.941000 0.028000 0.042000
2 0.783000 0.093000 0.042000 0.070000
10 0.119000 0.222000 0.046000 0.032000
2 0.805000 0.018000 0.074000 0.036000
1 0.982000 0.366000 0.032000 0.104000
10 0.010000 0.375000 0.020000 0.050000
1 0.814000 0.968000 0.156000 0.060000
10 0.918000 0.647000 0.032000 0.054000
10 0.971000 0.982000 0.026000 0.032000
10 0.638000 0.102000 0.056000 0.032000
1 0.418000 0.745000 0.124000 0.082000
1 0.957000 0.010000 0.082000 0.020000
10 0.956000 0.892000 0.032000 0.056000
10 0.934000 0.740000 0.020000 0.036000
1 0.544000 0.959000 0.116000 0.078000
