1 0.251170 0.634950 0.138340 0.141900
1 0.054900 0.669210 0.109800 0.138420
1 0.130000 0.550000 0.204000 0.184000
1 0.310000 0.729000 0.148000 0.134000
1 0.297000 0.153000 0.202000 0.158000
2 0.250000 0.420000 0.112000 0.096000
10 0.430000 0.195000 0.044000 0.042000
6 0.434000 0.770000 0.056000 0.060000
10 0.629000 0.805000 0.038000 0.046000
10 0.308000 0.258000 0.044000 0.044000
1 0.032000 0.774000 0.064000 0.152000
1 0.441000 0.936000 0.254000 0.124000
10 0.064000 0.245000 0.036000 0.046000
10 0.379000 0.242000 0.042000 0.040000
5 0.682000 0.966000 0.088000 0.064000
10 0.288000 0.583000 0.032000 0.038000
10 0.026000 0.197000 0.040000 0.050000
2 0.108000 0.389000 0.068000 0.090000
6 0.337000 0.278000 0.050000 0.052000
1 0.032000 0.329000 0.064000 0.158000
1 0.127000 0.035000 0.134000 0.070000
1 0.041000 0.927000 0.082000 0.142000
10 0.663000 0.010000 0.042000 0.020000
