2 0.395000 0.523000 0.130000 0.110000
1 0.213000 0.864000 0.170000 0.268000
8 0.176920 0.357230 0.245840 0.226460
10 0.326000 0.398000 0.044000 0.048000
10 0.471000 0.633000 0.038000 0.046000
10 0.168000 0.496000 0.036000 0.044000
10 0.587000 0.797000 0.046000 0.042000
10 0.805000 0.939000 0.046000 0.046000
10 0.160000 0.436000 0.048000 0.048000
10 0.284000 0.470000 0.036000 0.048000
10 0.431000 0.587000 0.038000 0.046000
10 0.107000 0.310000 0.042000 0.048000
10 0.258000 0.127000 0.044000 0.030000
10 0.259000 0.624000 0.054000 0.036000
10 0.487000 0.726000 0.042000 0.048000
2 0.110000 0.664000 0.104000 0.060000
10 0.468000 0.094000 0.044000 0.040000
10 0.398000 0.345000 0.048000 0.038000
10 0.923000 0.962000 0.050000 0.056000
2 0.473000 0.391000 0.078000 0.074000
10 0.694000 0.978000 0.036000 0.040000
1 0.929000 0.339000 0.138000 0.246000
5 0.716000 0.224000 0.092000 0.060000
1 0.927000 0.843000 0.142000 0.310000
1 0.758000 0.677000 0.168000 0.182000
2 0.165000 0.073000 0.058000 0.062000
10 0.865000 0.985000 0.046000 0.026000
6 0.629000 0.264000 0.070000 0.044000
1 0.342000 0.025000 0.324000 0.050000
6 0.052000 0.927000 0.036000 0.062000
10 0.538000 0.729000 0.032000 0.042000
10 0.312000 0.231000 0.032000 0.050000
10 0.093000 0.965000 0.022000 0.050000
1 0.009000 0.745000 0.018000 0.390000
