1 0.573000 0.328000 0.158000 0.156000
1 0.706000 0.558000 0.132000 0.136000
1 0.433000 0.424000 0.158000 0.144000
1 0.809000 0.445000 0.162000 0.158000
1 0.749000 0.835000 0.158000 0.142000
1 0.579000 0.936000 0.158000 0.124000
1 0.107000 0.946000 0.154000 0.104000
1 0.601000 0.047000 0.146000 0.094000
1 0.809000 0.187000 0.130000 0.130000
10 0.535000 0.843000 0.038000 0.038000
10 0.803000 0.058000 0.058000 0.044000
10 0.523000 0.232000 0.046000 0.036000
10 0.713000 0.122000 0.042000 0.036000
10 0.198000 0.421000 0.036000 0.034000
1 0.207500 0.587000 0.127000 0.138000
1 0.694500 0.256000 0.125000 0.132000
1 0.918500 0.437000 0.125000 0.130000
1 0.116000 0.640000 0.148000 0.140000
1 0.435500 0.773500 0.131000 0.131000
1 0.347000 0.851500 0.130000 0.115000
1 0.940500 0.119500 0.113000 0.147000
1 0.295500 0.545500 0.143000 0.167000
1 0.561500 0.626000 0.159000 0.156000
1 0.389500 0.145000 0.111000 0.110000
1 0.892500 0.703500 0.109000 0.099000
1 0.619000 0.597500 0.102000 0.119000
1 0.479000 0.096000 0.138000 0.136000
1 0.051000 0.333000 0.102000 0.214000
1 0.097000 0.123500 0.194000 0.247000
