1 0.844000 0.140000 0.144000 0.132000
1 0.386000 0.632000 0.120000 0.116000
1 0.306000 0.918000 0.184000 0.136000
1 0.918000 0.435000 0.116000 0.118000
1 0.621000 0.890000 0.106000 0.108000
1 0.668000 0.615000 0.116000 0.102000
1 0.698000 0.345000 0.120000 0.118000
1 0.802000 0.284000 0.080000 0.080000
10 0.102000 0.270000 0.040000 0.040000
10 0.695000 0.855000 0.042000 0.046000
8 0.889170 0.876570 0.158340 0.149140
10 0.820000 0.918000 0.032000 0.040000
10 0.919000 0.267000 0.042000 0.042000
6 0.443000 0.172000 0.050000 0.060000
10 0.679000 0.515000 0.038000 0.042000
10 0.638000 0.552000 0.036000 0.032000
6 0.285000 0.326000 0.050000 0.056000
2 0.583000 0.566000 0.066000 0.080000
1 0.827000 0.668000 0.110000 0.088000
10 0.839000 0.332000 0.042000 0.036000
10 0.142000 0.230000 0.040000 0.040000
10 0.964000 0.236000 0.040000 0.040000
10 0.409000 0.024000 0.042000 0.044000
10 0.179000 0.193000 0.030000 0.046000
10 0.874000 0.307000 0.036000 0.038000
10 0.363000 0.255000 0.026000 0.050000
1 0.439000 0.818000 0.102000 0.112000
1 0.952000 0.722000 0.092000 0.120000
1 0.978000 0.964000 0.040000 0.068000
1 0.529000 0.985000 0.114000 0.026000
1 0.139000 0.984000 0.106000 0.028000
10 0.368000 0.068000 0.040000 0.044000
1 0.539110 0.191930 0.162220 0.147860
6 0.491790 0.136310 0.047580 0.064620
6 0.507000 0.101000 0.050000 0.054000
6 0.131000 0.347000 0.054000 0.034000
1 0.548000 0.297000 0.088000 0.090000
5 0.413970 0.442290 0.075940 0.100580
1 0.325270 0.587830 0.162540 0.171660
1 0.249440 0.751200 0.126880 0.186400
1 0.822360 0.499750 0.144720 0.127500
