10 0.359000 0.102000 0.038000 0.032000
6 0.739540 0.837690 0.063080 0.055380
1 0.564000 0.514620 0.440000 0.609240
10 0.775000 0.779000 0.050000 0.042000
6 0.709000 0.860000 0.070000 0.072000
10 0.855000 0.294000 0.054000 0.044000
5 0.782770 0.569230 0.061540 0.138460
10 0.835000 0.499000 0.042000 0.046000
10 0.960000 0.638000 0.040000 0.036000
6 0.375850 0.919540 0.071700 0.063080
10 0.837000 0.741000 0.046000 0.042000
6 0.395000 0.042000 0.054000 0.044000
6 0.889080 0.499850 0.066160 0.067700
10 0.893000 0.453000 0.038000 0.042000
6 0.846000 0.790000 0.064000 0.056000
6 0.242000 0.950000 0.036000 0.060000
10 0.800000 0.459000 0.036000 0.042000
6 0.547080 0.148460 0.066160 0.036920
10 0.552000 0.120000 0.052000 0.040000
10 0.330000 0.155000 0.040000 0.030000
10 0.309000 0.982000 0.038000 0.032000
6 0.870000 0.725690 0.060000 0.075380
10 0.922000 0.679000 0.052000 0.046000
10 0.263000 0.971000 0.034000 0.038000
10 0.518000 0.190000 0.028000 0.024000
6 0.385000 0.809000 0.058000 0.046000
6 0.946150 0.420620 0.072300 0.069240
6 0.486920 0.823380 0.073840 0.050760
