1 0.479000 0.107000 0.234000 0.214000
2 0.638000 0.696000 0.084000 0.060000
10 0.089000 0.364000 0.030000 0.040000
1 0.728000 0.476000 0.272000 0.224000
2 0.457000 0.788000 0.086000 0.068000
10 0.251000 0.396000 0.030000 0.044000
10 0.068000 0.321000 0.036000 0.046000
1 0.191000 0.661000 0.138000 0.138000
10 0.046000 0.017000 0.036000 0.034000
10 0.043000 0.271000 0.030000 0.042000
10 0.124000 0.071000 0.040000 0.050000
1 0.264000 0.904000 0.200000 0.188000
10 0.024000 0.234000 0.024000 0.040000
1 0.012000 0.635000 0.024000 0.098000
1 0.964000 0.075000 0.068000 0.150000
10 0.253000 0.014000 0.030000 0.028000
1 0.927000 0.969000 0.142000 0.058000
1 0.127000 0.534000 0.118000 0.096000
1 0.862000 0.703000 0.208000 0.194000
1 0.971000 0.241000 0.054000 0.114000
5 0.236120 0.299490 0.092240 0.118980
1 0.646550 0.211990 0.373100 0.271980
