1 0.162000 0.128000 0.324000 0.256000
1 0.523000 0.501000 0.118000 0.118000
2 0.202000 0.292000 0.088000 0.076000
2 0.387000 0.354000 0.066000 0.096000
1 0.461000 0.779000 0.166000 0.114000
1 0.061000 0.384000 0.122000 0.196000
10 0.849000 0.472000 0.050000 0.032000
10 0.380000 0.061000 0.024000 0.050000
10 0.472000 0.406000 0.056000 0.036000
2 0.291000 0.442000 0.118000 0.068000
10 0.523000 0.421000 0.046000 0.030000
2 0.181000 0.426000 0.082000 0.100000
1 0.415000 0.505000 0.114000 0.182000
2 0.330000 0.255000 0.084000 0.050000
10 0.223000 0.959000 0.026000 0.042000
1 0.664000 0.952000 0.384000 0.092000
1 0.109000 0.932000 0.218000 0.132000
1 0.744000 0.668000 0.444000 0.476000
1 0.125000 0.652000 0.250000 0.344000
6 0.250000 0.975000 0.024000 0.046000
1 0.978000 0.078000 0.040000 0.156000
10 0.009000 0.198000 0.018000 0.036000
10 0.975000 0.502000 0.046000 0.032000
6 0.245000 0.689000 0.026000 0.054000
1 0.505230 0.241450 0.226460 0.226900
10 0.241000 0.777000 0.018000 0.038000
1 0.684680 0.309030 0.185360 0.150060
1 0.878800 0.349020 0.241600 0.150040
1 0.471900 0.069110 0.111800 0.138220
