10 0.807410 0.063700 0.034820 0.043400
10 0.724750 0.258470 0.045500 0.048940
10 0.944470 0.318720 0.032940 0.041440
10 0.700820 0.217290 0.037640 0.038580
10 0.883620 0.366300 0.039240 0.044600
10 0.955000 0.292000 0.042000 0.044000
10 0.821630 0.292350 0.043260 0.052700
10 0.292420 0.962040 0.040840 0.056080
10 0.797810 0.139090 0.043620 0.046180
2 0.368000 0.526000 0.128000 0.068000
5 0.193000 0.052000 0.074000 0.104000
10 0.813000 0.156000 0.046000 0.044000
10 0.255000 0.248000 0.030000 0.048000
10 0.675000 0.172000 0.038000 0.040000
10 0.903000 0.230000 0.042000 0.048000
10 0.783000 0.113000 0.042000 0.042000
10 0.863000 0.382000 0.042000 0.048000
10 0.853000 0.116000 0.042000 0.048000
10 0.269000 0.911000 0.034000 0.054000
10 0.791000 0.040000 0.046000 0.048000
10 0.917000 0.333000 0.042000 0.046000
10 0.331880 0.956880 0.035760 0.049760
10 0.715000 0.235000 0.042000 0.042000
10 0.987000 0.155000 0.022000 0.050000
10 0.863000 0.262000 0.042000 0.048000
10 0.377000 0.663000 0.034000 0.070000
10 0.825000 0.080000 0.042000 0.048000
10 0.962000 0.009000 0.044000 0.018000
1 0.979000 0.600740 0.042000 0.197480
10 0.331000 0.515000 0.026000 0.038000
6 0.983000 0.019000 0.034000 0.038000
