1 0.087000 0.345000 0.174000 0.318000
2 0.269000 0.281000 0.122000 0.098000
6 0.409000 0.117000 0.042000 0.062000
2 0.088000 0.640000 0.112000 0.152000
2 0.330000 0.168000 0.116000 0.100000
2 0.368000 0.279000 0.064000 0.078000
10 0.462000 0.327000 0.048000 0.034000
10 0.245000 0.436000 0.030000 0.044000
10 0.800000 0.668000 0.036000 0.040000
1 0.191000 0.072000 0.378000 0.144000
2 0.070000 0.886000 0.116000 0.088000
1 0.859000 0.123000 0.278000 0.246000
1 0.291900 0.814940 0.167800 0.161880
2 0.200000 0.190000 0.060000 0.068000
2 0.910000 0.593000 0.056000 0.078000
10 0.140000 0.114000 0.052000 0.044000
1 0.898390 0.756360 0.184780 0.216720
10 0.965000 0.622000 0.042000 0.040000
5 0.832000 0.569000 0.036000 0.082000
1 0.586000 0.174000 0.364000 0.348000
1 0.966000 0.514000 0.064000 0.320000
1 0.458000 0.455000 0.112000 0.114000
1 0.365710 0.421040 0.167420 0.174080
1 0.371100 0.592100 0.354200 0.192200
1 0.716120 0.621910 0.140240 0.179820
1 0.261760 0.702140 0.183520 0.136280
1 0.551460 0.816490 0.202920 0.188980
1 0.512000 0.927000 0.168000 0.146000
1 0.784330 0.881390 0.180660 0.190780
