8 0.502310 0.278540 0.276620 0.277080
1 0.100000 0.256000 0.200000 0.304000
1 0.120000 0.744000 0.240000 0.508000
10 0.724000 0.123000 0.052000 0.038000
6 0.361000 0.656000 0.034000 0.064000
10 0.876000 0.120000 0.052000 0.032000
10 0.512000 0.457000 0.032000 0.046000
10 0.402000 0.280000 0.032000 0.052000
6 0.254000 0.022000 0.076000 0.040000
10 0.289000 0.867000 0.034000 0.058000
2 0.759000 0.402000 0.102000 0.116000
6 0.985000 0.179000 0.026000 0.030000
2 0.190000 0.037000 0.068000 0.074000
10 0.978000 0.137000 0.040000 0.030000
1 0.936000 0.421000 0.124000 0.230000
10 0.987000 0.562000 0.022000 0.060000
2 0.338000 0.539000 0.172000 0.078000
1 0.871000 0.037000 0.254000 0.074000
