1 0.669080 0.659000 0.386160 0.310000
10 0.766000 0.215000 0.032000 0.042000
10 0.870000 0.217000 0.028000 0.042000
1 0.270000 0.903000 0.412000 0.190000
10 0.897000 0.279000 0.030000 0.042000
6 0.979070 0.554730 0.038140 0.061460
10 0.666000 0.018000 0.036000 0.036000
1 0.496000 0.319000 0.452000 0.278000
10 0.197000 0.134000 0.054000 0.032000
10 0.980000 0.228000 0.036000 0.024000
1 0.259460 0.046000 0.510920 0.092000
2 0.978000 0.715000 0.040000 0.070000
1 0.190000 0.477150 0.372000 0.358300
