1 0.712000 0.626000 0.168000 0.152000
1 0.643000 0.241000 0.138000 0.122000
1 0.297000 0.166000 0.146000 0.104000
1 0.379000 0.652000 0.138000 0.120000
1 0.297000 0.063000 0.118000 0.110000
1 0.628000 0.122000 0.148000 0.116000
1 0.689000 0.358000 0.178000 0.116000
1 0.340000 0.357000 0.128000 0.114000
1 0.472000 0.927000 0.100000 0.134000
1 0.847000 0.747000 0.158000 0.086000
1 0.705000 0.786000 0.098000 0.100000
1 0.345000 0.459000 0.138000 0.082000
1 0.704000 0.494000 0.144000 0.104000
1 0.749000 0.900000 0.158000 0.116000
1 0.377000 0.548000 0.102000 0.088000
1 0.918000 0.966000 0.116000 0.064000
10 0.460000 0.243000 0.028000 0.050000
1 0.313000 0.948000 0.150000 0.100000
10 0.614000 0.791000 0.028000 0.046000
10 0.444000 0.152000 0.032000 0.052000
10 0.467000 0.293000 0.030000 0.050000
10 0.516000 0.219000 0.032000 0.050000
10 0.573000 0.902000 0.026000 0.048000
10 0.546000 0.759000 0.028000 0.046000
1 0.638000 0.026000 0.184000 0.052000
10 0.642000 0.964000 0.028000 0.052000
1 0.262000 0.547000 0.108000 0.070000
10 0.548000 0.408000 0.024000 0.044000
10 0.475000 0.017000 0.030000 0.034000
10 0.431000 0.051000 0.026000 0.046000
10 0.482000 0.058000 0.028000 0.048000
1 0.925000 0.039000 0.066000 0.078000
10 0.925000 0.626000 0.038000 0.024000
