1 0.809000 0.215000 0.382000 0.430000
1 0.670000 0.491000 0.156000 0.138000
6 0.161000 0.721000 0.070000 0.046000
10 0.908000 0.470000 0.032000 0.044000
10 0.266000 0.754000 0.044000 0.036000
10 0.361000 0.730000 0.054000 0.036000
10 0.295000 0.700000 0.042000 0.032000
10 0.781000 0.031000 0.038000 0.046000
1 0.182000 0.133000 0.184000 0.266000
10 0.060000 0.658000 0.052000 0.032000
5 0.715000 0.132000 0.070000 0.048000
10 0.106000 0.948000 0.040000 0.028000
10 0.315000 0.040000 0.030000 0.048000
5 0.452000 0.036000 0.096000 0.048000
2 0.023000 0.640000 0.046000 0.096000
10 0.229000 0.721000 0.054000 0.038000
6 0.075000 0.693000 0.074000 0.046000
2 0.642000 0.723000 0.092000 0.078000
10 0.668000 0.008000 0.060000 0.016000
10 0.992000 0.128000 0.012000 0.040000
1 0.120460 0.369650 0.240920 0.327300
1 0.247120 0.421790 0.158240 0.295580
1 0.425890 0.477480 0.223780 0.318960
1 0.597410 0.605450 0.202820 0.158900
5 0.541950 0.064860 0.075900 0.045720
5 0.628490 0.107740 0.092980 0.047480
