1 0.158000 0.360000 0.160000 0.124000
1 0.184000 0.231000 0.140000 0.134000
1 0.920000 0.271000 0.156000 0.242000
1 0.316000 0.154000 0.120000 0.128000
2 0.511000 0.391000 0.086000 0.094000
1 0.218770 0.475850 0.141540 0.127700
10 0.274000 0.527000 0.044000 0.038000
10 0.509000 0.707000 0.034000 0.046000
10 0.185000 0.656000 0.042000 0.036000
10 0.415000 0.927000 0.034000 0.050000
10 0.474000 0.766000 0.028000 0.032000
10 0.084000 0.664000 0.032000 0.032000
10 0.423000 0.484000 0.042000 0.040000
10 0.812000 0.743000 0.032000 0.042000
6 0.440000 0.823000 0.044000 0.054000
10 0.340000 0.543000 0.040000 0.034000
2 0.529000 0.298000 0.078000 0.072000
10 0.027000 0.770000 0.046000 0.040000
10 0.230000 0.626000 0.032000 0.032000
2 0.592000 0.411000 0.084000 0.074000
6 0.663000 0.642000 0.070000 0.036000
2 0.732000 0.645000 0.088000 0.078000
10 0.415000 0.144000 0.034000 0.044000
6 0.360000 0.055000 0.036000 0.046000
1 0.420000 0.313000 0.160000 0.146000
10 0.417000 0.869000 0.030000 0.038000
1 0.068000 0.091000 0.136000 0.178000
5 0.407000 0.088550 0.058000 0.081100
10 0.387000 0.102000 0.034000 0.048000
6 0.335000 0.017000 0.038000 0.034000
1 0.650000 0.295000 0.200000 0.218000
6 0.597000 0.469000 0.046000 0.062000
1 0.650000 0.894000 0.372000 0.208000
1 0.318000 0.751000 0.464000 0.494000
10 0.775000 0.679000 0.042000 0.046000
1 0.872000 0.067000 0.200000 0.134000
1 0.327690 0.397080 0.155380 0.146160
1 0.108310 0.540310 0.144620 0.144620
1 0.573690 0.146460 0.155380 0.156920
1 0.712620 0.072310 0.129240 0.144620
1 0.797850 0.148920 0.127700 0.133840
