1 0.178000 0.143000 0.356000 0.286000
1 0.830000 0.864000 0.336000 0.268000
10 0.946000 0.336000 0.040000 0.040000
1 0.621540 0.506920 0.243080 0.273840
10 0.711000 0.551000 0.046000 0.046000
1 0.090000 0.952000 0.180000 0.092000
6 0.186000 0.878000 0.044000 0.056000
1 0.248460 0.533230 0.496920 0.378460
6 0.047000 0.717000 0.046000 0.046000
6 0.105000 0.788000 0.046000 0.052000
10 0.994000 0.617000 0.008000 0.034000
10 0.941000 0.652000 0.042000 0.036000
1 0.799850 0.118460 0.367700 0.236920
1 0.798310 0.350620 0.264620 0.269240
1 0.401230 0.717540 0.358460 0.363080
