1 0.109000 0.280000 0.218000 0.148000
2 0.570000 0.829000 0.116000 0.070000
1 0.295000 0.849000 0.246000 0.218000
2 0.619000 0.527000 0.110000 0.074000
10 0.195000 0.522000 0.042000 0.036000
1 0.086000 0.761000 0.172000 0.218000
2 0.495000 0.635000 0.098000 0.190000
2 0.836000 0.767000 0.084000 0.214000
10 0.436000 0.596000 0.048000 0.036000
6 0.596000 0.975000 0.036000 0.046000
1 0.804000 0.959000 0.388000 0.078000
1 0.888000 0.482000 0.220000 0.256000
1 0.489000 0.903000 0.178000 0.190000
1 0.763060 0.163810 0.174120 0.191620
2 0.756000 0.030000 0.060000 0.060000
10 0.372000 0.577000 0.052000 0.038000
10 0.309000 0.555000 0.046000 0.038000
1 0.938000 0.063000 0.120000 0.126000
6 0.062000 0.571000 0.048000 0.042000
1 0.513000 0.387000 0.278000 0.198000
1 0.906000 0.256000 0.184000 0.228000
10 0.842000 0.083000 0.036000 0.026000
1 0.288000 0.319000 0.172000 0.222000
1 0.429000 0.061000 0.490000 0.122000
1 0.088000 0.940000 0.176000 0.120000
1 0.740060 0.319710 0.136120 0.131420
1 0.731470 0.464460 0.142940 0.156920
1 0.578600 0.175700 0.113200 0.235400
