1 0.207000 0.123000 0.374000 0.242000
1 0.208000 0.570000 0.408000 0.276000
1 0.816000 0.823000 0.364000 0.314000
1 0.715000 0.305000 0.566000 0.314000
10 0.737000 0.078000 0.042000 0.036000
1 0.582000 0.955000 0.120000 0.086000
1 0.027000 0.891750 0.054000 0.131500
1 0.962000 0.517000 0.072000 0.110000
1 0.321000 0.943000 0.226000 0.110000
10 0.545000 0.014000 0.046000 0.028000
6 0.492000 0.006000 0.060000 0.012000
10 0.462000 0.148000 0.032000 0.052000
1 0.798000 0.025000 0.124000 0.050000
1 0.134000 0.922000 0.212000 0.156000
