1 0.078000 0.887000 0.144000 0.186000
1 0.420000 0.689000 0.280000 0.250000
1 0.689000 0.319000 0.094000 0.106000
1 0.261000 0.309000 0.118000 0.098000
1 0.502000 0.262000 0.160000 0.108000
1 0.952000 0.461000 0.092000 0.114000
1 0.835000 0.542000 0.134000 0.100000
1 0.049000 0.276000 0.094000 0.136000
6 0.842240 0.294000 0.064480 0.040000
1 0.273000 0.920000 0.142000 0.156000
1 0.665000 0.137000 0.370000 0.146000
1 0.461000 0.480000 0.234000 0.160000
10 0.795000 0.224000 0.046000 0.032000
2 0.456000 0.164000 0.048000 0.084000
10 0.611000 0.174000 0.046000 0.036000
10 0.204000 0.100000 0.048000 0.028000
10 0.062000 0.093000 0.048000 0.026000
2 0.417000 0.091000 0.078000 0.054000
10 0.839000 0.240000 0.042000 0.032000
1 0.961000 0.603000 0.074000 0.070000
10 0.895000 0.255000 0.042000 0.034000
10 0.659000 0.190000 0.042000 0.036000
10 0.201000 0.853000 0.026000 0.042000
10 0.705000 0.204000 0.050000 0.036000
1 0.162000 0.625000 0.176000 0.266000
10 0.963000 0.330000 0.046000 0.028000
10 0.258000 0.104000 0.044000 0.028000
2 0.367000 0.145000 0.046000 0.082000
10 0.751000 0.213000 0.042000 0.034000
10 0.119000 0.408000 0.046000 0.032000
6 0.124000 0.097000 0.064000 0.030000
10 0.935000 0.269000 0.046000 0.034000
1 0.810000 0.410000 0.148000 0.160000
10 0.029000 0.766000 0.058000 0.032000
10 0.129000 0.153000 0.042000 0.022000
10 0.638000 0.037000 0.028000 0.046000
10 0.666000 0.037000 0.028000 0.046000
1 0.745000 0.864000 0.506000 0.268000
6 0.099000 0.048000 0.058000 0.032000
1 0.982000 0.216000 0.032000 0.116000
2 0.401000 0.210000 0.062000 0.036000
1 0.562000 0.026000 0.116000 0.052000
10 0.786000 0.277000 0.036000 0.030000
10 0.652000 0.243000 0.048000 0.030000
10 0.328000 0.035000 0.032000 0.030000
10 0.096000 0.782000 0.044000 0.028000
10 0.608000 0.230000 0.040000 0.028000
10 0.227000 0.157000 0.054000 0.026000
