1 0.314000 0.902000 0.124000 0.128000
1 0.110000 0.893000 0.124000 0.122000
1 0.920000 0.687000 0.140000 0.142000
1 0.911000 0.874000 0.174000 0.248000
1 0.030000 0.636000 0.060000 0.116000
1 0.196050 0.103000 0.300100 0.206000
1 0.614000 0.952000 0.112000 0.092000
7 0.332090 0.625340 0.256180 0.206680
1 0.420000 0.573000 0.064000 0.066000
1 0.751000 0.789000 0.126000 0.106000
1 0.426000 0.980000 0.100000 0.036000
1 0.674000 0.873000 0.148000 0.102000
1 0.246000 0.980000 0.108000 0.036000
1 0.840860 0.734640 0.125720 0.129280
1 0.473170 0.107420 0.282340 0.174840
1 0.701520 0.081470 0.231040 0.154940
1 0.885600 0.064040 0.227200 0.128080
1 0.120190 0.737720 0.168380 0.155440
1 0.232700 0.826860 0.101400 0.093720
