10 0.563000 0.793000 0.046000 0.042000
10 0.249000 0.815000 0.050000 0.042000
10 0.026000 0.943000 0.044000 0.038000
10 0.331000 0.695000 0.038000 0.042000
10 0.751000 0.978000 0.050000 0.040000
10 0.605000 0.888000 0.046000 0.048000
10 0.561000 0.861000 0.042000 0.046000
10 0.525000 0.832000 0.042000 0.048000
10 0.749000 0.919000 0.038000 0.042000
10 0.507000 0.761000 0.038000 0.042000
10 0.859000 0.982000 0.046000 0.036000
10 0.509000 0.946000 0.034000 0.052000
10 0.682000 0.953000 0.040000 0.038000
10 0.428000 0.765000 0.044000 0.050000
10 0.707000 0.897000 0.038000 0.038000
1 0.657630 0.459460 0.683260 0.918920
10 0.647000 0.918000 0.038000 0.052000
10 0.408000 0.936000 0.040000 0.052000
10 0.597100 0.833820 0.034200 0.039640
10 0.475610 0.735620 0.039220 0.039240
10 0.441900 0.724910 0.039800 0.041820
10 0.669440 0.933970 0.038880 0.039940
10 0.689210 0.881280 0.038420 0.038560
