1 0.381000 0.327000 0.186000 0.142000
10 0.610000 0.172000 0.028000 0.040000
1 0.410000 0.843000 0.288000 0.310000
10 0.332000 0.725000 0.032000 0.046000
10 0.536000 0.316000 0.028000 0.036000
1 0.540000 0.048000 0.244000 0.096000
1 0.323000 0.161000 0.110000 0.142000
1 0.832000 0.915000 0.332000 0.166000
10 0.017000 0.204000 0.034000 0.040000
1 0.104000 0.138000 0.208000 0.272000
1 0.571000 0.464000 0.154000 0.124000
1 0.966000 0.095000 0.064000 0.154000
1 0.458000 0.236000 0.128000 0.132000
10 0.017000 0.589000 0.034000 0.034000
1 0.663800 0.346580 0.235600 0.177160
1 0.765750 0.163340 0.175500 0.158680
1 0.703150 0.239430 0.182300 0.174860
1 0.115520 0.444720 0.183040 0.169440
1 0.058000 0.921000 0.116000 0.158000
1 0.160920 0.633190 0.209840 0.162380
1 0.115480 0.787710 0.226960 0.215420
1 0.226570 0.515630 0.169140 0.175260
6 0.213920 0.965610 0.039840 0.055220
1 0.503810 0.611540 0.183620 0.203080
1 0.724160 0.718600 0.160320 0.169200
