1 0.878800 0.720850 0.169600 0.149700
10 0.946000 0.627000 0.052000 0.050000
1 0.897000 0.950000 0.178000 0.096000
1 0.800000 0.109000 0.252000 0.218000
10 0.638000 0.777000 0.036000 0.038000
10 0.429000 0.066000 0.046000 0.048000
10 0.029000 0.055000 0.054000 0.038000
1 0.691000 0.947000 0.114000 0.102000
1 0.091000 0.242000 0.134000 0.144000
10 0.677000 0.333000 0.046000 0.046000
2 0.863000 0.583000 0.070000 0.066000
1 0.247000 0.904000 0.234000 0.188000
10 0.714000 0.370000 0.040000 0.040000
10 0.610000 0.262000 0.036000 0.036000
1 0.543520 0.762990 0.115040 0.113980
1 0.833000 0.359000 0.138000 0.146000
1 0.782000 0.858000 0.120000 0.124000
1 0.079000 0.737000 0.158000 0.190000
1 0.553000 0.318000 0.122000 0.132000
1 0.223000 0.557000 0.150000 0.106000
1 0.389000 0.779000 0.122000 0.126000
10 0.641000 0.687000 0.042000 0.042000
1 0.542000 0.989000 0.100000 0.018000
1 0.232000 0.199000 0.108000 0.118000
1 0.288000 0.319000 0.176000 0.190000
1 0.683500 0.471500 0.239000 0.279000
1 0.608000 0.258500 0.040000 0.037000
1 0.604500 0.538000 0.133000 0.136000
1 0.153000 0.171500 0.110000 0.103000
1 0.830000 0.302500 0.112000 0.117000
1 0.470500 0.516500 0.181000 0.181000
1 0.401500 0.179500 0.279000 0.251000
1 0.399500 0.362000 0.107000 0.116000
1 0.809440 0.776160 0.086880 0.096320
5 0.595340 0.868580 0.090680 0.077160
