1 0.633000 0.408000 0.158000 0.160000
1 0.335000 0.761000 0.154000 0.162000
1 0.472000 0.194000 0.156000 0.160000
1 0.048000 0.299000 0.096000 0.122000
1 0.729000 0.874000 0.134000 0.148000
1 0.943000 0.068000 0.110000 0.136000
1 0.094000 0.719000 0.116000 0.114000
1 0.262000 0.109000 0.176000 0.150000
1 0.162000 0.486000 0.124000 0.108000
1 0.107000 0.605000 0.158000 0.130000
1 0.878000 0.626000 0.120000 0.096000
1 0.520000 0.557000 0.136000 0.150000
2 0.084000 0.141000 0.088000 0.074000
1 0.439000 0.388000 0.158000 0.176000
1 0.606000 0.682000 0.140000 0.144000
1 0.126000 0.909000 0.136000 0.126000
1 0.260000 0.617000 0.108000 0.114000
10 0.306000 0.509000 0.040000 0.046000
10 0.249000 0.425000 0.038000 0.042000
10 0.220000 0.382000 0.036000 0.044000
10 0.104000 0.206000 0.036000 0.044000
10 0.561000 0.885000 0.034000 0.050000
10 0.536000 0.777000 0.028000 0.038000
10 0.610000 0.957000 0.036000 0.046000
10 0.477000 0.691000 0.038000 0.050000
10 0.161000 0.291000 0.038000 0.050000
6 0.191000 0.339000 0.038000 0.046000
10 0.361000 0.599000 0.034000 0.050000
10 0.955000 0.959000 0.050000 0.042000
10 0.452000 0.654000 0.032000 0.040000
10 0.508000 0.735000 0.036000 0.046000
10 0.899000 0.985000 0.042000 0.026000
1 0.483000 0.968000 0.170000 0.060000
10 0.985000 0.929000 0.026000 0.038000
10 0.696000 0.985000 0.040000 0.026000
10 0.127000 0.010000 0.046000 0.020000
1 0.955000 0.395000 0.086000 0.170000
1 0.309000 0.254000 0.170000 0.180000
10 0.279000 0.467000 0.034000 0.038000
1 0.519000 0.008000 0.154000 0.016000
10 0.412000 0.033000 0.036000 0.042000
1 0.720280 0.228340 0.232560 0.220680
1 0.669290 0.783160 0.134580 0.138320
1 0.825000 0.924300 0.162000 0.124600
