1 0.132000 0.480000 0.256000 0.252000
1 0.289000 0.881000 0.250000 0.234000
10 0.468000 0.740000 0.048000 0.036000
2 0.685000 0.887000 0.158000 0.074000
10 0.396000 0.752000 0.048000 0.032000
10 0.434000 0.708000 0.056000 0.028000
10 0.975000 0.167000 0.046000 0.050000
1 0.612000 0.575000 0.684000 0.302000
1 0.915000 0.943000 0.166000 0.110000
10 0.682000 0.982000 0.032000 0.032000
1 0.102000 0.783000 0.140000 0.134000
1 0.548700 0.134730 0.293400 0.269460
1 0.761180 0.170280 0.178360 0.184560
1 0.864890 0.406240 0.229780 0.208480
1 0.095510 0.162970 0.191020 0.325940
1 0.322010 0.094360 0.224020 0.188720
2 0.909970 0.813960 0.103940 0.119920
