1 0.394000 0.671000 0.416000 0.370000
2 0.432000 0.302000 0.080000 0.116000
10 0.177000 0.731000 0.030000 0.038000
1 0.767000 0.740000 0.158000 0.120000
10 0.566000 0.302000 0.052000 0.036000
10 0.144000 0.193000 0.052000 0.042000
10 0.043000 0.153000 0.050000 0.038000
2 0.201000 0.215000 0.062000 0.082000
10 0.495790 0.310530 0.055580 0.037060
10 0.502000 0.283000 0.048000 0.034000
10 0.094000 0.171000 0.040000 0.042000
2 0.393000 0.195000 0.102000 0.074000
1 0.046000 0.867000 0.092000 0.262000
10 0.127000 0.855000 0.026000 0.038000
1 0.869000 0.034000 0.194000 0.068000
10 0.063000 0.987000 0.030000 0.022000
10 0.007000 0.131000 0.014000 0.038000
1 0.138000 0.568000 0.112000 0.128000
1 0.687000 0.932000 0.622000 0.132000
1 0.670910 0.118000 0.325820 0.236000
1 0.152000 0.019000 0.300000 0.038000
1 0.378000 0.043000 0.236000 0.086000
1 0.913000 0.219000 0.174000 0.146000
6 0.885850 0.317750 0.039700 0.067500
