1 0.562890 0.728470 0.177780 0.148940
5 0.518310 0.641540 0.064620 0.063080
1 0.434180 0.587110 0.180360 0.198220
10 0.513000 0.596000 0.042000 0.048000
1 0.550230 0.435950 0.128460 0.179900
10 0.599000 0.493000 0.038000 0.042000
10 0.065000 0.940000 0.046000 0.040000
6 0.302460 0.891540 0.036920 0.043080
1 0.480000 0.896000 0.312000 0.208000
6 0.342460 0.845690 0.036920 0.055380
1 0.836080 0.572830 0.232160 0.233660
1 0.936630 0.724580 0.125260 0.197160
1 0.785000 0.903000 0.146000 0.194000
1 0.140060 0.801020 0.280120 0.222040
1 0.273550 0.653530 0.219100 0.219060
1 0.250960 0.381380 0.277920 0.326760
1 0.435130 0.383910 0.118260 0.163820
1 0.725130 0.576940 0.130260 0.125880
1 0.655170 0.633510 0.142340 0.131020
1 0.822420 0.206450 0.152840 0.132900
1 0.650970 0.146140 0.217940 0.200280
1 0.399970 0.082960 0.331940 0.165920
1 0.897000 0.087000 0.206000 0.174000
1 0.973840 0.295990 0.051680 0.127980
