1 0.228000 0.751000 0.156000 0.154000
1 0.490000 0.950000 0.120000 0.096000
1 0.233000 0.281000 0.166000 0.174000
1 0.082000 0.361000 0.148000 0.142000
1 0.287000 0.875000 0.114000 0.102000
10 0.098000 0.857000 0.040000 0.042000
1 0.677000 0.952000 0.114000 0.092000
1 0.278000 0.494000 0.128000 0.104000
10 0.939000 0.105000 0.046000 0.026000
1 0.484000 0.291000 0.160000 0.166000
10 0.828000 0.066000 0.036000 0.024000
10 0.893000 0.596000 0.038000 0.028000
10 0.370000 0.127000 0.048000 0.030000
10 0.567000 0.050000 0.042000 0.028000
10 0.481000 0.072000 0.046000 0.028000
1 0.770000 0.412000 0.144000 0.160000
10 0.261000 0.972000 0.042000 0.036000
10 0.179000 0.918000 0.042000 0.032000
1 0.775000 0.800000 0.134000 0.128000
10 0.807000 0.100000 0.042000 0.028000
2 0.966000 0.059000 0.064000 0.054000
2 0.768000 0.187000 0.092000 0.046000
1 0.947000 0.961000 0.102000 0.074000
1 0.941000 0.680000 0.114000 0.148000
1 0.059000 0.613000 0.118000 0.126000
10 0.885000 0.183000 0.042000 0.026000
1 0.041000 0.982000 0.082000 0.032000
10 0.647000 0.062000 0.038000 0.024000
1 0.619000 0.673000 0.250000 0.198000
10 0.229000 0.950000 0.030000 0.024000
1 0.924000 0.366000 0.148000 0.160000
