1 0.850000 0.884000 0.148000 0.140000
1 0.046000 0.366000 0.092000 0.132000
1 0.670000 0.675000 0.120000 0.122000
1 0.721000 0.499000 0.122000 0.110000
1 0.837000 0.433000 0.110000 0.114000
1 0.802000 0.293000 0.096000 0.094000
1 0.670000 0.833000 0.140000 0.102000
6 0.863000 0.573000 0.042000 0.066000
1 0.145000 0.592000 0.290000 0.220000
1 0.647000 0.934000 0.110000 0.092000
1 0.826000 0.083000 0.152000 0.166000
1 0.980000 0.688000 0.036000 0.148000
10 0.869000 0.989000 0.054000 0.018000
1 0.137000 0.961000 0.110000 0.074000
1 0.041000 0.941000 0.082000 0.114000
