1 0.246000 0.269000 0.164000 0.150000
1 0.696000 0.941000 0.136000 0.106000
1 0.444000 0.934000 0.192000 0.128000
1 0.041000 0.186000 0.082000 0.148000
1 0.857000 0.265000 0.282000 0.186000
1 0.076000 0.867000 0.152000 0.262000
10 0.419000 0.281000 0.038000 0.038000
1 0.866000 0.770000 0.264000 0.376000
2 0.371000 0.315000 0.094000 0.058000
2 0.638000 0.188000 0.104000 0.088000
1 0.267000 0.486000 0.210000 0.184000
10 0.961000 0.665000 0.046000 0.038000
1 0.313000 0.670000 0.238000 0.224000
10 0.975000 0.960000 0.046000 0.032000
1 0.102000 0.596000 0.140000 0.184000
10 0.943000 0.150000 0.046000 0.028000
2 0.620000 0.980000 0.056000 0.036000
1 0.142000 0.029000 0.280000 0.058000
1 0.896000 0.056000 0.204000 0.112000
1 0.941000 0.985000 0.114000 0.026000
10 0.789000 0.179000 0.042000 0.018000
1 0.500000 0.436000 0.184000 0.208000
