1 0.422000 0.604000 0.164000 0.208000
1 0.881000 0.131000 0.234000 0.262000
1 0.369000 0.853000 0.290000 0.290000
10 0.786000 0.449000 0.028000 0.050000
10 0.311000 0.619000 0.038000 0.046000
10 0.219000 0.488000 0.038000 0.048000
6 0.850000 0.724000 0.028000 0.052000
1 0.184000 0.212000 0.228000 0.216000
1 0.319600 0.447230 0.159200 0.186460
10 0.249000 0.529000 0.038000 0.042000
10 0.874000 0.822000 0.028000 0.056000
10 0.886000 0.871000 0.024000 0.042000
10 0.526000 0.919000 0.036000 0.042000
1 0.723000 0.668000 0.218000 0.376000
6 0.428000 0.786000 0.040000 0.056000
10 0.772000 0.386000 0.028000 0.060000
1 0.046000 0.908000 0.092000 0.180000
6 0.465000 0.833000 0.034000 0.046000
2 0.719000 0.138000 0.070000 0.040000
10 0.491000 0.867000 0.034000 0.042000
10 0.440000 0.895000 0.036000 0.042000
10 0.478000 0.946000 0.032000 0.040000
10 0.397000 0.738000 0.042000 0.052000
10 0.274000 0.573000 0.032000 0.038000
6 0.825000 0.617000 0.034000 0.062000
10 0.732000 0.183000 0.032000 0.050000
10 0.037000 0.236000 0.034000 0.040000
10 0.758000 0.301000 0.028000 0.054000
10 0.902000 0.923000 0.020000 0.042000
1 0.020000 0.738000 0.040000 0.144000
10 0.744000 0.252000 0.028000 0.044000
1 0.957000 0.862000 0.082000 0.272000
10 0.768000 0.019000 0.056000 0.038000
10 0.509000 0.982000 0.034000 0.032000
10 0.343000 0.663000 0.026000 0.034000
1 0.638000 0.397000 0.232000 0.250000
1 0.902000 0.383000 0.196000 0.358000
1 0.930550 0.591660 0.133100 0.331320
1 0.525320 0.169970 0.302640 0.339940
