1 0.890000 0.267000 0.216000 0.430000
1 0.536000 0.081000 0.204000 0.162000
2 0.438000 0.698000 0.180000 0.076000
2 0.292000 0.606000 0.068000 0.168000
2 0.828000 0.925000 0.084000 0.066000
10 0.047000 0.828000 0.042000 0.036000
2 0.391000 0.321000 0.110000 0.070000
10 0.387000 0.190000 0.034000 0.052000
10 0.084000 0.800000 0.040000 0.036000
10 0.013000 0.781000 0.026000 0.038000
1 0.906000 0.718000 0.184000 0.412000
1 0.128000 0.534000 0.256000 0.468000
10 0.374000 0.504000 0.028000 0.056000
1 0.086000 0.917000 0.172000 0.162000
10 0.636000 0.035000 0.032000 0.058000
1 0.039000 0.089000 0.078000 0.178000
10 0.867000 0.525000 0.062000 0.042000
1 0.233630 0.859680 0.191260 0.275360
1 0.078870 0.250610 0.157740 0.153220
