6 0.768000 0.318000 0.032000 0.068000
1 0.918080 0.626330 0.156160 0.144660
1 0.916000 0.770090 0.168000 0.152180
1 0.060410 0.460340 0.120820 0.160680
1 0.131980 0.391410 0.127960 0.306820
5 0.101930 0.575780 0.103860 0.039560
1 0.902000 0.159000 0.148000 0.250000
1 0.924000 0.897000 0.148000 0.110000
1 0.911000 0.367000 0.174000 0.182000
2 0.680000 0.516000 0.048000 0.076000
2 0.346000 0.531000 0.056000 0.074000
1 0.101000 0.715000 0.202000 0.218000
1 0.099000 0.123000 0.158000 0.246000
2 0.267000 0.461000 0.070000 0.054000
2 0.275000 0.620000 0.070000 0.056000
1 0.108000 0.924000 0.216000 0.148000
10 0.804000 0.747000 0.020000 0.042000
10 0.244000 0.893000 0.024000 0.046000
10 0.241000 0.841000 0.022000 0.046000
10 0.241000 0.296000 0.022000 0.040000
10 0.213000 0.262000 0.022000 0.044000
10 0.215000 0.150000 0.026000 0.056000
10 0.213000 0.208000 0.022000 0.044000
10 0.241000 0.788000 0.022000 0.052000
2 0.829000 0.511000 0.042000 0.078000
10 0.247000 0.939000 0.018000 0.038000
10 0.217000 0.319000 0.022000 0.042000
6 0.212000 0.087000 0.024000 0.054000
10 0.237000 0.719000 0.026000 0.042000
10 0.747000 0.010000 0.022000 0.020000
