1 0.709000 0.543000 0.254000 0.338000
1 0.063000 0.865000 0.126000 0.158000
1 0.442000 0.156000 0.188000 0.312000
1 0.824000 0.323000 0.232000 0.126000
10 0.673000 0.775000 0.042000 0.042000
10 0.816000 0.765000 0.040000 0.042000
10 0.299000 0.424000 0.054000 0.036000
10 0.368000 0.433000 0.048000 0.030000
10 0.085000 0.322000 0.030000 0.040000
10 0.976000 0.643000 0.036000 0.054000
10 0.056000 0.220000 0.036000 0.024000
10 0.247000 0.416000 0.050000 0.032000
10 0.911000 0.689000 0.038000 0.046000
10 0.923000 0.838000 0.042000 0.028000
10 0.059000 0.122000 0.046000 0.028000
10 0.468000 0.483000 0.024000 0.042000
10 0.941000 0.483000 0.042000 0.042000
10 0.975000 0.524000 0.046000 0.040000
1 0.168000 0.968000 0.156000 0.060000
10 0.474000 0.583000 0.024000 0.046000
10 0.055000 0.193000 0.038000 0.026000
10 0.140000 0.176000 0.024000 0.048000
10 0.834000 0.906000 0.032000 0.028000
10 0.054000 0.073000 0.040000 0.026000
10 0.058000 0.047000 0.048000 0.026000
2 0.976000 0.973000 0.044000 0.050000
10 0.064000 0.007000 0.036000 0.014000
10 0.941000 0.980000 0.034000 0.028000
1 0.018000 0.296000 0.036000 0.128000
10 0.056000 0.097000 0.044000 0.022000
10 0.471000 0.631000 0.018000 0.042000
10 0.730000 0.728000 0.036000 0.032000
10 0.057000 0.171000 0.042000 0.026000
10 0.886000 0.437000 0.040000 0.042000
10 0.057000 0.147000 0.042000 0.022000
10 0.985000 0.570000 0.026000 0.032000
1 0.114020 0.754660 0.144040 0.149320
