1 0.502000 0.811000 0.140000 0.134000
1 0.319000 0.204000 0.554000 0.304000
10 0.114000 0.152000 0.044000 0.036000
10 0.163000 0.125000 0.042000 0.034000
1 0.268000 0.613000 0.208000 0.218000
1 0.611000 0.495000 0.250000 0.358000
1 0.788000 0.199000 0.420000 0.398000
1 0.959000 0.832000 0.078000 0.332000
1 0.100000 0.426000 0.144000 0.164000
10 0.020000 0.208000 0.040000 0.056000
1 0.798000 0.881000 0.208000 0.226000
1 0.968000 0.585000 0.060000 0.162000
1 0.372000 0.971000 0.240000 0.054000
1 0.034000 0.032000 0.068000 0.064000
