1 0.045360 0.238280 0.090720 0.088560
1 0.061350 0.108520 0.122700 0.145040
10 0.581940 0.144590 0.051880 0.033180
10 0.531030 0.150410 0.038060 0.024820
3 0.865330 0.749310 0.266660 0.498620
1 0.368000 0.831000 0.272000 0.254000
1 0.421000 0.440000 0.258000 0.276000
10 0.140000 0.263000 0.040000 0.042000
10 0.187000 0.971000 0.042000 0.038000
10 0.174000 0.230000 0.036000 0.032000
2 0.333000 0.216000 0.054000 0.088000
10 0.116000 0.927000 0.048000 0.034000
10 0.372000 0.322000 0.036000 0.020000
10 0.392000 0.170000 0.044000 0.028000
2 0.256000 0.167000 0.084000 0.054000
1 0.108000 0.688000 0.216000 0.392000
1 0.511000 0.035000 0.262000 0.070000
1 0.155000 0.035000 0.154000 0.070000
6 0.898000 0.098000 0.064000 0.032000
10 0.628000 0.138620 0.040000 0.029240
10 0.677000 0.128000 0.050000 0.028000
