1 0.278000 0.894000 0.140000 0.116000
1 0.712000 0.768000 0.132000 0.120000
1 0.739000 0.893000 0.110000 0.130000
1 0.480000 0.054000 0.092000 0.108000
1 0.309000 0.714000 0.106000 0.124000
1 0.546000 0.338000 0.120000 0.164000
1 0.793000 0.478000 0.098000 0.096000
1 0.059000 0.671000 0.118000 0.138000
1 0.535000 0.957000 0.114000 0.082000
1 0.955000 0.957000 0.086000 0.082000
1 0.348000 0.476000 0.092000 0.128000
1 0.594000 0.041000 0.108000 0.082000
1 0.133000 0.339000 0.110000 0.130000
1 0.628000 0.637000 0.112000 0.130000
10 0.044000 0.136000 0.052000 0.028000
1 0.059000 0.902000 0.118000 0.084000
10 0.156000 0.194000 0.044000 0.028000
1 0.702000 0.317000 0.056000 0.126000
10 0.883000 0.561000 0.026000 0.050000
1 0.396000 0.333000 0.108000 0.158000
1 0.975000 0.777000 0.046000 0.102000
1 0.684000 0.973000 0.120000 0.050000
10 0.084000 0.782000 0.048000 0.036000
2 0.357000 0.128000 0.066000 0.048000
10 0.209000 0.442000 0.030000 0.048000
10 0.200000 0.492000 0.028000 0.052000
1 0.026000 0.364000 0.052000 0.160000
1 0.048000 0.013000 0.096000 0.026000
10 0.711000 0.127000 0.046000 0.026000
1 0.149000 0.019000 0.114000 0.038000
10 0.028000 0.766000 0.044000 0.032000
10 0.906000 0.404000 0.028000 0.048000
10 0.918000 0.349000 0.024000 0.046000
10 0.898000 0.447000 0.028000 0.050000
1 0.854000 0.291000 0.116000 0.078000
1 0.920000 0.068000 0.112000 0.100000
1 0.419000 0.957000 0.118000 0.082000
10 0.892000 0.495000 0.028000 0.046000
2 0.132000 0.989000 0.080000 0.018000
1 0.357000 0.587000 0.130000 0.102000
10 0.143000 0.857000 0.030000 0.050000
1 0.987000 0.307000 0.022000 0.102000
1 0.989000 0.876000 0.018000 0.096000
