1 0.162000 0.150000 0.124000 0.116000
1 0.582000 0.346000 0.156000 0.124000
1 0.434000 0.594000 0.156000 0.180000
1 0.041000 0.041000 0.082000 0.082000
1 0.086000 0.633000 0.172000 0.370000
1 0.492000 0.455000 0.116000 0.106000
1 0.556000 0.090000 0.248000 0.180000
10 0.199000 0.267000 0.038000 0.042000
10 0.274000 0.102000 0.032000 0.040000
1 0.299000 0.622000 0.122000 0.188000
10 0.319000 0.129000 0.026000 0.030000
1 0.661000 0.237000 0.118000 0.106000
1 0.980000 0.200000 0.036000 0.120000
1 0.046000 0.147000 0.092000 0.166000
10 0.182000 0.017000 0.036000 0.034000
10 0.992000 0.025000 0.012000 0.034000
1 0.809000 0.344000 0.158000 0.144000
1 0.270000 0.007000 0.148000 0.014000
