1 0.955000 0.962000 0.074000 0.064000
3 0.459000 0.748000 0.918000 0.504000
10 0.863000 0.770000 0.042000 0.036000
10 0.971000 0.746000 0.042000 0.036000
10 0.366500 0.521000 0.041000 0.034000
10 0.375000 0.446000 0.050000 0.044000
10 0.913000 0.798000 0.050000 0.044000
10 0.604000 0.563000 0.040000 0.034000
10 0.940000 0.895000 0.028000 0.022000
10 0.992000 0.855000 0.012000 0.038000
10 0.855000 0.036000 0.046000 0.036000
10 0.313000 0.485000 0.050000 0.042000
10 0.324000 0.423000 0.048000 0.038000
10 0.908000 0.063000 0.048000 0.034000
10 0.959000 0.813000 0.050000 0.046000
10 0.891000 0.894000 0.026000 0.020000
1 0.774500 0.080000 0.217000 0.156000
1 0.665000 0.267000 0.670000 0.450000
10 0.646500 0.804500 0.009000 0.009000
10 0.089000 0.009000 0.038000 0.018000
1 0.961000 0.175000 0.078000 0.110000
10 0.871500 0.218000 0.035000 0.036000
10 0.620000 0.080000 0.032000 0.036000
2 0.026000 0.076000 0.052000 0.136000
2 0.031000 0.300000 0.062000 0.080000
10 0.440000 0.255000 0.068000 0.046000
1 0.236600 0.190220 0.217200 0.284440
