1 0.557000 0.699000 0.614000 0.590000
1 0.856000 0.079000 0.268000 0.158000
1 0.934620 0.560000 0.129240 0.200000
10 0.930000 0.617000 0.036000 0.034000
2 0.154000 0.915000 0.080000 0.074000
2 0.559000 0.211000 0.082000 0.090000
1 0.859000 0.433000 0.162000 0.150000
10 0.777000 0.545000 0.038000 0.038000
10 0.190000 0.818000 0.052000 0.036000
10 0.366000 0.962000 0.044000 0.048000
10 0.788000 0.483000 0.040000 0.042000
10 0.189000 0.869000 0.038000 0.046000
10 0.864000 0.620000 0.028000 0.028000
10 0.894000 0.587000 0.032000 0.026000
1 0.239400 0.475820 0.198800 0.235640
2 0.251000 0.872000 0.070000 0.080000
10 0.317000 0.501000 0.034000 0.042000
5 0.678000 0.035000 0.088000 0.070000
1 0.973000 0.394000 0.050000 0.148000
1 0.767650 0.344260 0.187300 0.180520
6 0.394450 0.220270 0.048900 0.064540
1 0.952920 0.853080 0.093840 0.126160
