1 0.763000 0.869000 0.194000 0.166000
1 0.689000 0.642000 0.342000 0.388000
10 0.459000 0.693000 0.034000 0.046000
6 0.342000 0.489000 0.036000 0.050000
10 0.390000 0.575000 0.032000 0.042000
10 0.321000 0.450000 0.030000 0.036000
10 0.481000 0.731000 0.038000 0.046000
10 0.500000 0.772000 0.036000 0.048000
10 0.548000 0.864000 0.040000 0.056000
1 0.482960 0.448870 0.229920 0.249740
10 0.373000 0.539000 0.030000 0.042000
1 0.261000 0.853000 0.294000 0.290000
1 0.281000 0.241000 0.158000 0.210000
10 0.291000 0.381000 0.022000 0.042000
10 0.578000 0.922000 0.036000 0.032000
1 0.054000 0.269000 0.108000 0.134000
10 0.614000 0.980000 0.036000 0.036000
1 0.071000 0.541000 0.142000 0.158000
1 0.925000 0.844000 0.146000 0.236000
1 0.571520 0.083220 0.335040 0.166440
6 0.192000 0.215000 0.036000 0.058000
10 0.158000 0.151000 0.032000 0.042000
6 0.545000 0.978000 0.038000 0.040000
1 0.021000 0.076000 0.042000 0.152000
1 0.710550 0.152180 0.417100 0.304360
1 0.895070 0.116990 0.206140 0.233980
