1 0.599000 0.184000 0.170000 0.140000
1 0.318000 0.600000 0.112000 0.112000
1 0.684000 0.437000 0.148000 0.126000
1 0.895000 0.303000 0.182000 0.142000
1 0.144000 0.677000 0.116000 0.114000
1 0.833000 0.068000 0.158000 0.136000
1 0.310000 0.323000 0.156000 0.138000
1 0.497000 0.507000 0.106000 0.122000
10 0.749000 0.191000 0.046000 0.038000
10 0.529000 0.390000 0.042000 0.032000
10 0.624000 0.254000 0.044000 0.036000
10 0.703000 0.215000 0.046000 0.042000
10 0.209000 0.457000 0.046000 0.038000
10 0.739000 0.287000 0.046000 0.034000
1 0.185000 0.164000 0.134000 0.180000
10 0.136000 0.493000 0.044000 0.038000
10 0.176000 0.510000 0.036000 0.032000
10 0.971000 0.916000 0.046000 0.036000
10 0.613000 0.287000 0.042000 0.034000
10 0.262000 0.530000 0.048000 0.036000
10 0.060000 0.622000 0.044000 0.032000
1 0.301000 0.878000 0.602000 0.240000
1 0.295000 0.207000 0.102000 0.110000
1 0.109000 0.441000 0.186000 0.154000
10 0.259000 0.434000 0.042000 0.032000
10 0.985000 0.071000 0.026000 0.042000
10 0.009000 0.659000 0.018000 0.042000
1 0.035000 0.180000 0.070000 0.144000
10 0.791000 0.934000 0.038000 0.028000
10 0.887000 0.212000 0.046000 0.032000
10 0.853000 0.145000 0.050000 0.038000
1 0.461000 0.180000 0.086000 0.076000
10 0.651000 0.330000 0.038000 0.028000
1 0.233000 0.021000 0.222000 0.042000
10 0.978000 0.171000 0.032000 0.030000
1 0.702000 0.753000 0.596000 0.494000
6 0.337000 0.463880 0.070000 0.043760
