1 0.111000 0.471000 0.106000 0.130000
1 0.298000 0.507000 0.104000 0.150000
1 0.366000 0.923000 0.132000 0.126000
1 0.221000 0.694000 0.126000 0.120000
1 0.193000 0.274000 0.106000 0.100000
1 0.075000 0.164000 0.150000 0.148000
1 0.498000 0.244000 0.104000 0.112000
1 0.725000 0.351000 0.138000 0.138000
1 0.579000 0.035000 0.134000 0.070000
1 0.763000 0.226000 0.122000 0.120000
1 0.193000 0.793000 0.126000 0.098000
1 0.587000 0.633000 0.122000 0.122000
1 0.722000 0.487000 0.120000 0.134000
1 0.684000 0.743000 0.104000 0.106000
2 0.548000 0.394000 0.088000 0.076000
10 0.689000 0.166000 0.038000 0.044000
1 0.503000 0.731000 0.102000 0.102000
2 0.396000 0.424000 0.068000 0.096000
1 0.395000 0.048000 0.102000 0.096000
10 0.140000 0.359000 0.036000 0.030000
2 0.466000 0.536000 0.076000 0.064000
1 0.026000 0.954000 0.052000 0.088000
1 0.867000 0.566000 0.126000 0.132000
2 0.571000 0.501000 0.070000 0.086000
10 0.633000 0.267000 0.038000 0.058000
10 0.249000 0.885000 0.034000 0.042000
10 0.739000 0.654000 0.046000 0.044000
10 0.408000 0.698000 0.040000 0.048000
10 0.904000 0.777000 0.040000 0.038000
10 0.195000 0.375000 0.042000 0.030000
10 0.464000 0.589000 0.032000 0.042000
1 0.793000 0.828000 0.126000 0.120000
10 0.665000 0.599000 0.038000 0.042000
10 0.389000 0.740000 0.030000 0.036000
10 0.238000 0.390000 0.040000 0.032000
10 0.271000 0.965000 0.030000 0.042000
10 0.768000 0.017000 0.036000 0.034000
10 0.967000 0.823000 0.046000 0.038000
1 0.879000 0.053000 0.102000 0.102000
1 0.121000 0.916000 0.114000 0.120000
6 0.589000 0.364000 0.042000 0.056000
1 0.019000 0.665000 0.038000 0.110000
10 0.785000 0.685000 0.046000 0.046000
10 0.592000 0.546000 0.028000 0.028000
1 0.976000 0.423000 0.044000 0.110000
10 0.445000 0.633000 0.034000 0.046000
10 0.008000 0.313000 0.016000 0.034000
1 0.957000 0.932000 0.082000 0.088000
10 0.245000 0.989000 0.034000 0.018000
1 0.985000 0.719000 0.026000 0.126000
1 0.021000 0.029000 0.042000 0.058000
1 0.846890 0.128280 0.105780 0.104560
1 0.448440 0.862790 0.128880 0.121580
