1 0.068000 0.879000 0.136000 0.158000
1 0.191000 0.474000 0.130000 0.160000
1 0.207000 0.244000 0.258000 0.340000
1 0.091000 0.612000 0.142000 0.124000
10 0.511000 0.703000 0.050000 0.038000
10 0.575000 0.739000 0.050000 0.038000
10 0.629000 0.763000 0.046000 0.038000
10 0.749000 0.194000 0.038000 0.048000
1 0.039000 0.418000 0.078000 0.156000
1 0.867000 0.064000 0.246000 0.128000
10 0.514000 0.816000 0.044000 0.040000
10 0.620000 0.923000 0.028000 0.050000
10 0.639000 0.876000 0.046000 0.040000
10 0.220000 0.906000 0.048000 0.036000
6 0.819000 0.223000 0.046000 0.062000
6 0.239000 0.816000 0.030000 0.068000
10 0.774000 0.961000 0.060000 0.046000
10 0.357000 0.897000 0.054000 0.038000
10 0.463000 0.791000 0.038000 0.038000
10 0.568000 0.899000 0.028000 0.050000
10 0.411000 0.770000 0.038000 0.032000
6 0.339000 0.934000 0.022000 0.056000
10 0.562000 0.839000 0.032000 0.034000
1 0.560000 0.358000 0.156000 0.172000
10 0.491000 0.860000 0.026000 0.048000
1 0.883000 0.698000 0.130000 0.140000
1 0.731000 0.537000 0.526000 0.562000
10 0.819000 0.874000 0.046000 0.036000
10 0.540000 0.883000 0.028000 0.046000
10 0.265000 0.747000 0.050000 0.034000
10 0.407000 0.959000 0.026000 0.042000
10 0.418000 0.823000 0.028000 0.046000
10 0.445000 0.831000 0.026000 0.042000
10 0.372000 0.805000 0.024000 0.038000
10 0.497000 0.967000 0.050000 0.038000
10 0.278000 0.678000 0.044000 0.032000
10 0.346000 0.799000 0.024000 0.046000
10 0.791000 0.916000 0.046000 0.036000
10 0.515000 0.867000 0.022000 0.042000
1 0.395000 0.439000 0.134000 0.158000
10 0.332000 0.186000 0.028000 0.044000
10 0.399000 0.918000 0.038000 0.032000
10 0.888000 0.260000 0.044000 0.048000
10 0.382000 0.951000 0.024000 0.050000
10 0.550000 0.985000 0.048000 0.026000
10 0.436000 0.978000 0.028000 0.040000
10 0.444000 0.941000 0.048000 0.034000
1 0.631000 0.156000 0.154000 0.132000
1 0.677000 0.020000 0.162000 0.040000
1 0.182000 0.017000 0.136000 0.034000
