1 0.442000 0.140000 0.124000 0.152000
10 0.062000 0.859000 0.024000 0.046000
1 0.915550 0.910490 0.095100 0.096980
1 0.975000 0.874000 0.046000 0.112000
1 0.485000 0.951000 0.094000 0.078000
10 0.250000 0.982000 0.044000 0.032000
1 0.590000 0.054000 0.152000 0.108000
1 0.747000 0.786000 0.210000 0.168000
1 0.241000 0.470000 0.482000 0.392000
1 0.647000 0.957000 0.186000 0.082000
1 0.702000 0.147000 0.204000 0.138000
1 0.626560 0.518970 0.737120 0.605940
1 0.975000 0.746000 0.046000 0.144000
1 0.192280 0.736970 0.156560 0.173940
1 0.127670 0.164050 0.255340 0.264100
1 0.365760 0.063030 0.135520 0.118060
