1 0.766000 0.896000 0.320000 0.204000
1 0.553000 0.127000 0.142000 0.146000
2 0.870000 0.099000 0.064000 0.102000
10 0.948000 0.082000 0.048000 0.036000
10 0.557000 0.608000 0.050000 0.032000
10 0.057000 0.382000 0.042000 0.044000
10 0.909000 0.164000 0.050000 0.040000
10 0.964000 0.183000 0.052000 0.038000
1 0.218000 0.122000 0.436000 0.244000
10 0.035000 0.422000 0.038000 0.044000
10 0.631000 0.448000 0.022000 0.048000
10 0.728000 0.550000 0.024000 0.048000
5 0.699440 0.292450 0.050880 0.180900
2 0.700000 0.183000 0.096000 0.050000
2 0.631000 0.029000 0.078000 0.058000
10 0.642000 0.320000 0.020000 0.044000
10 0.812000 0.559000 0.024000 0.046000
10 0.646000 0.262000 0.028000 0.048000
10 0.010000 0.315000 0.020000 0.030000
10 0.985000 0.102000 0.026000 0.032000
1 0.420000 0.410000 0.120000 0.196000
10 0.774000 0.557000 0.024000 0.050000
6 0.557000 0.957000 0.042000 0.082000
1 0.261000 0.955000 0.522000 0.086000
5 0.025000 0.142000 0.050000 0.056000
