1 0.917000 0.952000 0.162000 0.092000
2 0.631000 0.297000 0.090000 0.042000
10 0.299000 0.369000 0.050000 0.038000
1 0.724000 0.653000 0.108000 0.134000
10 0.446000 0.295000 0.052000 0.030000
10 0.383000 0.296000 0.046000 0.028000
10 0.934000 0.329000 0.048000 0.030000
6 0.812000 0.957000 0.032000 0.066000
10 0.841000 0.323000 0.046000 0.026000
10 0.879000 0.327000 0.038000 0.026000
2 0.779000 0.909000 0.078000 0.042000
10 0.978000 0.329000 0.040000 0.030000
6 0.824000 0.869000 0.028000 0.066000
10 0.086000 0.386000 0.044000 0.028000
1 0.959000 0.244000 0.078000 0.116000
1 0.973000 0.671000 0.050000 0.194000
10 0.008000 0.366000 0.016000 0.020000
10 0.957000 0.062000 0.054000 0.032000
10 0.018000 0.333000 0.036000 0.026000
1 0.734750 0.515310 0.113500 0.134620
1 0.304000 0.749000 0.468000 0.502000
1 0.031730 0.546840 0.063460 0.085680
1 0.043280 0.824770 0.086560 0.157540
