2 0.419000 0.833000 0.086000 0.102000
2 0.742000 0.171000 0.080000 0.106000
2 0.475000 0.101000 0.094000 0.146000
2 0.244000 0.846000 0.144000 0.084000
10 0.342000 0.102000 0.052000 0.032000
1 0.913000 0.753000 0.170000 0.390000
10 0.380000 0.039000 0.044000 0.026000
10 0.289000 0.105000 0.042000 0.026000
10 0.640000 0.016000 0.032000 0.032000
1 0.166000 0.316000 0.332000 0.360000
1 0.925000 0.115000 0.146000 0.230000
10 0.240000 0.800000 0.032000 0.048000
2 0.712000 0.069000 0.100000 0.098000
10 0.750000 0.036000 0.028000 0.040000
1 0.065000 0.592000 0.130000 0.176000
1 0.665000 0.628000 0.278000 0.392000
2 0.517000 0.224000 0.122000 0.088000
10 0.442000 0.918000 0.048000 0.040000
10 0.327000 0.038000 0.046000 0.028000
10 0.481000 0.453000 0.038000 0.050000
1 0.549000 0.971000 0.186000 0.054000
10 0.279000 0.041000 0.050000 0.026000
1 0.786980 0.394310 0.153960 0.168620
1 0.585430 0.868870 0.150860 0.145740
10 0.180450 0.040720 0.048900 0.033440
