10 0.779000 0.092000 0.034000 0.044000
10 0.814000 0.142000 0.036000 0.040000
10 0.187000 0.549000 0.046000 0.046000
10 0.430000 0.649000 0.044000 0.042000
1 0.727840 0.544850 0.539680 0.545700
10 0.768000 0.795000 0.036000 0.038000
10 0.152000 0.507000 0.044000 0.050000
10 0.746000 0.058000 0.032000 0.040000
10 0.511000 0.733000 0.042000 0.042000
10 0.227450 0.413590 0.042900 0.035180
10 0.217000 0.393000 0.042000 0.042000
10 0.421000 0.821000 0.042000 0.042000
6 0.327000 0.518000 0.042000 0.048000
10 0.567000 0.783000 0.042000 0.042000
10 0.412000 0.607000 0.040000 0.042000
10 0.347710 0.539570 0.035420 0.039140
10 0.880000 0.685000 0.032000 0.038000
1 0.832000 0.848000 0.332000 0.300000
10 0.013000 0.747000 0.026000 0.042000
10 0.067000 0.811000 0.038000 0.034000
10 0.261000 0.485000 0.030000 0.038000
10 0.102000 0.851000 0.040000 0.038000
10 0.243000 0.426000 0.038000 0.040000
10 0.186000 0.597000 0.044000 0.046000
10 0.116590 0.879590 0.029180 0.035180
10 0.300020 0.498730 0.036040 0.033460
10 0.268590 0.656590 0.041180 0.041180
10 0.255160 0.635590 0.034320 0.035180
10 0.316160 0.705450 0.040320 0.042900
10 0.301590 0.689590 0.035180 0.035180
10 0.234160 0.616590 0.040320 0.041180
10 0.285160 0.671870 0.034320 0.031740
10 0.334160 0.723730 0.040320 0.039460
10 0.350160 0.750020 0.040320 0.036040
10 0.365730 0.768590 0.039460 0.041180
6 0.400310 0.804020 0.044620 0.048040
6 0.436740 0.843450 0.045480 0.042900
6 0.532020 0.753590 0.048040 0.047180
10 0.471300 0.876160 0.038600 0.040320
10 0.451300 0.860020 0.038600 0.036040
10 0.464450 0.699590 0.036900 0.035180
10 0.458880 0.666020 0.037760 0.036040
10 0.391160 0.596020 0.034320 0.036040
10 0.381300 0.578450 0.038600 0.036900
10 0.120160 0.479300 0.028320 0.038600
10 0.365440 0.555870 0.030880 0.031740
