2 0.333000 0.625000 0.102000 0.102000
1 0.793000 0.735000 0.210000 0.242000
1 0.606000 0.250000 0.228000 0.500000
2 0.743000 0.547000 0.070000 0.118000
2 0.243000 0.846000 0.066000 0.084000
2 0.206000 0.777000 0.088000 0.074000
2 0.206000 0.586000 0.100000 0.084000
10 0.851000 0.161000 0.038000 0.038000
10 0.959000 0.440000 0.042000 0.032000
1 0.240000 0.334000 0.156000 0.208000
10 0.396000 0.619000 0.048000 0.046000
1 0.154000 0.150000 0.124000 0.136000
10 0.818000 0.201000 0.036000 0.034000
10 0.192000 0.475000 0.036000 0.058000
10 0.908000 0.089000 0.032000 0.038000
10 0.773000 0.493000 0.046000 0.030000
2 0.487000 0.973000 0.098000 0.050000
10 0.033000 0.397000 0.050000 0.042000
1 0.938000 0.195000 0.120000 0.386000
2 0.465000 0.589000 0.058000 0.070000
2 0.591000 0.645000 0.094000 0.078000
1 0.017000 0.505000 0.034000 0.310000
10 0.506000 0.913000 0.024000 0.034000
10 0.018000 0.313000 0.036000 0.042000
10 0.023000 0.137000 0.046000 0.066000
1 0.257000 0.010000 0.198000 0.020000
1 0.411410 0.476320 0.270820 0.180640
1 0.097940 0.063110 0.147880 0.126220
