1 0.355000 0.608000 0.150000 0.144000
1 0.331000 0.365000 0.114000 0.102000
1 0.947000 0.246000 0.102000 0.136000
1 0.622000 0.725000 0.164000 0.186000
1 0.515000 0.488000 0.126000 0.140000
1 0.287000 0.931000 0.126000 0.134000
10 0.867000 0.394000 0.050000 0.040000
10 0.901000 0.445000 0.046000 0.034000
10 0.071000 0.155000 0.050000 0.038000
10 0.848000 0.765000 0.032000 0.042000
10 0.651000 0.522000 0.046000 0.036000
10 0.753000 0.457000 0.046000 0.038000
10 0.424000 0.658000 0.044000 0.032000
1 0.452000 0.819000 0.132000 0.138000
1 0.414000 0.109000 0.088000 0.106000
1 0.061000 0.608000 0.122000 0.124000
1 0.198000 0.522000 0.124000 0.132000
10 0.573000 0.640000 0.046000 0.040000
10 0.832000 0.675000 0.036000 0.046000
10 0.147000 0.183000 0.038000 0.034000
10 0.064000 0.874000 0.044000 0.036000
10 0.344000 0.705000 0.036000 0.034000
10 0.309000 0.798000 0.042000 0.040000
1 0.574000 0.032000 0.120000 0.064000
10 0.029000 0.183000 0.042000 0.038000
1 0.793000 0.158000 0.118000 0.116000
6 0.216000 0.071000 0.060000 0.050000
10 0.974000 0.909000 0.032000 0.042000
10 0.867000 0.338000 0.022000 0.036000
1 0.035000 0.825000 0.070000 0.162000
1 0.280000 0.182000 0.216000 0.180000
1 0.039000 0.079000 0.078000 0.126000
1 0.144000 0.039000 0.148000 0.078000
1 0.904000 0.961000 0.188000 0.074000
6 0.028000 0.969000 0.056000 0.050000
1 0.920000 0.513000 0.156000 0.158000
1 0.922000 0.675000 0.152000 0.194000
10 0.324000 0.009000 0.044000 0.018000
6 0.238000 0.768000 0.064000 0.056000
6 0.474000 0.627000 0.052000 0.042000
1 0.056000 0.987000 0.112000 0.022000
