1 0.894000 0.898000 0.208000 0.148000
1 0.086000 0.834000 0.172000 0.328000
1 0.140000 0.592000 0.152000 0.148000
6 0.587000 0.587000 0.054000 0.046000
10 0.841000 0.696000 0.038000 0.032000
10 0.641000 0.610000 0.050000 0.036000
1 0.407000 0.818000 0.454000 0.360000
10 0.911000 0.728000 0.046000 0.032000
10 0.698000 0.633000 0.048000 0.038000
10 0.042000 0.349000 0.052000 0.038000
10 0.423000 0.514000 0.038000 0.036000
10 0.384000 0.494000 0.044000 0.036000
10 0.489000 0.247000 0.030000 0.046000
1 0.029000 0.463000 0.058000 0.118000
10 0.083000 0.105000 0.026000 0.046000
10 0.962000 0.751000 0.044000 0.034000
10 0.363000 0.195000 0.026000 0.042000
10 0.286000 0.031000 0.036000 0.050000
10 0.124000 0.299000 0.024000 0.054000
10 0.128000 0.071000 0.028000 0.042000
10 0.095000 0.295000 0.026000 0.046000
1 0.973000 0.433000 0.050000 0.158000
10 0.334000 0.055000 0.032000 0.046000
1 0.973000 0.671000 0.050000 0.158000
10 0.419000 0.263000 0.026000 0.034000
10 0.382000 0.076000 0.036000 0.048000
10 0.037000 0.128000 0.018000 0.028000
6 0.416000 0.211000 0.032000 0.054000
6 0.013000 0.985000 0.026000 0.026000
1 0.551000 0.101000 0.286000 0.202000
10 0.351000 0.234000 0.018000 0.032000
10 0.036000 0.277000 0.036000 0.046000
10 0.318000 0.224000 0.028000 0.032000
10 0.524000 0.296000 0.032000 0.040000
