1 0.886000 0.536000 0.144000 0.140000
1 0.603000 0.274000 0.170000 0.160000
1 0.886000 0.057000 0.180000 0.114000
1 0.568000 0.436000 0.120000 0.136000
1 0.089000 0.651000 0.138000 0.138000
1 0.507000 0.705000 0.206000 0.154000
2 0.064000 0.935000 0.080000 0.074000
10 0.214000 0.269000 0.044000 0.034000
1 0.700000 0.152000 0.144000 0.156000
10 0.529000 0.130000 0.034000 0.044000
1 0.959000 0.373000 0.078000 0.110000
1 0.246000 0.854000 0.132000 0.144000
10 0.966000 0.635000 0.028000 0.042000
10 0.445000 0.760000 0.034000 0.032000
10 0.499000 0.803000 0.038000 0.050000
1 0.178000 0.384000 0.156000 0.164000
1 0.415000 0.564000 0.134000 0.148000
1 0.756000 0.892000 0.144000 0.184000
1 0.862000 0.696000 0.096000 0.124000
1 0.343000 0.078000 0.238000 0.156000
1 0.973000 0.079000 0.050000 0.142000
1 0.058300 0.232730 0.116600 0.145460
1 0.036500 0.781610 0.073000 0.127220
