1 0.679000 0.254000 0.158000 0.180000
1 0.919000 0.083000 0.134000 0.150000
1 0.659000 0.424000 0.162000 0.128000
1 0.329000 0.785000 0.110000 0.130000
1 0.318000 0.550000 0.136000 0.120000
1 0.077000 0.160000 0.098000 0.112000
1 0.088000 0.048000 0.124000 0.096000
1 0.032000 0.485000 0.064000 0.110000
1 0.210000 0.370000 0.096000 0.176000
1 0.508000 0.509000 0.104000 0.154000
1 0.242000 0.233000 0.096000 0.078000
1 0.153000 0.714000 0.098000 0.116000
1 0.369000 0.198000 0.098000 0.116000
1 0.909000 0.698000 0.126000 0.112000
1 0.580000 0.827000 0.108000 0.102000
1 0.380000 0.966000 0.104000 0.064000
1 0.597000 0.959000 0.102000 0.078000
1 0.857000 0.881000 0.134000 0.162000
1 0.626000 0.021000 0.088000 0.042000
6 0.043000 0.881000 0.030000 0.062000
1 0.046000 0.308000 0.092000 0.128000
10 0.515000 0.209000 0.042000 0.030000
10 0.113000 0.462000 0.026000 0.048000
10 0.798000 0.094000 0.024000 0.048000
10 0.522000 0.182000 0.044000 0.024000
1 0.139000 0.864000 0.122000 0.120000
1 0.975000 0.507000 0.046000 0.102000
10 0.051000 0.813000 0.026000 0.038000
10 0.186000 0.036000 0.028000 0.040000
1 0.274000 0.018000 0.084000 0.036000
1 0.684000 0.696000 0.104000 0.108000
1 0.207000 0.627000 0.098000 0.106000
10 0.165000 0.143000 0.030000 0.042000
10 0.835000 0.249000 0.022000 0.038000
10 0.176000 0.092000 0.024000 0.044000
10 0.696000 0.075000 0.024000 0.042000
10 0.804000 0.220000 0.028000 0.040000
1 0.985000 0.962000 0.026000 0.072000
10 0.747000 0.557000 0.022000 0.034000
1 0.443000 0.109000 0.138000 0.110000
1 0.439000 0.774000 0.130000 0.216000
1 0.982000 0.787000 0.032000 0.102000
1 0.014000 0.158000 0.028000 0.100000
10 0.093000 0.593000 0.022000 0.042000
10 0.507000 0.238000 0.038000 0.028000
1 0.524000 0.009000 0.072000 0.018000
1 0.032000 0.626000 0.064000 0.068000
