1 0.894000 0.535000 0.208000 0.362000
1 0.295000 0.411000 0.130000 0.158000
1 0.349000 0.643000 0.138000 0.138000
1 0.171000 0.686000 0.118000 0.116000
10 0.279000 0.770000 0.046000 0.040000
10 0.415000 0.751000 0.046000 0.042000
1 0.441000 0.803000 0.126000 0.106000
1 0.608000 0.133000 0.136000 0.118000
1 0.133000 0.500000 0.118000 0.116000
10 0.504000 0.702000 0.044000 0.036000
10 0.589000 0.594000 0.042000 0.040000
10 0.167000 0.890000 0.050000 0.040000
10 0.506000 0.645000 0.040000 0.034000
2 0.648000 0.386000 0.064000 0.064000
1 0.761000 0.314000 0.182000 0.152000
1 0.701980 0.700920 0.203960 0.185840
10 0.635000 0.626000 0.042000 0.032000
1 0.932000 0.143000 0.124000 0.130000
10 0.292000 0.825000 0.044000 0.034000
2 0.925000 0.918000 0.058000 0.072000
2 0.795000 0.613000 0.074000 0.070000
1 0.453000 0.292000 0.130000 0.108000
1 0.791440 0.854980 0.202880 0.201960
6 0.859000 0.728000 0.046000 0.060000
10 0.067000 0.467000 0.038000 0.038000
10 0.391000 0.708000 0.042000 0.036000
10 0.008000 0.935000 0.016000 0.038000
10 0.486000 0.236000 0.044000 0.044000
1 0.550000 0.740000 0.140000 0.128000
1 0.020000 0.696000 0.040000 0.116000
1 0.549000 0.525000 0.262000 0.226000
1 0.060000 0.985000 0.108000 0.026000
1 0.655880 0.250880 0.135760 0.121760
1 0.864780 0.221960 0.141560 0.119920
1 0.532640 0.050060 0.145280 0.096120
