1 0.369000 0.270000 0.158000 0.148000
1 0.159000 0.213000 0.170000 0.146000
1 0.177000 0.395000 0.154000 0.134000
1 0.453000 0.470000 0.150000 0.132000
1 0.549000 0.644000 0.122000 0.116000
1 0.482000 0.786000 0.100000 0.092000
1 0.689000 0.377000 0.138000 0.106000
1 0.599000 0.144000 0.126000 0.116000
1 0.154000 0.642000 0.124000 0.120000
1 0.514660 0.554700 0.173320 0.149400
10 0.600000 0.444000 0.028000 0.048000
1 0.835000 0.621000 0.126000 0.134000
10 0.383000 0.421000 0.042000 0.034000
1 0.287000 0.054000 0.138000 0.108000
1 0.809000 0.311000 0.146000 0.118000
1 0.226630 0.847370 0.149260 0.138740
1 0.182000 0.770000 0.128000 0.108000
10 0.014000 0.847000 0.028000 0.046000
1 0.032000 0.516000 0.064000 0.116000
1 0.032000 0.312000 0.064000 0.112000
10 0.741000 0.484000 0.042000 0.032000
10 0.062000 0.987000 0.032000 0.022000
1 0.017000 0.947000 0.034000 0.102000
1 0.604700 0.738320 0.169400 0.156640
1 0.592200 0.050950 0.136400 0.101900
