1 0.647000 0.518000 0.130000 0.140000
1 0.563000 0.721000 0.142000 0.166000
1 0.857000 0.886000 0.282000 0.216000
1 0.426000 0.043000 0.140000 0.086000
1 0.208750 0.427250 0.417500 0.402500
1 0.099000 0.230000 0.102000 0.092000
1 0.917000 0.444000 0.162000 0.200000
10 0.753000 0.452000 0.046000 0.040000
1 0.436000 0.906000 0.116000 0.128000
10 0.725000 0.396000 0.046000 0.044000
10 0.793000 0.316000 0.042000 0.028000
10 0.909000 0.253000 0.050000 0.034000
2 0.086000 0.921000 0.072000 0.074000
10 0.013000 0.187000 0.026000 0.030000
6 0.344000 0.104000 0.048000 0.044000
1 0.469000 0.589000 0.114000 0.078000
1 0.234000 0.084000 0.108000 0.104000
