1 0.631000 0.176000 0.134000 0.124000
1 0.763000 0.315000 0.102000 0.138000
1 0.642000 0.885000 0.232000 0.226000
10 0.580000 0.095000 0.052000 0.034000
10 0.044000 0.328000 0.040000 0.036000
1 0.672000 0.417000 0.116000 0.182000
10 0.081000 0.126000 0.046000 0.036000
10 0.255000 0.112000 0.050000 0.032000
10 0.109000 0.599000 0.026000 0.042000
10 0.032000 0.140000 0.048000 0.036000
1 0.876000 0.141000 0.244000 0.154000
6 0.523000 0.013000 0.062000 0.026000
1 0.310000 0.927000 0.280000 0.142000
10 0.018000 0.520000 0.036000 0.040000
2 0.108000 0.269000 0.108000 0.046000
1 0.918000 0.459000 0.160000 0.430000
1 0.927000 0.869000 0.142000 0.258000
10 0.840000 0.006000 0.052000 0.012000
1 0.440000 0.247000 0.320000 0.198000
1 0.755080 0.761240 0.166160 0.294480
1 0.349200 0.418670 0.150400 0.161340
1 0.419050 0.654510 0.210100 0.361020
1 0.722750 0.565490 0.165500 0.166980
10 0.107420 0.157060 0.050840 0.038120
10 0.801080 0.040220 0.046160 0.028440
10 0.480090 0.120000 0.052180 0.036000
