1 0.329000 0.300000 0.154000 0.124000
1 0.618000 0.426000 0.088000 0.128000
1 0.341000 0.593000 0.118000 0.098000
1 0.544000 0.124000 0.140000 0.108000
1 0.721000 0.336000 0.110000 0.104000
1 0.183000 0.499000 0.114000 0.094000
1 0.535000 0.457000 0.094000 0.130000
1 0.177000 0.411000 0.126000 0.098000
1 0.753000 0.487000 0.130000 0.106000
1 0.219000 0.215000 0.126000 0.118000
6 0.754000 0.594000 0.056000 0.040000
2 0.070000 0.666000 0.088000 0.048000
2 0.170000 0.761000 0.044000 0.070000
2 0.020000 0.810000 0.040000 0.084000
2 0.088000 0.895000 0.096000 0.050000
10 0.548000 0.647000 0.052000 0.030000
10 0.624000 0.622000 0.044000 0.032000
10 0.018000 0.592000 0.020000 0.056000
1 0.155000 0.014000 0.138000 0.028000
1 0.945000 0.439000 0.106000 0.138000
1 0.985000 0.065000 0.026000 0.114000
10 0.153000 0.352000 0.022000 0.040000
10 0.008000 0.453000 0.016000 0.038000
4 0.431330 0.890000 0.386660 0.220000
4 0.799330 0.850670 0.362660 0.297340
1 0.232670 0.060670 0.213340 0.121340
1 0.443330 0.559330 0.106660 0.102660
