1 0.385540 0.517540 0.263080 0.303080
6 0.340000 0.633000 0.040000 0.054000
10 0.219000 0.070000 0.054000 0.040000
10 0.268000 0.037000 0.044000 0.038000
6 0.365000 0.680000 0.042000 0.048000
1 0.539850 0.771540 0.267700 0.283080
10 0.426000 0.805000 0.036000 0.046000
1 0.575000 0.952000 0.134000 0.092000
6 0.194000 0.448000 0.044000 0.056000
10 0.387000 0.723000 0.034000 0.042000
10 0.490000 0.935000 0.028000 0.038000
2 0.047000 0.206000 0.062000 0.080000
10 0.116000 0.226000 0.040000 0.048000
1 0.732000 0.431000 0.536000 0.766000
1 0.869000 0.102000 0.258000 0.196000
10 0.319000 0.586000 0.030000 0.028000
1 0.064000 0.346000 0.128000 0.152000
2 0.039000 0.047000 0.062000 0.062000
1 0.936000 0.881000 0.124000 0.198000
1 0.795000 0.955000 0.186000 0.086000
10 0.469000 0.900000 0.022000 0.032000
1 0.175000 0.744000 0.274000 0.260000
1 0.310000 0.256000 0.276000 0.328000
1 0.017000 0.534000 0.034000 0.172000
1 0.551000 0.076000 0.266000 0.152000
1 0.014000 0.107000 0.028000 0.214000
10 0.441000 0.848000 0.022000 0.024000
1 0.285000 0.922000 0.262000 0.156000
