10 0.848000 0.564000 0.052000 0.036000
10 0.287000 0.501000 0.026000 0.042000
10 0.382000 0.145000 0.036000 0.054000
10 0.738000 0.818000 0.052000 0.036000
10 0.371000 0.198000 0.030000 0.052000
10 0.272000 0.559000 0.032000 0.046000
10 0.971000 0.413000 0.046000 0.038000
10 0.157000 0.969000 0.030000 0.050000
10 0.498000 0.964000 0.040000 0.052000
10 0.703000 0.883000 0.054000 0.038000
10 0.310000 0.671000 0.028000 0.046000
10 0.172000 0.927000 0.028000 0.042000
10 0.670000 0.965000 0.056000 0.042000
10 0.876000 0.368000 0.052000 0.036000
10 0.355000 0.251000 0.030000 0.046000
10 0.608000 0.587000 0.052000 0.038000
1 0.890000 0.911000 0.216000 0.174000
10 0.343000 0.301000 0.034000 0.054000
10 0.786000 0.691000 0.048000 0.034000
1 0.855000 0.197000 0.290000 0.186000
1 0.657000 0.161500 0.158000 0.195000
10 0.771000 0.747500 0.050000 0.043000
10 0.726000 0.852500 0.060000 0.049000
10 0.757000 0.765500 0.058000 0.043000
10 0.747500 0.796500 0.055000 0.041000
10 0.782500 0.713500 0.049000 0.039000
10 0.694500 0.919000 0.061000 0.046000
