1 0.426000 0.233000 0.164000 0.222000
1 0.610000 0.199000 0.120000 0.110000
1 0.496000 0.664000 0.236000 0.172000
1 0.229000 0.387000 0.126000 0.102000
1 0.183000 0.213000 0.110000 0.114000
1 0.945000 0.290000 0.106000 0.164000
1 0.761000 0.500000 0.218000 0.256000
1 0.800000 0.867000 0.204000 0.254000
1 0.306000 0.756000 0.156000 0.208000
1 0.642000 0.066000 0.092000 0.096000
1 0.291000 0.587000 0.134000 0.166000
2 0.537000 0.777000 0.074000 0.082000
10 0.052000 0.184000 0.032000 0.052000
1 0.135000 0.041000 0.142000 0.082000
1 0.761000 0.105000 0.134000 0.106000
10 0.024000 0.087000 0.032000 0.054000
1 0.101000 0.886000 0.202000 0.208000
10 0.856000 0.679000 0.028000 0.046000
1 0.014000 0.229000 0.028000 0.114000
10 0.014000 0.031000 0.028000 0.050000
10 0.125000 0.498000 0.034000 0.048000
1 0.345000 0.024000 0.186000 0.048000
1 0.501000 0.940000 0.422000 0.116000
10 0.654000 0.925000 0.032000 0.030000
1 0.028000 0.442000 0.056000 0.076000
1 0.020000 0.349000 0.040000 0.090000
10 0.145000 0.587000 0.022000 0.038000
10 0.702000 0.991000 0.036000 0.014000
10 0.677000 0.964000 0.034000 0.052000
1 0.059000 0.524000 0.118000 0.116000
1 0.742000 0.014000 0.116000 0.028000
1 0.984000 0.947000 0.028000 0.102000
