1 0.071000 0.784000 0.142000 0.144000
1 0.767000 0.913000 0.462000 0.170000
1 0.479000 0.211000 0.114000 0.118000
1 0.251000 0.157000 0.158000 0.186000
1 0.584000 0.447000 0.144000 0.122000
1 0.294000 0.636000 0.108000 0.144000
1 0.902000 0.342000 0.176000 0.124000
1 0.157000 0.583000 0.142000 0.102000
10 0.115000 0.228000 0.030000 0.044000
1 0.223000 0.837000 0.090000 0.118000
1 0.952000 0.512000 0.092000 0.132000
1 0.412000 0.646000 0.132000 0.088000
2 0.097000 0.344000 0.078000 0.064000
10 0.705000 0.789000 0.034000 0.042000
2 0.047000 0.442000 0.078000 0.060000
2 0.029000 0.368000 0.054000 0.096000
10 0.430000 0.603000 0.052000 0.042000
10 0.168000 0.465000 0.036000 0.030000
2 0.113000 0.418000 0.062000 0.096000
1 0.380000 0.446000 0.152000 0.144000
1 0.804000 0.511000 0.140000 0.126000
1 0.968000 0.788000 0.060000 0.080000
10 0.484000 0.629000 0.048000 0.038000
1 0.740000 0.050000 0.204000 0.100000
1 0.414000 0.784000 0.136000 0.136000
1 0.032000 0.087000 0.064000 0.094000
10 0.091000 0.282000 0.034000 0.048000
10 0.754000 0.809000 0.028000 0.038000
1 0.545000 0.048000 0.174000 0.096000
10 0.982000 0.266000 0.032000 0.040000
10 0.209000 0.492000 0.042000 0.032000
10 0.936000 0.910000 0.032000 0.028000
1 0.682000 0.227000 0.108000 0.126000
1 0.093000 0.006000 0.102000 0.012000
10 0.897000 0.886000 0.030000 0.032000
1 0.943000 0.155000 0.110000 0.194000
