1 0.112000 0.137000 0.224000 0.202000
1 0.811000 0.175000 0.374000 0.150000
10 0.219000 0.634000 0.050000 0.036000
1 0.220610 0.500670 0.357220 0.145340
10 0.470000 0.654000 0.036000 0.052000
10 0.202000 0.259000 0.044000 0.026000
10 0.100000 0.952000 0.028000 0.056000
10 0.107000 0.249000 0.042000 0.022000
10 0.024000 0.761000 0.024000 0.042000
10 0.409000 0.763000 0.030000 0.046000
10 0.671000 0.061000 0.046000 0.026000
10 0.041000 0.802000 0.030000 0.052000
10 0.175000 0.286000 0.038000 0.028000
10 0.198000 0.336000 0.020000 0.040000
10 0.080000 0.901000 0.032000 0.046000
1 0.381000 0.046000 0.162000 0.092000
10 0.059000 0.854000 0.038000 0.060000
10 0.363000 0.771000 0.034000 0.046000
10 0.124000 0.325000 0.020000 0.046000
10 0.633000 0.688000 0.038000 0.028000
10 0.156000 0.257000 0.044000 0.026000
10 0.272000 0.683000 0.028000 0.042000
10 0.980000 0.024000 0.036000 0.020000
6 0.413000 0.654000 0.038000 0.060000
10 0.783000 0.009000 0.042000 0.018000
10 0.777000 0.034000 0.046000 0.028000
10 0.318000 0.789000 0.032000 0.050000
10 0.273000 0.798000 0.030000 0.040000
10 0.318240 0.667790 0.036480 0.059580
10 0.338410 0.662140 0.032820 0.052280
10 0.362000 0.654000 0.032000 0.052000
10 0.524000 0.724000 0.024000 0.040000
10 0.152000 0.326000 0.024000 0.044000
10 0.472000 0.733000 0.040000 0.042000
1 0.787530 0.548700 0.203060 0.137400
1 0.539890 0.522780 0.319780 0.149560
