1 0.722000 0.671000 0.204000 0.194000
10 0.717000 0.891000 0.038000 0.042000
10 0.911000 0.684000 0.038000 0.036000
10 0.950000 0.643000 0.040000 0.038000
1 0.385250 0.264570 0.382500 0.385140
10 0.212000 0.142000 0.036000 0.032000
1 0.173000 0.331000 0.118000 0.118000
10 0.621000 0.922000 0.050000 0.048000
10 0.682000 0.928000 0.032000 0.032000
10 0.116000 0.237000 0.040000 0.038000
10 0.053000 0.299000 0.050000 0.050000
1 0.459000 0.904000 0.230000 0.188000
10 0.587000 0.955000 0.038000 0.042000
1 0.490000 0.041000 0.176000 0.082000
1 0.621000 0.129000 0.218000 0.250000
10 0.939000 0.577000 0.046000 0.046000
10 0.612000 0.987000 0.040000 0.022000
10 0.553000 0.982000 0.042000 0.032000
1 0.955000 0.405000 0.086000 0.174000
10 0.345000 0.019000 0.050000 0.038000
1 0.235000 0.934000 0.138000 0.128000
10 0.755000 0.851000 0.042000 0.046000
1 0.101400 0.453810 0.154800 0.227620
1 0.950000 0.964000 0.096000 0.068000
1 0.752000 0.985000 0.144000 0.026000
1 0.145460 0.637380 0.146920 0.166760
1 0.233570 0.522180 0.115140 0.132360
1 0.300210 0.457540 0.124420 0.123080
1 0.192190 0.856620 0.128380 0.193240
1 0.605040 0.725650 0.258080 0.275300
1 0.909510 0.092850 0.131020 0.129700
1 0.846870 0.152870 0.125740 0.125740
1 0.792910 0.214190 0.113820 0.128380
1 0.729540 0.277500 0.123080 0.135000
1 0.671530 0.340180 0.127060 0.132360
1 0.609560 0.392180 0.119120 0.132360
1 0.546210 0.454850 0.124420 0.129700
1 0.494190 0.521540 0.128380 0.123080
1 0.434850 0.581500 0.129700 0.135000
1 0.376190 0.637500 0.128380 0.135000
1 0.316840 0.699500 0.133680 0.135000
1 0.252210 0.762850 0.124420 0.129700
