1 0.770000 0.596000 0.180000 0.168000
1 0.526000 0.842000 0.124000 0.140000
1 0.530000 0.139000 0.168000 0.178000
1 0.890000 0.079000 0.160000 0.158000
6 0.207000 0.958000 0.046000 0.056000
2 0.594000 0.383000 0.080000 0.078000
10 0.407000 0.700000 0.042000 0.052000
6 0.301000 0.934000 0.054000 0.064000
10 0.462000 0.631000 0.032000 0.042000
1 0.758000 0.221000 0.120000 0.130000
10 0.493000 0.589000 0.038000 0.042000
10 0.369000 0.749000 0.038000 0.046000
10 0.737000 0.347000 0.042000 0.034000
10 0.907000 0.284000 0.046000 0.032000
10 0.847000 0.307000 0.046000 0.034000
10 0.274000 0.875000 0.036000 0.046000
10 0.442000 0.260000 0.044000 0.044000
10 0.339000 0.791000 0.038000 0.046000
1 0.961000 0.457000 0.074000 0.138000
10 0.517000 0.326000 0.046000 0.048000
10 0.522000 0.557000 0.036000 0.042000
10 0.245000 0.913000 0.034000 0.042000
10 0.258000 0.073000 0.044000 0.046000
10 0.310000 0.835000 0.036000 0.042000
10 0.292000 0.110000 0.040000 0.040000
10 0.951000 0.032000 0.042000 0.048000
6 0.404000 0.220000 0.052000 0.052000
2 0.605000 0.490000 0.074000 0.056000
1 0.666000 0.807000 0.212000 0.182000
2 0.678000 0.393000 0.060000 0.090000
2 0.199000 0.014000 0.066000 0.028000
10 0.177000 0.989000 0.038000 0.018000
1 0.719000 0.063000 0.114000 0.110000
1 0.311000 0.481000 0.078000 0.214000
10 0.481000 0.288000 0.038000 0.036000
1 0.941000 0.758000 0.114000 0.168000
1 0.350000 0.982000 0.200000 0.032000
1 0.248000 0.659000 0.192000 0.274000
