1 0.296000 0.883000 0.408000 0.230000
2 0.545000 0.728000 0.074000 0.160000
10 0.937000 0.828000 0.042000 0.036000
10 0.925000 0.233000 0.038000 0.054000
10 0.074000 0.837000 0.036000 0.046000
10 0.705000 0.710000 0.050000 0.040000
10 0.645000 0.685000 0.050000 0.038000
2 0.127000 0.606000 0.070000 0.112000
10 0.133000 0.531000 0.038000 0.038000
10 0.489000 0.694000 0.046000 0.036000
2 0.092000 0.432000 0.072000 0.064000
10 0.860000 0.251000 0.028000 0.042000
10 0.095000 0.795000 0.034000 0.046000
10 0.911000 0.347000 0.026000 0.034000
1 0.074000 0.278000 0.148000 0.216000
10 0.799000 0.750000 0.046000 0.028000
10 0.012000 0.964000 0.024000 0.040000
2 0.601000 0.871000 0.110000 0.070000
1 0.689000 0.330000 0.242000 0.188000
1 0.144000 0.093000 0.284000 0.186000
10 0.837000 0.201000 0.030000 0.042000
1 0.043000 0.844000 0.086000 0.300000
1 0.534000 0.129000 0.292000 0.258000
5 0.712000 0.009000 0.076000 0.018000
1 0.955000 0.161000 0.086000 0.246000
