1 0.094000 0.879000 0.152000 0.154000
10 0.940000 0.698000 0.036000 0.032000
10 0.906000 0.753000 0.056000 0.042000
10 0.349000 0.763000 0.042000 0.042000
10 0.528000 0.938000 0.036000 0.036000
10 0.300000 0.597000 0.036000 0.038000
10 0.971000 0.660000 0.022000 0.020000
10 0.164000 0.725000 0.040000 0.022000
10 0.487000 0.900000 0.042000 0.048000
1 0.029000 0.187000 0.058000 0.178000
10 0.106000 0.078000 0.040000 0.036000
10 0.453500 0.861500 0.039000 0.047000
1 0.315000 0.939000 0.178000 0.122000
10 0.387000 0.799000 0.046000 0.046000
1 0.185500 0.593500 0.155000 0.151000
2 0.254500 0.703000 0.113000 0.058000
1 0.549000 0.725000 0.178000 0.202000
1 0.103000 0.322000 0.146000 0.148000
1 0.197000 0.401500 0.158000 0.111000
1 0.361000 0.083000 0.146000 0.166000
1 0.451500 0.685500 0.131000 0.155000
1 0.699500 0.897000 0.175000 0.158000
1 0.563090 0.494670 0.190180 0.165340
1 0.263940 0.068780 0.151880 0.137560
1 0.057510 0.561780 0.103020 0.095560
