1 0.850000 0.853000 0.296000 0.290000
1 0.105000 0.160000 0.210000 0.320000
2 0.762000 0.075000 0.120000 0.122000
1 0.670000 0.638000 0.240000 0.224000
1 0.337000 0.830000 0.526000 0.336000
10 0.160000 0.527000 0.036000 0.046000
6 0.717000 0.542000 0.066000 0.060000
1 0.887000 0.409000 0.222000 0.198000
6 0.445000 0.206000 0.058000 0.044000
1 0.698000 0.232000 0.168000 0.136000
10 0.222000 0.404000 0.032000 0.040000
10 0.767000 0.512000 0.038000 0.040000
6 0.109000 0.478000 0.034000 0.060000
10 0.053000 0.402000 0.034000 0.032000
10 0.805000 0.541000 0.038000 0.038000
10 0.842000 0.573000 0.036000 0.038000
10 0.731000 0.482000 0.038000 0.036000
5 0.931230 0.167540 0.098460 0.103080
10 0.923000 0.196000 0.042000 0.044000
10 0.014000 0.363000 0.028000 0.042000
10 0.089000 0.825000 0.030000 0.050000
10 0.587000 0.432000 0.038000 0.032000
10 0.881000 0.160000 0.042000 0.048000
10 0.860000 0.255000 0.036000 0.034000
6 0.085000 0.352000 0.054000 0.036000
10 0.929000 0.712000 0.038000 0.028000
1 0.386000 0.410000 0.188000 0.216000
1 0.039590 0.554820 0.079180 0.309640
1 0.932000 0.107000 0.132000 0.214000
10 0.899000 0.621000 0.042000 0.042000
10 0.033000 0.978000 0.030000 0.040000
5 0.643000 0.050000 0.074000 0.100000
1 0.441000 0.589000 0.142000 0.170000
1 0.627690 0.315540 0.175380 0.143080
10 0.601000 0.379000 0.046000 0.046000
10 0.832000 0.105000 0.036000 0.046000
10 0.550000 0.402000 0.036000 0.032000
1 0.719000 0.390000 0.114000 0.112000
1 0.288000 0.577000 0.164000 0.194000
6 0.987000 0.781000 0.022000 0.054000
10 0.004000 0.818000 0.008000 0.048000
1 0.973000 0.607000 0.050000 0.230000
10 0.645000 0.415000 0.034000 0.034000
10 0.687000 0.446000 0.042000 0.036000
10 0.992000 0.707000 0.012000 0.038000
10 0.959000 0.673000 0.042000 0.042000
1 0.402150 0.073840 0.372300 0.147680
