1 0.735000 0.393000 0.138000 0.314000
1 0.156000 0.030000 0.120000 0.060000
1 0.952000 0.217000 0.092000 0.110000
1 0.772000 0.693000 0.140000 0.306000
2 0.356000 0.155000 0.048000 0.058000
2 0.300000 0.100000 0.088000 0.044000
10 0.113000 0.152000 0.054000 0.036000
10 0.061000 0.148000 0.042000 0.028000
10 0.167000 0.153000 0.050000 0.034000
10 0.445000 0.161000 0.046000 0.026000
1 0.150000 0.543000 0.144000 0.098000
10 0.839000 0.033000 0.050000 0.030000
10 0.227000 0.677000 0.022000 0.042000
2 0.288000 0.207000 0.064000 0.042000
10 0.844000 0.093000 0.056000 0.038000
10 0.208000 0.835000 0.024000 0.046000
1 0.078000 0.971000 0.156000 0.054000
10 0.332000 0.953000 0.024000 0.038000
1 0.136000 0.634000 0.116000 0.084000
1 0.511000 0.280000 0.150000 0.128000
1 0.153000 0.339000 0.106000 0.098000
10 0.381000 0.555000 0.018000 0.038000
6 0.463000 0.563000 0.026000 0.046000
1 0.661770 0.971000 0.151540 0.054000
10 0.193000 0.955000 0.026000 0.042000
1 0.119000 0.717000 0.138000 0.102000
10 0.259000 0.374000 0.026000 0.040000
1 0.108000 0.834000 0.132000 0.116000
10 0.185000 0.991000 0.030000 0.014000
2 0.224000 0.146000 0.044000 0.056000
1 0.014000 0.429000 0.028000 0.158000
1 0.133000 0.250000 0.210000 0.112000
10 0.234000 0.575000 0.032000 0.042000
1 0.391770 0.713440 0.155540 0.142880
1 0.390990 0.403530 0.085980 0.115060
1 0.432630 0.505830 0.197260 0.079660
1 0.397510 0.291650 0.067020 0.115300
1 0.404290 0.045710 0.108580 0.091420
