10 0.074000 0.419000 0.060000 0.078000
1 0.110000 0.618000 0.220000 0.240000
1 0.316000 0.105000 0.168000 0.178000
10 0.840000 0.427000 0.044000 0.042000
10 0.805000 0.455000 0.042000 0.038000
10 0.376000 0.832000 0.048000 0.064000
10 0.915000 0.368000 0.042000 0.036000
10 0.184000 0.011000 0.064000 0.022000
10 0.148000 0.519000 0.048000 0.058000
1 0.499500 0.547500 0.131000 0.107000
10 0.580000 0.566000 0.032000 0.044000
10 0.071000 0.077000 0.046000 0.038000
10 0.449000 0.923000 0.042000 0.054000
1 0.266500 0.879000 0.217000 0.182000
2 0.339000 0.740000 0.078000 0.076000
2 0.431000 0.769500 0.090000 0.087000
1 0.886000 0.249500 0.156000 0.135000
1 0.810500 0.314500 0.133000 0.105000
1 0.669500 0.430500 0.135000 0.101000
1 0.227500 0.382000 0.107000 0.108000
1 0.155000 0.212500 0.134000 0.137000
1 0.861000 0.604000 0.098000 0.108000
1 0.928000 0.933000 0.144000 0.134000
1 0.719000 0.846000 0.106000 0.096000
1 0.562500 0.857000 0.117000 0.102000
1 0.638500 0.955500 0.097000 0.083000
1 0.697000 0.714000 0.098000 0.088000
1 0.766000 0.668000 0.112000 0.116000
1 0.950500 0.578000 0.097000 0.148000
1 0.739000 0.393000 0.122000 0.102000
1 0.476000 0.357000 0.160000 0.138000
1 0.358000 0.324500 0.104000 0.109000
1 0.355000 0.542000 0.206000 0.152000
1 0.891500 0.055000 0.215000 0.110000
1 0.938000 0.181500 0.124000 0.171000
