1 0.054000 0.703000 0.108000 0.158000
6 0.131000 0.564000 0.026000 0.064000
10 0.153000 0.360000 0.034000 0.056000
10 0.147000 0.109000 0.022000 0.054000
10 0.175000 0.450000 0.022000 0.052000
10 0.187000 0.641000 0.026000 0.050000
10 0.212000 0.908000 0.024000 0.060000
10 0.204000 0.801000 0.024000 0.046000
10 0.181000 0.499000 0.022000 0.038000
10 0.198000 0.743000 0.024000 0.042000
1 0.548000 0.232000 0.476000 0.452000
1 0.021000 0.353000 0.042000 0.258000
10 0.182000 0.536000 0.024000 0.036000
10 0.216000 0.965000 0.028000 0.042000
10 0.140000 0.053000 0.020000 0.050000
10 0.183000 0.587000 0.022000 0.054000
10 0.139000 0.016000 0.022000 0.032000
10 0.169000 0.401000 0.022000 0.042000
10 0.161000 0.299000 0.022000 0.050000
10 0.150000 0.171000 0.016000 0.046000
10 0.191000 0.689000 0.022000 0.046000
10 0.206000 0.853000 0.024000 0.050000
10 0.154000 0.212000 0.020000 0.036000
10 0.183000 0.008000 0.022000 0.016000
