1 0.357000 0.279000 0.238000 0.202000
1 0.065000 0.832000 0.126000 0.140000
1 0.731000 0.280000 0.362000 0.200000
1 0.403000 0.890000 0.110000 0.108000
1 0.569000 0.934000 0.186000 0.128000
1 0.664000 0.481000 0.116000 0.126000
1 0.171180 0.563490 0.342360 0.302980
10 0.705000 0.913000 0.050000 0.034000
1 0.522400 0.091720 0.232800 0.183440
10 0.588000 0.120000 0.028000 0.040000
10 0.621000 0.069000 0.042000 0.054000
10 0.482000 0.830000 0.044000 0.032000
10 0.577000 0.867000 0.038000 0.034000
10 0.680000 0.134000 0.036000 0.032000
1 0.247000 0.903000 0.106000 0.102000
1 0.660000 0.733000 0.620000 0.330000
1 0.966000 0.100000 0.064000 0.144000
6 0.803000 0.953000 0.050000 0.038000
6 0.133000 0.158000 0.050000 0.060000
1 0.166000 0.045000 0.240000 0.090000
