1 0.324000 0.436000 0.160000 0.152000
10 0.150000 0.278000 0.028000 0.044000
1 0.895000 0.731000 0.190000 0.222000
6 0.273000 0.020000 0.034000 0.040000
1 0.045000 0.754000 0.090000 0.140000
1 0.109000 0.550000 0.150000 0.140000
1 0.247000 0.200000 0.082000 0.116000
1 0.135000 0.471000 0.122000 0.102000
1 0.374000 0.065000 0.152000 0.130000
1 0.056000 0.642000 0.100000 0.108000
1 0.580000 0.971000 0.144000 0.054000
1 0.118190 0.080060 0.164380 0.120120
1 0.083000 0.013000 0.114000 0.026000
1 0.016000 0.469000 0.032000 0.178000
1 0.080300 0.183550 0.160600 0.139100
1 0.386810 0.329030 0.141620 0.158060
1 0.479960 0.875320 0.123920 0.098640
1 0.811770 0.877550 0.155540 0.139100
1 0.939950 0.424550 0.119900 0.249100
1 0.645200 0.447640 0.078400 0.111280
1 0.853530 0.520050 0.115060 0.096100
1 0.515960 0.036670 0.123920 0.073340
1 0.677200 0.049950 0.078400 0.099900
1 0.594990 0.058990 0.085980 0.085980
1 0.772280 0.945840 0.136560 0.103680
