1 0.920000 0.754000 0.156000 0.204000
1 0.553000 0.383000 0.298000 0.222000
6 0.084000 0.944000 0.032000 0.064000
10 0.629000 0.888000 0.046000 0.036000
10 0.100000 0.864000 0.028000 0.056000
1 0.402000 0.876000 0.180000 0.244000
6 0.166580 0.694600 0.037160 0.069200
6 0.162000 0.694000 0.036000 0.064000
10 0.493000 0.607000 0.030000 0.042000
10 0.041000 0.378000 0.026000 0.048000
10 0.583000 0.758000 0.046000 0.036000
6 0.597000 0.831000 0.074000 0.042000
5 0.572000 0.675000 0.140000 0.066000
10 0.508000 0.848000 0.036000 0.032000
10 0.564000 0.710000 0.048000 0.032000
10 0.534000 0.927000 0.052000 0.034000
10 0.054000 0.151000 0.028000 0.042000
10 0.152000 0.636000 0.020000 0.032000
10 0.018000 0.049000 0.020000 0.042000
1 0.784000 0.133000 0.420000 0.266000
10 0.522000 0.890000 0.044000 0.032000
10 0.647000 0.939000 0.038000 0.030000
10 0.186000 0.816000 0.028000 0.052000
10 0.665000 0.989000 0.046000 0.018000
10 0.027000 0.008000 0.022000 0.016000
10 0.498000 0.802000 0.040000 0.024000
1 0.471000 0.136000 0.194000 0.132000
10 0.197000 0.863000 0.022000 0.042000
1 0.228000 0.150000 0.204000 0.296000
10 0.077000 0.270000 0.018000 0.032000
10 0.536000 0.515000 0.036000 0.050000
10 0.009000 0.219000 0.018000 0.054000
10 0.049000 0.102000 0.030000 0.056000
5 0.008000 0.469000 0.016000 0.142000
10 0.542000 0.589000 0.032000 0.042000
6 0.867000 0.004000 0.050000 0.008000
1 0.338000 0.540000 0.244000 0.508000
