1 0.180000 0.226000 0.132000 0.128000
1 0.456000 0.911000 0.132000 0.138000
1 0.663000 0.363000 0.098000 0.134000
1 0.302000 0.151000 0.104000 0.118000
1 0.403000 0.659000 0.118000 0.126000
1 0.741000 0.952000 0.134000 0.092000
1 0.260000 0.360000 0.100000 0.120000
1 0.286000 0.911000 0.180000 0.110000
1 0.573000 0.215000 0.138000 0.146000
1 0.151000 0.467000 0.118000 0.122000
1 0.316000 0.046000 0.120000 0.092000
1 0.101000 0.596000 0.126000 0.120000
1 0.936000 0.700000 0.124000 0.144000
1 0.550000 0.085000 0.148000 0.114000
1 0.466000 0.514000 0.120000 0.128000
10 0.168000 0.765000 0.036000 0.042000
10 0.318000 0.486000 0.032000 0.044000
2 0.087000 0.897000 0.094000 0.066000
10 0.207000 0.976000 0.042000 0.028000
10 0.396000 0.272000 0.032000 0.052000
10 0.825000 0.429000 0.042000 0.030000
2 0.133000 0.827000 0.050000 0.046000
10 0.229000 0.737000 0.030000 0.042000
10 0.379000 0.322000 0.030000 0.044000
10 0.941000 0.277000 0.022000 0.042000
2 0.125000 0.973000 0.050000 0.050000
10 0.444000 0.064000 0.032000 0.052000
1 0.777000 0.345000 0.082000 0.118000
10 0.256000 0.984000 0.052000 0.028000
1 0.828000 0.059000 0.112000 0.118000
1 0.522000 0.376000 0.156000 0.200000
1 0.312000 0.803000 0.100000 0.106000
1 0.039000 0.797000 0.078000 0.098000
10 0.306000 0.989000 0.048000 0.018000
1 0.032000 0.424000 0.064000 0.100000
1 0.968000 0.457000 0.060000 0.166000
1 0.570000 0.016000 0.116000 0.032000
8 0.041000 0.980000 0.082000 0.036000
1 0.893000 0.987000 0.102000 0.022000
10 0.845000 0.360000 0.042000 0.028000
10 0.369000 0.367000 0.030000 0.042000
1 0.517000 0.761000 0.110000 0.078000
10 0.891000 0.153000 0.050000 0.034000
6 0.860000 0.233000 0.048000 0.034000
1 0.987000 0.971000 0.022000 0.054000
1 0.805000 0.163000 0.110000 0.090000
1 0.701000 0.027000 0.106000 0.054000
1 0.605000 0.971000 0.074000 0.054000
