10 0.675000 0.554000 0.038000 0.028000
1 0.458920 0.270590 0.677840 0.541180
10 0.149000 0.230000 0.030000 0.044000
10 0.611000 0.580000 0.046000 0.032000
10 0.025000 0.100000 0.034000 0.044000
1 0.711000 0.149000 0.306000 0.298000
1 0.848000 0.406000 0.300000 0.336000
10 0.445000 0.906000 0.054000 0.036000
1 0.160000 0.021000 0.220000 0.042000
1 0.442000 0.816000 0.588000 0.356000
1 0.897000 0.901000 0.202000 0.194000
6 0.466050 0.853020 0.048100 0.066040
1 0.049500 0.476030 0.099000 0.352060
10 0.704200 0.662620 0.036400 0.029240
10 0.744520 0.644020 0.037040 0.032040
