1 0.076000 0.093000 0.152000 0.186000
1 0.109000 0.287000 0.186000 0.262000
1 0.359330 0.573330 0.186660 0.278660
6 0.266000 0.719330 0.056000 0.042660
6 0.298000 0.687000 0.060000 0.042000
1 0.168000 0.487000 0.188000 0.190000
1 0.618670 0.944000 0.209340 0.112000
2 0.680000 0.886000 0.056000 0.088000
1 0.860000 0.835000 0.196000 0.190000
1 0.475000 0.242000 0.198000 0.380000
10 0.534000 0.786000 0.052000 0.036000
10 0.190000 0.680000 0.036000 0.028000
1 0.705000 0.237000 0.190000 0.334000
2 0.132000 0.637000 0.064000 0.102000
1 0.041000 0.950000 0.082000 0.096000
10 0.054000 0.730000 0.032000 0.056000
10 0.038000 0.839000 0.028000 0.050000
10 0.047000 0.888000 0.022000 0.036000
1 0.693000 0.637000 0.186000 0.410000
1 0.936000 0.028000 0.124000 0.056000
2 0.045000 0.663000 0.082000 0.050000
1 0.292670 0.890000 0.237340 0.220000
1 0.227330 0.834330 0.138660 0.116660
2 0.021000 0.500000 0.042000 0.052000
10 0.315430 0.744430 0.038860 0.028860
1 0.457330 0.891330 0.142660 0.146660
10 0.360490 0.760240 0.044980 0.036480
