1 0.385000 0.795000 0.158000 0.138000
1 0.913000 0.406000 0.170000 0.204000
1 0.384000 0.228000 0.324000 0.420000
5 0.179000 0.531000 0.062000 0.102000
10 0.130000 0.786000 0.044000 0.036000
10 0.186000 0.670000 0.044000 0.036000
10 0.840000 0.891000 0.032000 0.050000
10 0.204000 0.624000 0.048000 0.036000
10 0.330000 0.945000 0.032000 0.050000
10 0.786000 0.973000 0.028000 0.042000
10 0.153250 0.740380 0.042500 0.028760
10 0.161000 0.712000 0.038000 0.036000
10 0.674000 0.935000 0.028000 0.038000
10 0.860000 0.984000 0.028000 0.028000
10 0.830000 0.980000 0.024000 0.036000
10 0.985000 0.109000 0.026000 0.054000
10 0.987000 0.195000 0.022000 0.046000
1 0.711080 0.572770 0.426160 0.401540
1 0.346920 0.523230 0.193840 0.278460
