1 0.575000 0.131000 0.442000 0.262000
1 0.700000 0.460000 0.424000 0.400000
10 0.825000 0.819000 0.042000 0.038000
10 0.763000 0.851000 0.046000 0.038000
6 0.716000 0.879000 0.056000 0.046000
6 0.266000 0.914000 0.040000 0.052000
10 0.617000 0.930000 0.042000 0.036000
10 0.312000 0.909000 0.028000 0.042000
10 0.666000 0.904000 0.036000 0.032000
6 0.544000 0.885000 0.060000 0.042000
6 0.364000 0.881000 0.040000 0.050000
10 0.407000 0.982000 0.046000 0.032000
1 0.755000 0.971000 0.162000 0.054000
10 0.266000 0.058000 0.028000 0.032000
10 0.946000 0.589000 0.032000 0.022000
10 0.860000 0.256000 0.036000 0.052000
6 0.923000 0.499000 0.042000 0.038000
6 0.825000 0.985000 0.042000 0.026000
