1 0.364000 0.941000 0.192000 0.114000
1 0.712000 0.388000 0.156000 0.176000
1 0.793000 0.782000 0.134000 0.184000
1 0.654000 0.906000 0.096000 0.148000
6 0.575000 0.739000 0.062000 0.046000
6 0.482000 0.777000 0.064000 0.046000
10 0.425000 0.795000 0.046000 0.038000
10 0.331000 0.830000 0.054000 0.040000
1 0.546000 0.878000 0.120000 0.148000
10 0.422000 0.733000 0.044000 0.034000
10 0.946000 0.198000 0.040000 0.052000
10 0.465000 0.709000 0.054000 0.042000
10 0.897000 0.310000 0.038000 0.052000
10 0.241000 0.879000 0.034000 0.038000
10 0.920000 0.119000 0.036000 0.046000
10 0.978000 0.291000 0.040000 0.058000
10 0.687000 0.622000 0.042000 0.032000
10 0.657000 0.518000 0.046000 0.036000
10 0.209000 0.919000 0.030000 0.042000
10 0.821000 0.568000 0.042000 0.036000
6 0.038000 0.288000 0.040000 0.076000
6 0.112000 0.955000 0.060000 0.034000
10 0.078000 0.461000 0.036000 0.054000
10 0.125000 0.394000 0.034000 0.048000
1 0.368000 0.596000 0.224000 0.204000
10 0.182000 0.695000 0.024000 0.050000
6 0.017000 0.178000 0.034000 0.060000
10 0.172000 0.638000 0.028000 0.048000
10 0.149000 0.495000 0.030000 0.046000
6 0.161000 0.546000 0.038000 0.056000
10 0.987000 0.091000 0.022000 0.046000
10 0.963000 0.740000 0.046000 0.028000
10 0.104000 0.296000 0.028000 0.044000
10 0.851000 0.032000 0.038000 0.056000
10 0.219000 0.969000 0.022000 0.042000
10 0.114000 0.342000 0.028000 0.052000
10 0.289000 0.775000 0.030000 0.042000
6 0.591000 0.557000 0.038000 0.062000
10 0.137000 0.445000 0.038000 0.058000
10 0.190000 0.737000 0.024000 0.042000
1 0.037000 0.867000 0.074000 0.262000
10 0.196000 0.781000 0.024000 0.046000
10 0.989000 0.215000 0.018000 0.046000
10 0.890000 0.013000 0.032000 0.026000
10 0.052000 0.342000 0.032000 0.052000
6 0.134000 0.796000 0.032000 0.056000
10 0.010000 0.125000 0.020000 0.050000
10 0.992000 0.669000 0.012000 0.042000
1 0.596000 0.064000 0.240000 0.128000
10 0.677000 0.562000 0.042000 0.032000
10 0.582000 0.661000 0.036000 0.026000
6 0.127000 0.733000 0.026000 0.062000
10 0.985000 0.814000 0.026000 0.028000
10 0.347000 0.728000 0.034000 0.052000
