1 0.855000 0.215000 0.166000 0.170000
1 0.558000 0.360000 0.124000 0.120000
1 0.692000 0.678000 0.152000 0.124000
1 0.364000 0.606000 0.116000 0.120000
1 0.280000 0.138000 0.396000 0.276000
1 0.299000 0.488000 0.138000 0.140000
1 0.240000 0.837000 0.168000 0.130000
1 0.703000 0.400000 0.110000 0.148000
1 0.827000 0.749000 0.130000 0.118000
1 0.866000 0.948000 0.144000 0.100000
1 0.052000 0.525000 0.104000 0.126000
1 0.510000 0.794000 0.192000 0.144000
1 0.134000 0.682000 0.148000 0.124000
1 0.961000 0.521000 0.074000 0.114000
1 0.218000 0.952000 0.148000 0.092000
10 0.476000 0.087000 0.040000 0.034000
10 0.375000 0.872000 0.030000 0.040000
1 0.918000 0.405000 0.132000 0.126000
2 0.051000 0.058000 0.070000 0.068000
1 0.076000 0.968000 0.120000 0.060000
10 0.170000 0.545000 0.036000 0.046000
10 0.580000 0.186000 0.024000 0.044000
10 0.511000 0.130000 0.030000 0.044000
10 0.591000 0.117000 0.046000 0.026000
2 0.104000 0.396000 0.072000 0.048000
10 0.104000 0.439000 0.036000 0.042000
10 0.532000 0.035000 0.028000 0.042000
1 0.776000 0.041000 0.120000 0.082000
10 0.441000 0.975000 0.042000 0.046000
1 0.364000 0.973000 0.128000 0.050000
10 0.110000 0.297000 0.064000 0.054000
10 0.129000 0.476000 0.030000 0.036000
1 0.503000 0.654000 0.138000 0.108000
1 0.027000 0.021000 0.054000 0.042000
10 0.198000 0.589000 0.036000 0.042000
10 0.352000 0.831000 0.040000 0.042000
10 0.600000 0.453000 0.056000 0.042000
1 0.581000 0.920000 0.198000 0.140000
1 0.008000 0.330000 0.016000 0.120000
