10 0.303000 0.951000 0.034000 0.050000
1 0.833000 0.580000 0.334000 0.476000
10 0.260000 0.874000 0.040000 0.048000
10 0.393000 0.818000 0.038000 0.048000
10 0.345000 0.973000 0.030000 0.050000
10 0.035000 0.813000 0.038000 0.046000
10 0.174410 0.883530 0.032820 0.051060
10 0.198000 0.888000 0.036000 0.048000
10 0.129000 0.860000 0.030000 0.048000
10 0.036000 0.937000 0.036000 0.042000
10 0.173200 0.828140 0.030400 0.052280
10 0.201000 0.837000 0.042000 0.054000
10 0.098000 0.971000 0.040000 0.046000
10 0.014000 0.975000 0.028000 0.046000
10 0.087000 0.835000 0.026000 0.034000
10 0.352000 0.791000 0.036000 0.038000
10 0.008000 0.795000 0.016000 0.046000
10 0.283810 0.890930 0.031620 0.049860
