1 0.610000 0.444000 0.156000 0.112000
1 0.439000 0.083000 0.106000 0.134000
1 0.046000 0.904000 0.092000 0.188000
1 0.770000 0.458000 0.172000 0.084000
1 0.686000 0.064000 0.116000 0.096000
1 0.439000 0.200000 0.106000 0.072000
1 0.695000 0.790000 0.582000 0.324000
10 0.805000 0.568000 0.046000 0.028000
1 0.736000 0.211000 0.120000 0.094000
10 0.749000 0.566000 0.046000 0.032000
10 0.561000 0.562000 0.050000 0.032000
1 0.461000 0.380000 0.094000 0.128000
10 0.359000 0.217000 0.030000 0.046000
10 0.607000 0.560000 0.042000 0.028000
1 0.057000 0.520000 0.114000 0.152000
2 0.273000 0.684000 0.054000 0.048000
10 0.290000 0.893000 0.020000 0.046000
10 0.285000 0.941000 0.026000 0.034000
2 0.307000 0.450000 0.082000 0.028000
1 0.587000 0.014000 0.122000 0.028000
10 0.663000 0.556000 0.050000 0.032000
1 0.199000 0.793000 0.082000 0.070000
1 0.439000 0.987000 0.158000 0.022000
1 0.830000 0.062000 0.108000 0.092000
1 0.035000 0.253000 0.070000 0.102000
1 0.587000 0.205000 0.066000 0.082000
10 0.329000 0.088000 0.030000 0.040000
1 0.978000 0.056000 0.040000 0.080000
1 0.987000 0.250000 0.022000 0.156000
10 0.924000 0.075000 0.028000 0.042000
10 0.367000 0.013000 0.026000 0.026000
1 0.583000 0.284000 0.074000 0.092000
5 0.327230 0.752620 0.038460 0.129240
1 0.123690 0.325230 0.135380 0.138460
