1 0.770000 0.571000 0.108000 0.098000
1 0.322000 0.675000 0.124000 0.130000
1 0.747000 0.844000 0.098000 0.124000
1 0.881000 0.542000 0.106000 0.108000
1 0.464000 0.063000 0.124000 0.126000
1 0.865000 0.870000 0.110000 0.120000
1 0.104000 0.251000 0.132000 0.130000
1 0.663000 0.603000 0.126000 0.126000
1 0.196000 0.369000 0.148000 0.110000
1 0.962000 0.512000 0.072000 0.124000
10 0.573000 0.726000 0.046000 0.036000
10 0.807000 0.658000 0.042000 0.032000
10 0.761000 0.670000 0.050000 0.036000
1 0.740000 0.190000 0.120000 0.124000
10 0.642000 0.869000 0.036000 0.054000
10 0.041000 0.058000 0.054000 0.040000
10 0.915000 0.626000 0.038000 0.032000
10 0.664000 0.918000 0.032000 0.052000
1 0.751000 0.424000 0.078000 0.100000
10 0.132000 0.024000 0.048000 0.032000
2 0.094000 0.781000 0.116000 0.074000
10 0.179000 0.013000 0.042000 0.026000
10 0.088000 0.040000 0.048000 0.040000
2 0.041000 0.929000 0.082000 0.046000
10 0.029000 0.486000 0.026000 0.044000
2 0.169000 0.971000 0.082000 0.046000
1 0.502000 0.911000 0.180000 0.174000
1 0.663000 0.027000 0.098000 0.054000
1 0.941000 0.784000 0.114000 0.116000
10 0.478000 0.749000 0.032000 0.026000
10 0.053000 0.547000 0.030000 0.042000
1 0.252000 0.486000 0.156000 0.108000
1 0.989000 0.078000 0.018000 0.100000
