1 0.906000 0.453000 0.184000 0.286000
2 0.238000 0.904000 0.088000 0.052000
10 0.237000 0.721000 0.026000 0.046000
10 0.120000 0.263000 0.032000 0.046000
1 0.599000 0.311000 0.302000 0.178000
10 0.202000 0.594000 0.028000 0.044000
1 0.222000 0.074000 0.216000 0.148000
10 0.982000 0.136000 0.032000 0.056000
10 0.164000 0.456000 0.028000 0.040000
10 0.183000 0.531000 0.034000 0.054000
10 0.066000 0.047000 0.024000 0.046000
1 0.605000 0.964000 0.462000 0.068000
1 0.908000 0.947000 0.180000 0.102000
2 0.941000 0.012000 0.078000 0.024000
1 0.399000 0.599000 0.266000 0.134000
10 0.216000 0.654000 0.028000 0.044000
10 0.107000 0.217000 0.022000 0.042000
10 0.055000 0.008000 0.030000 0.016000
1 0.519000 0.084000 0.238000 0.164000
1 0.805000 0.103000 0.222000 0.206000
1 0.291090 0.422500 0.166180 0.197000
1 0.277260 0.221550 0.226520 0.243100
1 0.598410 0.428160 0.376820 0.176320
