1 0.627000 0.920000 0.190000 0.156000
1 0.282000 0.435000 0.108000 0.102000
1 0.094000 0.467000 0.188000 0.146000
1 0.797000 0.562000 0.134000 0.132000
1 0.948000 0.663000 0.100000 0.126000
1 0.220000 0.056000 0.140000 0.112000
1 0.516000 0.479000 0.140000 0.134000
1 0.067000 0.046000 0.126000 0.092000
1 0.699000 0.126000 0.166000 0.136000
1 0.952000 0.871000 0.092000 0.246000
1 0.964000 0.355000 0.068000 0.138000
10 0.298000 0.299000 0.052000 0.026000
10 0.639000 0.351000 0.046000 0.034000
1 0.387000 0.156000 0.154000 0.164000
2 0.821000 0.391000 0.062000 0.090000
1 0.117000 0.160000 0.070000 0.084000
1 0.498000 0.013000 0.188000 0.026000
1 0.283000 0.738000 0.206000 0.144000
2 0.693000 0.360000 0.054000 0.068000
1 0.823000 0.009000 0.146000 0.018000
1 0.185000 0.363000 0.086000 0.090000
