1 0.896000 0.850000 0.204000 0.296000
10 0.144000 0.227000 0.052000 0.038000
10 0.286000 0.235000 0.040000 0.038000
10 0.297000 0.140000 0.042000 0.036000
10 0.430000 0.897000 0.028000 0.046000
10 0.108000 0.909000 0.036000 0.050000
10 0.094000 0.308000 0.040000 0.032000
1 0.181000 0.644000 0.358000 0.488000
10 0.308000 0.321000 0.044000 0.046000
10 0.832000 0.509000 0.036000 0.038000
10 0.723000 0.584000 0.042000 0.052000
10 0.495000 0.715000 0.034000 0.042000
1 0.892000 0.097000 0.212000 0.194000
10 0.043000 0.945000 0.030000 0.042000
10 0.263000 0.914000 0.046000 0.032000
10 0.682000 0.609000 0.040000 0.046000
10 0.543000 0.696000 0.034000 0.052000
1 0.127000 0.111000 0.254000 0.222000
10 0.791000 0.539000 0.038000 0.050000
1 0.586000 0.258000 0.476000 0.376000
