1 0.078000 0.054000 0.156000 0.108000
5 0.693000 0.423000 0.038000 0.074000
10 0.744000 0.649000 0.036000 0.050000
1 0.328000 0.244000 0.500000 0.348000
6 0.716000 0.503000 0.028000 0.058000
10 0.650000 0.287000 0.032000 0.050000
10 0.779000 0.753000 0.022000 0.046000
10 0.733000 0.594000 0.034000 0.052000
10 0.876000 0.982000 0.040000 0.032000
1 0.590570 0.703000 0.249140 0.374000
1 0.917000 0.441000 0.162000 0.614000
1 0.054000 0.908000 0.108000 0.180000
1 0.412570 0.844860 0.157140 0.105720
1 0.303140 0.892430 0.154280 0.132860
5 0.760290 0.494860 0.068580 0.105720
2 0.812000 0.886290 0.060000 0.088580
