8 0.691310 0.544690 0.374620 0.365380
1 0.439000 0.107000 0.222000 0.214000
10 0.492000 0.811000 0.032000 0.050000
10 0.368000 0.827000 0.048000 0.038000
10 0.557000 0.830000 0.034000 0.040000
2 0.465000 0.412000 0.054000 0.128000
10 0.122000 0.317000 0.052000 0.034000
2 0.948000 0.543000 0.048000 0.070000
2 0.414000 0.851000 0.068000 0.138000
2 0.462000 0.520000 0.056000 0.088000
2 0.709000 0.289000 0.070000 0.086000
6 0.566000 0.892000 0.040000 0.056000
6 0.578000 0.504000 0.036000 0.056000
2 0.494000 0.948000 0.104000 0.056000
1 0.920010 0.388670 0.140020 0.093340
6 0.973000 0.418000 0.050000 0.028000
10 0.770000 0.679000 0.040000 0.046000
10 0.404000 0.507000 0.052000 0.038000
2 0.957230 0.657610 0.050460 0.107220
2 0.765970 0.343450 0.047940 0.042900
