1 0.307500 0.276440 0.615000 0.552880
10 0.213000 0.544000 0.050000 0.032000
10 0.288000 0.578000 0.052000 0.036000
10 0.491000 0.766000 0.054000 0.032000
6 0.670000 0.705000 0.036000 0.078000
10 0.338000 0.582000 0.044000 0.036000
6 0.529000 0.689000 0.034000 0.066000
10 0.804000 0.872000 0.028000 0.060000
10 0.838000 0.726000 0.028000 0.048000
10 0.649000 0.635000 0.050000 0.042000
10 0.020000 0.536000 0.040000 0.036000
6 0.706000 0.705000 0.032000 0.062000
10 0.911000 0.846000 0.046000 0.036000
10 0.628000 0.795000 0.028000 0.046000
10 0.837000 0.841000 0.026000 0.046000
10 0.417000 0.746000 0.022000 0.032000
10 0.570000 0.788000 0.024000 0.052000
6 0.825000 0.672000 0.050000 0.060000
10 0.505000 0.614000 0.046000 0.036000
10 0.682000 0.804000 0.024000 0.056000
10 0.555000 0.622000 0.046000 0.040000
10 0.881000 0.885000 0.034000 0.042000
6 0.754000 0.816000 0.036000 0.080000
1 0.020000 0.756000 0.040000 0.300000
10 0.598000 0.793000 0.024000 0.050000
6 0.566000 0.680000 0.032000 0.064000
10 0.118000 0.553000 0.052000 0.042000
1 0.406000 0.966000 0.408000 0.064000
6 0.762000 0.712000 0.028000 0.056000
6 0.950000 0.911000 0.032000 0.066000
10 0.897000 0.658000 0.046000 0.032000
10 0.656000 0.800000 0.028000 0.048000
10 0.781000 0.823000 0.026000 0.046000
6 0.176000 0.568000 0.052000 0.036000
10 0.732000 0.703000 0.024000 0.046000
10 0.606000 0.688000 0.036000 0.056000
10 0.441000 0.758000 0.022000 0.036000
1 0.758600 0.319070 0.481200 0.638140
