10 0.633000 0.613000 0.038000 0.050000
10 0.442000 0.927000 0.044000 0.050000
10 0.271000 0.840000 0.034000 0.032000
10 0.451000 0.863000 0.046000 0.050000
5 0.288000 0.790000 0.076000 0.032000
10 0.522000 0.779000 0.044000 0.050000
6 0.920000 0.494000 0.028000 0.064000
10 0.925000 0.626000 0.026000 0.052000
10 0.323000 0.975000 0.042000 0.046000
10 0.934000 0.707000 0.020000 0.054000
10 0.784000 0.203000 0.024000 0.050000
10 0.936000 0.787000 0.024000 0.046000
10 0.941000 0.913000 0.022000 0.050000
5 0.282330 0.758000 0.080660 0.036000
10 0.909000 0.976000 0.022000 0.044000
6 0.612000 0.729000 0.052000 0.078000
10 0.890000 0.612000 0.024000 0.052000
10 0.614000 0.227000 0.028000 0.062000
1 0.357000 0.252000 0.514000 0.504000
10 0.770000 0.717000 0.040000 0.038000
