1 0.274000 0.195000 0.188000 0.154000
1 0.095000 0.168000 0.114000 0.120000
1 0.786000 0.120000 0.296000 0.240000
1 0.430000 0.206000 0.140000 0.168000
1 0.144000 0.529000 0.288000 0.162000
1 0.431000 0.668640 0.202000 0.337280
1 0.777000 0.328000 0.110000 0.092000
12 0.812000 0.927000 0.124000 0.142000
10 0.249000 0.330000 0.050000 0.028000
10 0.300000 0.339000 0.052000 0.030000
2 0.466000 0.393000 0.040000 0.106000
10 0.157000 0.321000 0.058000 0.038000
10 0.108000 0.317000 0.044000 0.030000
1 0.050000 0.876000 0.100000 0.244000
2 0.532000 0.304000 0.072000 0.044000
10 0.497000 0.152000 0.022000 0.036000
10 0.226000 0.401000 0.048000 0.026000
10 0.578000 0.821000 0.028000 0.050000
6 0.586000 0.881000 0.028000 0.062000
1 0.519000 0.950000 0.134000 0.096000
1 0.276000 0.952000 0.360000 0.092000
10 0.012000 0.306000 0.024000 0.036000
10 0.277000 0.402000 0.050000 0.032000
1 0.293000 0.063000 0.074000 0.074000
10 0.659000 0.932000 0.022000 0.040000
10 0.476000 0.012000 0.024000 0.024000
10 0.876000 0.247000 0.032000 0.046000
2 0.552000 0.525000 0.060000 0.050000
10 0.020000 0.351000 0.040000 0.034000
10 0.488000 0.103000 0.024000 0.050000
10 0.920000 0.221000 0.028000 0.038000
10 0.989000 0.371000 0.018000 0.042000
10 0.204000 0.327000 0.040000 0.030000
10 0.627000 0.693000 0.022000 0.038000
