1 0.127000 0.385000 0.254000 0.322000
1 0.880000 0.876000 0.236000 0.244000
1 0.640000 0.611000 0.244000 0.258000
10 0.633000 0.127000 0.046000 0.046000
10 0.677000 0.165000 0.042000 0.042000
10 0.731000 0.207000 0.046000 0.046000
10 0.920000 0.312000 0.048000 0.044000
10 0.795000 0.266000 0.038000 0.040000
10 0.579000 0.078000 0.042000 0.044000
10 0.735000 0.138000 0.038000 0.040000
10 0.481000 0.034000 0.038000 0.040000
10 0.533000 0.037000 0.042000 0.042000
10 0.661000 0.076000 0.038000 0.040000
2 0.174000 0.059000 0.112000 0.118000
10 0.957000 0.533000 0.038000 0.042000
10 0.789000 0.216000 0.050000 0.044000
1 0.839000 0.144000 0.318000 0.288000
6 0.848000 0.260000 0.068000 0.048000
6 0.834000 0.441000 0.052000 0.050000
1 0.858000 0.659000 0.244000 0.238000
6 0.888000 0.482000 0.056000 0.052000
6 0.610000 0.066000 0.072000 0.068000
