5 0.888000 0.072000 0.128000 0.092000
1 0.288000 0.245000 0.568000 0.482000
2 0.146000 0.572000 0.076000 0.120000
10 0.636000 0.198000 0.052000 0.052000
10 0.214000 0.903000 0.036000 0.042000
10 0.096000 0.583000 0.044000 0.046000
10 0.860000 0.863000 0.044000 0.050000
6 0.061000 0.900000 0.050000 0.060000
10 0.903000 0.837000 0.042000 0.054000
10 0.192000 0.841000 0.036000 0.046000
10 0.158000 0.784000 0.032000 0.052000
2 0.110000 0.739000 0.092000 0.074000
2 0.784000 0.114000 0.068000 0.088000
10 0.014000 0.484000 0.028000 0.056000
10 0.980000 0.777000 0.036000 0.054000
10 0.761000 0.138000 0.042000 0.040000
10 0.478000 0.412000 0.044000 0.040000
10 0.943000 0.809000 0.038000 0.054000
10 0.763000 0.935000 0.038000 0.046000
1 0.078000 0.987000 0.128000 0.022000
1 0.745000 0.585000 0.506000 0.570000
