2 0.686000 0.288000 0.096000 0.072000
1 0.180000 0.770000 0.360000 0.412000
10 0.610000 0.447000 0.028000 0.038000
1 0.915000 0.104000 0.166000 0.208000
10 0.040000 0.337000 0.048000 0.034000
10 0.028000 0.270000 0.052000 0.032000
10 0.628000 0.601000 0.028000 0.038000
10 0.806000 0.053000 0.032000 0.042000
1 0.811000 0.601000 0.374000 0.602000
10 0.026000 0.198000 0.052000 0.036000
10 0.525000 0.555000 0.058000 0.038000
10 0.398000 0.978000 0.048000 0.040000
1 0.388000 0.131000 0.640000 0.262000
10 0.592000 0.715000 0.028000 0.042000
10 0.788000 0.016000 0.032000 0.032000
1 0.648000 0.973000 0.204000 0.050000
10 0.726000 0.012000 0.028000 0.024000
10 0.007000 0.014000 0.014000 0.028000
