1 0.082000 0.295000 0.164000 0.158000
1 0.059000 0.490000 0.118000 0.136000
1 0.491000 0.554000 0.146000 0.148000
1 0.527000 0.324000 0.158000 0.156000
1 0.624000 0.851000 0.120000 0.130000
1 0.071000 0.904000 0.142000 0.144000
1 0.871000 0.497000 0.162000 0.122000
1 0.738000 0.212000 0.116000 0.108000
1 0.367000 0.348000 0.102000 0.112000
1 0.694000 0.299000 0.112000 0.094000
1 0.187000 0.098000 0.158000 0.104000
1 0.340000 0.849000 0.096000 0.098000
10 0.578000 0.723000 0.036000 0.050000
10 0.529000 0.795000 0.034000 0.038000
1 0.285000 0.525000 0.166000 0.126000
1 0.507000 0.067000 0.094000 0.102000
1 0.968000 0.710000 0.060000 0.124000
10 0.834000 0.308000 0.032000 0.044000
1 0.464000 0.162000 0.088000 0.108000
10 0.052000 0.062000 0.032000 0.040000
10 0.490000 0.858000 0.028000 0.040000
1 0.973000 0.825000 0.050000 0.098000
1 0.520000 0.975000 0.104000 0.046000
2 0.978000 0.025000 0.040000 0.050000
1 0.723000 0.017000 0.098000 0.034000
10 0.075000 0.024000 0.042000 0.048000
1 0.277000 0.025000 0.094000 0.050000
1 0.374000 0.227000 0.092000 0.110000
1 0.952000 0.252000 0.092000 0.144000
1 0.913000 0.969000 0.106000 0.058000
1 0.916000 0.017000 0.092000 0.034000
1 0.259000 0.976000 0.114000 0.044000
1 0.992000 0.385000 0.012000 0.102000
1 0.987000 0.957000 0.022000 0.082000
1 0.707640 0.758700 0.159280 0.137400
1 0.458010 0.658710 0.124020 0.109420
1 0.394170 0.734870 0.148340 0.133740
11 0.444140 0.276830 0.052280 0.065660
