1 0.481000 0.603000 0.238000 0.394000
1 0.206000 0.175000 0.124000 0.126000
1 0.459000 0.192000 0.110000 0.116000
1 0.204000 0.452000 0.104000 0.096000
1 0.611000 0.272000 0.130000 0.144000
1 0.143000 0.322000 0.130000 0.104000
1 0.943000 0.826000 0.110000 0.144000
1 0.276000 0.077000 0.168000 0.102000
10 0.496000 0.365000 0.044000 0.038000
10 0.671000 0.142000 0.046000 0.032000
10 0.545000 0.386000 0.046000 0.036000
1 0.287000 0.927000 0.198000 0.142000
10 0.060000 0.194000 0.052000 0.040000
10 0.140000 0.225000 0.036000 0.030000
10 0.598000 0.687000 0.032000 0.050000
10 0.502000 0.899000 0.032000 0.050000
10 0.578000 0.733000 0.036000 0.050000
10 0.524000 0.851000 0.032000 0.046000
10 0.627000 0.125000 0.042000 0.034000
10 0.548000 0.793000 0.032000 0.042000
10 0.735000 0.361000 0.030000 0.050000
10 0.440000 0.057000 0.044000 0.034000
10 0.658000 0.545000 0.032000 0.046000
10 0.870000 0.610000 0.028000 0.048000
2 0.725000 0.182000 0.046000 0.080000
10 0.878000 0.743000 0.028000 0.042000
10 0.786000 0.213000 0.028000 0.050000
2 0.698000 0.416000 0.064000 0.056000
2 0.808000 0.827000 0.060000 0.046000
6 0.888000 0.564000 0.028000 0.048000
10 0.599000 0.407000 0.042000 0.034000
10 0.768000 0.262000 0.028000 0.048000
10 0.952000 0.521000 0.028000 0.050000
10 0.752000 0.307000 0.024000 0.046000
10 0.874000 0.677000 0.028000 0.042000
10 0.969000 0.284000 0.022000 0.032000
10 0.620000 0.631000 0.028000 0.050000
10 0.832000 0.881000 0.028000 0.050000
10 0.014000 0.176000 0.028000 0.036000
2 0.969000 0.340000 0.058000 0.048000
10 0.638000 0.585000 0.028000 0.042000
2 0.631000 0.438000 0.042000 0.060000
10 0.337000 0.242000 0.034000 0.052000
10 0.987000 0.215000 0.022000 0.046000
10 0.982000 0.433000 0.032000 0.050000
10 0.934000 0.395000 0.028000 0.050000
1 0.475000 0.014000 0.122000 0.028000
10 0.918000 0.448000 0.024000 0.048000
10 0.846000 0.009000 0.028000 0.018000
10 0.834000 0.044000 0.024000 0.052000
10 0.397100 0.331960 0.054200 0.039920
2 0.661000 0.494000 0.054000 0.040000
1 0.072000 0.957000 0.144000 0.082000
10 0.333000 0.021000 0.042000 0.026000
10 0.992000 0.164000 0.012000 0.056000
10 0.587000 0.107000 0.038000 0.030000
1 0.077000 0.411000 0.082000 0.102000
10 0.851000 0.793000 0.026000 0.050000
10 0.966000 0.479000 0.028000 0.030000
10 0.180000 0.240000 0.044000 0.032000
10 0.821000 0.098000 0.034000 0.056000
1 0.985000 0.633000 0.026000 0.130000
1 0.390980 0.123400 0.097960 0.086800
1 0.070420 0.132220 0.112840 0.100440
10 0.124120 0.157840 0.032240 0.039680
1 0.258560 0.360080 0.109120 0.104160
1 0.332760 0.411920 0.121520 0.143840
