1 0.173000 0.724000 0.346000 0.548000
1 0.813000 0.345000 0.370000 0.454000
1 0.209000 0.172000 0.418000 0.344000
2 0.482000 0.499000 0.108000 0.054000
2 0.382000 0.414000 0.044000 0.088000
6 0.705000 0.637000 0.034000 0.074000
10 0.051000 0.420000 0.038000 0.032000
6 0.509000 0.626000 0.034000 0.080000
10 0.507000 0.830000 0.030000 0.060000
6 0.776000 0.659000 0.036000 0.078000
10 0.784000 0.870000 0.024000 0.056000
10 0.077000 0.346000 0.046000 0.028000
10 0.092000 0.424000 0.044000 0.036000
10 0.592000 0.090000 0.020000 0.044000
5 0.741000 0.664000 0.042000 0.096000
10 0.624000 0.127000 0.028000 0.046000
5 0.755220 0.860040 0.038440 0.084080
10 0.587000 0.136000 0.026000 0.056000
10 0.723000 0.860000 0.022000 0.048000
10 0.694000 0.858000 0.028000 0.060000
6 0.644000 0.674260 0.032000 0.076520
1 0.929000 0.765000 0.138000 0.430000
10 0.853000 0.749000 0.034000 0.026000
5 0.265380 0.417000 0.090760 0.030000
5 0.811230 0.661230 0.038460 0.098460
6 0.170620 0.358150 0.069240 0.032300
10 0.205230 0.441850 0.058460 0.027700
10 0.239380 0.364920 0.050760 0.033840
