1 0.152000 0.915000 0.112000 0.110000
1 0.409000 0.137000 0.098000 0.126000
1 0.260000 0.184000 0.116000 0.140000
1 0.742000 0.151000 0.136000 0.102000
1 0.703000 0.442000 0.138000 0.116000
1 0.576600 0.724000 0.345200 0.172000
1 0.100000 0.200000 0.100000 0.132000
1 0.063000 0.019000 0.074000 0.038000
10 0.594000 0.070000 0.040000 0.024000
10 0.807000 0.551000 0.022000 0.046000
10 0.723000 0.072000 0.042000 0.028000
10 0.158000 0.389000 0.028000 0.054000
1 0.973000 0.207000 0.050000 0.274000
10 0.844000 0.214000 0.040000 0.028000
10 0.665000 0.085000 0.038000 0.022000
10 0.841000 0.240000 0.038000 0.024000
10 0.473000 0.568000 0.018000 0.036000
1 0.212000 0.468000 0.112000 0.064000
1 0.533000 0.167000 0.118000 0.126000
10 0.500000 0.566000 0.016000 0.032000
10 0.951000 0.539000 0.022000 0.042000
10 0.916000 0.224000 0.020000 0.032000
1 0.039000 0.980000 0.078000 0.036000
10 0.580000 0.570000 0.016000 0.032000
1 0.873000 0.724000 0.254000 0.172000
