1 0.082000 0.405000 0.164000 0.162000
1 0.303000 0.177000 0.130000 0.118000
1 0.242000 0.460000 0.124000 0.144000
1 0.292000 0.823000 0.152000 0.166000
1 0.936000 0.521000 0.124000 0.122000
1 0.789000 0.273000 0.162000 0.134000
1 0.948000 0.837000 0.100000 0.082000
10 0.220000 0.354000 0.052000 0.052000
10 0.835000 0.367000 0.042000 0.034000
10 0.104000 0.765000 0.044000 0.042000
6 0.447000 0.512000 0.058000 0.040000
1 0.468000 0.383000 0.164000 0.158000
1 0.195000 0.067000 0.154000 0.134000
1 0.742000 0.925000 0.124000 0.138000
2 0.274000 0.640000 0.056000 0.068000
10 0.791000 0.381000 0.046000 0.034000
10 0.668000 0.430000 0.040000 0.032000
1 0.617000 0.705000 0.182000 0.218000
1 0.927000 0.216000 0.142000 0.132000
10 0.705000 0.415000 0.042000 0.034000
10 0.438000 0.082000 0.044000 0.044000
10 0.069000 0.800000 0.042000 0.044000
10 0.747000 0.403000 0.042000 0.030000
10 0.017000 0.844000 0.034000 0.040000
10 0.969000 0.318000 0.034000 0.032000
10 0.931000 0.332000 0.042000 0.028000
10 0.209000 0.675000 0.030000 0.038000
1 0.550000 0.052000 0.204000 0.104000
1 0.034000 0.689000 0.068000 0.138000
1 0.744000 0.590000 0.112000 0.116000
10 0.957000 0.781000 0.038000 0.026000
10 0.918000 0.798000 0.032000 0.024000
10 0.476000 0.121000 0.040000 0.042000
