1 0.151000 0.308000 0.190000 0.168000
6 0.859130 0.469880 0.066260 0.043760
6 0.865000 0.425000 0.066000 0.046000
5 0.576000 0.285000 0.088000 0.066000
10 0.919000 0.633000 0.042000 0.038000
5 0.492000 0.712000 0.052000 0.092000
10 0.596000 0.469000 0.036000 0.046000
10 0.713000 0.538000 0.046000 0.032000
10 0.279000 0.116000 0.046000 0.040000
10 0.093000 0.074000 0.050000 0.044000
10 0.436000 0.174000 0.040000 0.036000
10 0.101000 0.024000 0.054000 0.044000
10 0.198000 0.127000 0.052000 0.046000
6 0.541000 0.592000 0.038000 0.064000
10 0.761000 0.559000 0.042000 0.030000
10 0.747000 0.410000 0.050000 0.040000
10 0.574000 0.515000 0.028000 0.042000
2 0.626000 0.362000 0.172000 0.116000
1 0.265000 0.512000 0.338000 0.372000
1 0.943000 0.131000 0.110000 0.258000
10 0.361000 0.209000 0.050000 0.042000
6 0.733250 0.223000 0.042500 0.070000
6 0.756500 0.229630 0.045000 0.071260
6 0.781750 0.236870 0.043500 0.069740
5 0.275000 0.168000 0.090000 0.064000
10 0.823000 0.518000 0.030000 0.044000
5 0.742000 0.276000 0.108000 0.060000
6 0.440000 0.126000 0.064000 0.044000
6 0.982000 0.504000 0.032000 0.056000
6 0.945000 0.591000 0.070000 0.046000
10 0.760000 0.485000 0.032000 0.046000
1 0.709000 0.779000 0.374000 0.438000
6 0.805250 0.247630 0.042500 0.071260
6 0.938000 0.342620 0.060000 0.041240
6 0.803000 0.441000 0.070000 0.050000
6 0.731130 0.164630 0.066260 0.041260
6 0.737130 0.143880 0.066260 0.043760
10 0.411000 0.234630 0.050000 0.041260
10 0.459000 0.260630 0.050000 0.041260
