1 0.643000 0.120000 0.158000 0.160000
10 0.115000 0.235000 0.038000 0.054000
2 0.516000 0.927000 0.096000 0.070000
1 0.830000 0.763000 0.188000 0.166000
10 0.634000 0.603000 0.028000 0.050000
10 0.219000 0.571000 0.022000 0.050000
10 0.250000 0.825000 0.024000 0.050000
10 0.229000 0.932000 0.022000 0.040000
10 0.259000 0.902000 0.026000 0.056000
10 0.787000 0.974000 0.046000 0.040000
6 0.345000 0.298000 0.058000 0.084000
5 0.450000 0.377000 0.084000 0.102000
2 0.257000 0.978000 0.082000 0.040000
10 0.735000 0.984000 0.046000 0.028000
10 0.651000 0.742000 0.038000 0.040000
1 0.709000 0.637000 0.070000 0.074000
