1 0.147000 0.547000 0.238000 0.246000
1 0.668000 0.120000 0.216000 0.236000
10 0.550000 0.344000 0.036000 0.048000
10 0.605000 0.414000 0.054000 0.048000
10 0.668000 0.462000 0.052000 0.032000
6 0.915000 0.449000 0.066000 0.054000
2 0.830000 0.403000 0.060000 0.086000
10 0.906000 0.374000 0.036000 0.036000
10 0.438000 0.363000 0.060000 0.046000
10 0.589000 0.366000 0.034000 0.044000
10 0.301000 0.173000 0.034000 0.046000
10 0.967000 0.484000 0.046000 0.040000
10 0.403000 0.250000 0.030000 0.040000
10 0.201000 0.113000 0.034000 0.042000
10 0.137000 0.067000 0.030000 0.050000
10 0.499000 0.309000 0.038000 0.046000
10 0.373000 0.227000 0.034000 0.038000
10 0.920000 0.307000 0.028000 0.042000
10 0.170000 0.204000 0.036000 0.040000
10 0.436000 0.283000 0.028000 0.026000
10 0.109000 0.041000 0.034000 0.046000
3 0.883000 0.869000 0.230000 0.258000
1 0.041000 0.924000 0.082000 0.148000
1 0.959000 0.289000 0.078000 0.322000
10 0.784000 0.355000 0.040000 0.058000
10 0.989000 0.161000 0.018000 0.038000
10 0.987000 0.212000 0.022000 0.036000
10 0.992000 0.516000 0.012000 0.040000
1 0.308750 0.703880 0.237500 0.243760
