1 0.158000 0.897000 0.316000 0.202000
1 0.411000 0.063000 0.138000 0.126000
1 0.791000 0.090000 0.158000 0.164000
1 0.279000 0.151000 0.230000 0.206000
10 0.504000 0.058000 0.048000 0.040000
10 0.447000 0.745000 0.034000 0.046000
10 0.370000 0.920000 0.040000 0.048000
6 0.557000 0.143000 0.070000 0.058000
10 0.513000 0.707000 0.038000 0.046000
10 0.355000 0.805000 0.038000 0.046000
10 0.332000 0.946000 0.036000 0.052000
5 0.845900 0.275060 0.055800 0.078120
10 0.869000 0.251000 0.038000 0.042000
10 0.703000 0.044000 0.046000 0.040000
10 0.838880 0.726040 0.029760 0.052080
10 0.879000 0.691000 0.038000 0.042000
10 0.076000 0.135000 0.048000 0.042000
10 0.201000 0.385000 0.034000 0.034000
10 0.524000 0.911000 0.032000 0.046000
10 0.707000 0.801000 0.038000 0.046000
10 0.895000 0.817000 0.034000 0.042000
10 0.957000 0.781000 0.038000 0.046000
10 0.751000 0.772000 0.034000 0.048000
10 0.481000 0.947000 0.034000 0.046000
1 0.911000 0.355000 0.174000 0.266000
10 0.945000 0.654000 0.042000 0.052000
1 0.307000 0.446000 0.198000 0.244000
10 0.982000 0.622000 0.032000 0.052000
10 0.150000 0.246000 0.052000 0.040000
10 0.987000 0.749000 0.022000 0.046000
10 0.820000 0.737000 0.032000 0.042000
10 0.586120 0.880800 0.032240 0.049600
10 0.605000 0.860000 0.038000 0.048000
10 0.665000 0.830000 0.038000 0.052000
10 0.958000 0.208000 0.036000 0.040000
6 0.699000 0.932000 0.046000 0.060000
10 0.562000 0.885000 0.032000 0.042000
10 0.410000 0.893000 0.040000 0.046000
10 0.008000 0.520000 0.016000 0.032000
10 0.236000 0.327000 0.052000 0.046000
10 0.921000 0.222000 0.038000 0.044000
10 0.599000 0.989000 0.034000 0.018000
10 0.415000 0.973000 0.030000 0.042000
10 0.455000 0.867000 0.038000 0.050000
1 0.571000 0.229000 0.218000 0.202000
1 0.165350 0.707790 0.318700 0.271580
1 0.610730 0.627090 0.193460 0.166180
1 0.425850 0.332060 0.163700 0.140120
5 0.808860 0.284640 0.065720 0.089280
