1 0.396000 0.153000 0.216000 0.206000
1 0.665000 0.082000 0.222000 0.164000
1 0.790000 0.245000 0.204000 0.194000
1 0.877000 0.807000 0.218000 0.198000
1 0.501000 0.330000 0.190000 0.196000
10 0.253000 0.306000 0.042000 0.048000
10 0.186000 0.213000 0.040000 0.038000
10 0.094000 0.074000 0.040000 0.044000
6 0.654000 0.975000 0.040000 0.046000
1 0.906000 0.959000 0.184000 0.078000
10 0.324000 0.413000 0.036000 0.046000
10 0.629000 0.929000 0.038000 0.046000
10 0.448000 0.610000 0.028000 0.036000
10 0.349000 0.456000 0.038000 0.040000
10 0.056000 0.026000 0.044000 0.052000
1 0.231000 0.014000 0.130000 0.028000
5 0.534250 0.752500 0.072500 0.105000
