1 0.786000 0.399000 0.196000 0.194000
1 0.235000 0.407000 0.102000 0.114000
1 0.596000 0.645000 0.156000 0.134000
1 0.645000 0.780000 0.142000 0.152000
10 0.879000 0.652000 0.046000 0.036000
1 0.540000 0.495000 0.148000 0.186000
1 0.076000 0.499000 0.120000 0.082000
10 0.934000 0.580000 0.048000 0.040000
1 0.295000 0.274000 0.130000 0.084000
6 0.852000 0.122000 0.060000 0.036000
1 0.071000 0.358000 0.130000 0.088000
1 0.710000 0.104000 0.080000 0.088000
1 0.324300 0.573780 0.288600 0.203560
10 0.331000 0.488000 0.050000 0.040000
2 0.638000 0.414000 0.064000 0.048000
10 0.663000 0.554000 0.034000 0.056000
10 0.886000 0.601000 0.040000 0.038000
10 0.490000 0.094000 0.028000 0.048000
1 0.468000 0.340000 0.128000 0.120000
2 0.025000 0.576000 0.050000 0.052000
10 0.007000 0.699000 0.014000 0.046000
1 0.185000 0.968000 0.118000 0.060000
1 0.282000 0.028000 0.196000 0.056000
10 0.807000 0.807000 0.034000 0.058000
10 0.941000 0.124000 0.042000 0.032000
1 0.400000 0.168000 0.164000 0.188000
10 0.362000 0.427000 0.044000 0.030000
10 0.810000 0.010000 0.028000 0.020000
10 0.915000 0.978000 0.038000 0.040000
1 0.744000 0.968000 0.148000 0.060000
1 0.113000 0.682000 0.114000 0.152000
1 0.050000 0.098000 0.100000 0.084000
10 0.060000 0.742000 0.020000 0.032000
1 0.740000 0.018000 0.112000 0.036000
10 0.051000 0.694000 0.026000 0.056000
1 0.494000 0.871000 0.188000 0.198000
1 0.039000 0.989000 0.078000 0.018000
1 0.971000 0.738000 0.054000 0.116000
10 0.748000 0.137000 0.060000 0.042000
1 0.071000 0.195000 0.142000 0.086000
5 0.915040 0.357070 0.078080 0.110140
1 0.698920 0.890320 0.133840 0.136640
