1 0.700000 0.684000 0.116000 0.104000
1 0.303000 0.650000 0.130000 0.108000
1 0.645000 0.920000 0.126000 0.120000
1 0.710000 0.573000 0.116000 0.110000
1 0.760000 0.786000 0.116000 0.100000
1 0.306000 0.300000 0.136000 0.108000
1 0.922000 0.819000 0.088000 0.102000
1 0.907000 0.450000 0.102000 0.092000
1 0.503000 0.677000 0.102000 0.142000
1 0.307000 0.540000 0.142000 0.092000
1 0.231000 0.046000 0.130000 0.092000
1 0.268000 0.950000 0.132000 0.096000
1 0.918000 0.240000 0.108000 0.104000
1 0.279000 0.793000 0.122000 0.086000
1 0.098000 0.537000 0.084000 0.074000
1 0.046000 0.728000 0.092000 0.060000
1 0.946000 0.624000 0.060000 0.128000
1 0.235000 0.198000 0.142000 0.092000
1 0.056000 0.430000 0.112000 0.064000
1 0.307000 0.391000 0.170000 0.094000
1 0.251000 0.121000 0.186000 0.062000
1 0.277000 0.867000 0.134000 0.078000
1 0.482000 0.876000 0.128000 0.116000
1 0.039000 0.955000 0.078000 0.086000
10 0.131000 0.679000 0.026000 0.046000
10 0.120000 0.432000 0.016000 0.036000
10 0.147000 0.930000 0.022000 0.048000
10 0.145000 0.839000 0.022000 0.034000
10 0.091000 0.157000 0.026000 0.046000
10 0.105000 0.273000 0.026000 0.054000
1 0.039000 0.654000 0.078000 0.068000
1 0.984000 0.786000 0.028000 0.084000
10 0.082000 0.102000 0.028000 0.048000
10 0.064000 0.012000 0.028000 0.024000
10 0.113000 0.321000 0.026000 0.046000
10 0.116000 0.368000 0.024000 0.044000
1 0.446000 0.058000 0.060000 0.092000
1 0.770000 0.913000 0.136000 0.098000
