1 0.594000 0.184000 0.636000 0.368000
10 0.274000 0.450000 0.032000 0.052000
6 0.523000 0.703000 0.046000 0.066000
10 0.414000 0.474000 0.032000 0.044000
10 0.329000 0.623000 0.030000 0.046000
10 0.392000 0.782000 0.032000 0.056000
10 0.441000 0.918000 0.034000 0.052000
10 0.923000 0.034000 0.042000 0.044000
10 0.125000 0.140000 0.034000 0.052000
10 0.132000 0.084000 0.036000 0.048000
2 0.429000 0.964000 0.158000 0.068000
10 0.823000 0.034000 0.038000 0.036000
6 0.943000 0.103000 0.054000 0.050000
10 0.545000 0.758000 0.026000 0.036000
1 0.090030 0.648370 0.180060 0.304740
1 0.039000 0.464000 0.078000 0.180000
6 0.198440 0.314920 0.048880 0.073840
1 0.968000 0.735000 0.060000 0.202000
10 0.102000 0.084000 0.024000 0.040000
10 0.157000 0.146000 0.030000 0.048000
10 0.194000 0.680000 0.028000 0.056000
6 0.067000 0.016000 0.038000 0.032000
10 0.106000 0.019000 0.040000 0.038000
6 0.992000 0.072000 0.012000 0.048000
1 0.724660 0.788650 0.229320 0.165300
1 0.794000 0.954000 0.216000 0.092000
1 0.659330 0.625070 0.126660 0.174140
1 0.637580 0.421320 0.107160 0.098640
1 0.904720 0.451330 0.153440 0.126660
1 0.755670 0.404190 0.119340 0.108380
