10 0.139000 0.395000 0.034000 0.034000
10 0.356000 0.398000 0.040000 0.040000
10 0.320000 0.430000 0.040000 0.036000
10 0.375000 0.915000 0.026000 0.046000
10 0.326000 0.758000 0.044000 0.028000
10 0.106000 0.788000 0.040000 0.032000
10 0.599000 0.844000 0.042000 0.024000
10 0.105000 0.889000 0.026000 0.046000
10 0.872000 0.944000 0.024000 0.056000
1 0.206000 0.876000 0.156000 0.116000
1 0.229000 0.593000 0.458000 0.238000
10 0.904000 0.068000 0.024000 0.044000
10 0.670000 0.021000 0.020000 0.042000
1 0.307000 0.201000 0.614000 0.218000
10 0.709000 0.844000 0.050000 0.024000
10 0.024000 0.877000 0.020000 0.042000
10 0.077000 0.886000 0.026000 0.052000
10 0.740000 0.036000 0.020000 0.044000
10 0.049000 0.779000 0.042000 0.034000
1 0.232000 0.969000 0.120000 0.058000
1 0.947000 0.938000 0.102000 0.120000
10 0.612000 0.016000 0.024000 0.032000
10 0.092000 0.978000 0.044000 0.032000
10 0.589000 0.014000 0.022000 0.028000
10 0.787000 0.045000 0.018000 0.038000
1 0.769000 0.273000 0.366000 0.198000
10 0.814000 0.987000 0.020000 0.022000
1 0.535000 0.906000 0.114000 0.112000
10 0.269000 0.382000 0.034000 0.040000
1 0.679000 0.932000 0.194000 0.124000
2 0.240000 0.761000 0.044000 0.078000
10 0.835000 0.063000 0.022000 0.030000
