1 0.548000 0.281000 0.124000 0.146000
1 0.780000 0.359000 0.116000 0.114000
1 0.360000 0.955000 0.108000 0.086000
1 0.800000 0.927000 0.224000 0.142000
1 0.179000 0.719000 0.122000 0.142000
1 0.758000 0.586000 0.344000 0.224000
1 0.414000 0.677000 0.116000 0.098000
1 0.066000 0.348000 0.128000 0.144000
1 0.052000 0.536000 0.104000 0.072000
1 0.969000 0.094000 0.058000 0.180000
1 0.470000 0.918000 0.096000 0.088000
1 0.511000 0.408000 0.134000 0.116000
10 0.873000 0.719000 0.046000 0.034000
1 0.573000 0.902000 0.110000 0.092000
2 0.964000 0.731000 0.052000 0.074000
10 0.919000 0.714000 0.042000 0.032000
1 0.797000 0.052000 0.126000 0.104000
1 0.756000 0.198000 0.284000 0.204000
1 0.535000 0.645000 0.106000 0.090000
1 0.396000 0.336000 0.104000 0.072000
