1 0.381000 0.530000 0.346000 0.280000
1 0.197000 0.804000 0.342000 0.324000
1 0.853000 0.440000 0.234000 0.248000
1 0.593000 0.150000 0.258000 0.208000
10 0.533000 0.324000 0.042000 0.048000
10 0.647000 0.464000 0.046000 0.032000
10 0.253000 0.092000 0.042000 0.044000
10 0.323000 0.164000 0.038000 0.040000
1 0.719000 0.853000 0.330000 0.290000
10 0.929000 0.775000 0.038000 0.042000
10 0.763000 0.589000 0.038000 0.042000
10 0.599000 0.398000 0.042000 0.040000
10 0.887000 0.729000 0.046000 0.042000
10 0.683000 0.537000 0.042000 0.046000
10 0.825000 0.659000 0.042000 0.042000
2 0.225000 0.017000 0.062000 0.034000
10 0.853000 0.691000 0.042000 0.042000
1 0.101000 0.231000 0.202000 0.458000
6 0.698000 0.514000 0.048000 0.052000
1 0.948000 0.700000 0.100000 0.208000
10 0.733000 0.555000 0.034000 0.038000
