1 0.546000 0.822000 0.148000 0.176000
2 0.599000 0.350000 0.050000 0.108000
6 0.691000 0.424000 0.050000 0.068000
10 0.675000 0.860000 0.026000 0.048000
10 0.367000 0.389000 0.054000 0.030000
10 0.675000 0.800000 0.026000 0.048000
1 0.848000 0.254000 0.300000 0.492000
10 0.803000 0.490000 0.050000 0.028000
1 0.483000 0.589000 0.282000 0.330000
1 0.349000 0.182000 0.542000 0.364000
10 0.357000 0.358000 0.042000 0.028000
10 0.645000 0.327000 0.022000 0.054000
1 0.802000 0.769000 0.200000 0.458000
10 0.036000 0.241000 0.024000 0.034000
10 0.083000 0.214000 0.026000 0.044000
2 0.663000 0.490000 0.078000 0.056000
10 0.027000 0.205000 0.022000 0.038000
1 0.021000 0.267000 0.042000 0.290000
10 0.009000 0.080000 0.018000 0.048000
1 0.462000 0.955000 0.344000 0.086000
1 0.092000 0.687000 0.184000 0.422000
10 0.007000 0.181000 0.014000 0.038000
10 0.883000 0.518000 0.038000 0.020000
10 0.536000 0.335000 0.036000 0.030000
1 0.094000 0.975000 0.184000 0.046000
1 0.322000 0.847000 0.196000 0.166000
