1 0.386000 0.925000 0.120000 0.122000
1 0.105000 0.592000 0.178000 0.156000
10 0.490000 0.935000 0.044000 0.046000
2 0.150000 0.372000 0.044000 0.104000
10 0.557000 0.921000 0.042000 0.046000
10 0.333000 0.553000 0.030000 0.042000
10 0.510000 0.823000 0.044000 0.046000
6 0.352000 0.107000 0.044000 0.058000
10 0.172000 0.657000 0.032000 0.038000
10 0.395000 0.066000 0.042000 0.032000
2 0.294000 0.740000 0.096000 0.084000
10 0.104000 0.912000 0.044000 0.028000
6 0.256000 0.964000 0.036000 0.052000
1 0.865000 0.222000 0.102000 0.100000
10 0.289000 0.876000 0.026000 0.052000
10 0.549000 0.974000 0.046000 0.032000
10 0.279000 0.919000 0.026000 0.042000
6 0.465000 0.738000 0.054000 0.060000
10 0.358000 0.595000 0.032000 0.042000
1 0.592000 0.045000 0.140000 0.090000
10 0.138000 0.871000 0.024000 0.042000
6 0.521000 0.791000 0.066000 0.066000
2 0.800000 0.980000 0.112000 0.036000
1 0.959000 0.028000 0.078000 0.056000
6 0.449000 0.017000 0.054000 0.034000
10 0.016000 0.351000 0.032000 0.034000
10 0.119000 0.951000 0.046000 0.050000
5 0.296850 0.463690 0.053700 0.083380
5 0.282030 0.346760 0.048060 0.097520
