6 0.098000 0.791000 0.076000 0.066000
10 0.146000 0.464000 0.036000 0.060000
1 0.710360 0.058690 0.180720 0.117380
10 0.876000 0.872000 0.032000 0.060000
1 0.541350 0.191600 0.238700 0.219200
10 0.614000 0.125000 0.036000 0.034000
2 0.939000 0.466000 0.054000 0.084000
10 0.860000 0.930000 0.028000 0.048000
1 0.656130 0.336390 0.264260 0.244780
10 0.782000 0.320000 0.036000 0.040000
10 0.068000 0.332000 0.028000 0.044000
2 0.966000 0.601000 0.064000 0.066000
1 0.087000 0.911000 0.174000 0.174000
1 0.860000 0.585000 0.156000 0.190000
1 0.709000 0.892000 0.282000 0.212000
1 0.057000 0.558000 0.114000 0.300000
5 0.921750 0.884450 0.047500 0.088900
10 0.936000 0.923000 0.024000 0.034000
1 0.758640 0.649420 0.169280 0.166840
1 0.841760 0.738370 0.103520 0.132740
1 0.583850 0.770110 0.143700 0.152220
1 0.513770 0.669860 0.159540 0.171720
1 0.781770 0.450030 0.187540 0.168060
1 0.391000 0.344290 0.246000 0.176580
1 0.486230 0.459700 0.304460 0.287400
1 0.325090 0.211430 0.286180 0.194860
1 0.167780 0.082510 0.215560 0.165020
1 0.384830 0.093470 0.277660 0.186940
1 0.926550 0.316990 0.145100 0.189980
1 0.798120 0.134200 0.180240 0.164400
1 0.894730 0.194120 0.209460 0.208240
