1 0.765000 0.857000 0.262000 0.246000
1 0.432000 0.248000 0.108000 0.108000
1 0.903000 0.156000 0.190000 0.312000
1 0.482000 0.048000 0.100000 0.096000
10 0.793000 0.379000 0.050000 0.038000
1 0.207000 0.198000 0.130000 0.128000
6 0.568000 0.024000 0.028000 0.048000
2 0.665000 0.232000 0.102000 0.048000
10 0.510000 0.388000 0.036000 0.048000
10 0.543000 0.294000 0.022000 0.044000
10 0.403000 0.418000 0.058000 0.028000
10 0.978000 0.492000 0.040000 0.032000
10 0.716000 0.528000 0.056000 0.032000
10 0.297000 0.403000 0.046000 0.030000
10 0.040000 0.428000 0.048000 0.032000
2 0.440000 0.483000 0.044000 0.106000
10 0.624000 0.536000 0.048000 0.028000
10 0.559000 0.105000 0.026000 0.046000
1 0.309000 0.041000 0.074000 0.082000
10 0.137000 0.372000 0.050000 0.028000
1 0.026000 0.213000 0.052000 0.098000
2 0.865000 0.441000 0.046000 0.126000
10 0.680000 0.139000 0.028000 0.050000
10 0.667000 0.532000 0.042000 0.028000
6 0.023000 0.516000 0.046000 0.032000
