1 0.066720 0.565600 0.133440 0.215200
1 0.472000 0.135000 0.228000 0.266000
1 0.206000 0.906000 0.248000 0.184000
1 0.791000 0.881000 0.278000 0.226000
1 0.924000 0.595000 0.148000 0.234000
1 0.703000 0.603000 0.222000 0.330000
10 0.463000 0.827000 0.030000 0.046000
1 0.874000 0.159000 0.248000 0.278000
1 0.969000 0.915000 0.058000 0.166000
10 0.663000 0.272000 0.034000 0.052000
2 0.665000 0.116000 0.046000 0.040000
10 0.594000 0.545000 0.024000 0.038000
10 0.627000 0.081000 0.022000 0.046000
10 0.612000 0.404000 0.032000 0.056000
10 0.730000 0.019000 0.028000 0.038000
10 0.507000 0.571000 0.030000 0.050000
10 0.814000 0.016000 0.036000 0.032000
1 0.863000 0.372000 0.190000 0.112000
2 0.782000 0.102000 0.056000 0.064000
2 0.494000 0.698000 0.092000 0.036000
1 0.334000 0.730000 0.220000 0.328000
