1 0.315000 0.424000 0.406000 0.280000
1 0.483000 0.738000 0.330000 0.300000
1 0.599000 0.241000 0.298000 0.326000
1 0.761000 0.553000 0.310000 0.242000
6 0.746000 0.395000 0.060000 0.042000
10 0.793000 0.208000 0.034000 0.044000
1 0.331000 0.068000 0.318000 0.136000
2 0.816000 0.250000 0.080000 0.072000
10 0.529000 0.545000 0.034000 0.038000
10 0.680000 0.108000 0.036000 0.044000
6 0.787000 0.120000 0.046000 0.060000
10 0.985000 0.445000 0.026000 0.042000
10 0.978000 0.256000 0.040000 0.036000
10 0.756000 0.219000 0.032000 0.038000
1 0.934000 0.119000 0.128000 0.238000
