1 0.503000 0.629000 0.114000 0.130000
1 0.535000 0.807000 0.122000 0.134000
1 0.931000 0.710000 0.106000 0.172000
10 0.204000 0.230000 0.040000 0.048000
1 0.078000 0.485000 0.156000 0.230000
10 0.121000 0.236000 0.042000 0.040000
10 0.613000 0.180000 0.042000 0.032000
10 0.169000 0.188000 0.038000 0.044000
10 0.573000 0.059000 0.046000 0.038000
10 0.303000 0.321000 0.042000 0.046000
10 0.202000 0.388000 0.044000 0.048000
10 0.403000 0.327000 0.034000 0.054000
10 0.430000 0.380000 0.032000 0.044000
10 0.336000 0.367000 0.040000 0.046000
10 0.243000 0.070000 0.026000 0.044000
1 0.057000 0.955000 0.110000 0.086000
10 0.714000 0.146000 0.024000 0.040000
10 0.754000 0.177000 0.028000 0.050000
10 0.087000 0.272000 0.034000 0.036000
10 0.241000 0.357000 0.038000 0.042000
10 0.143000 0.306000 0.030000 0.040000
10 0.315000 0.143000 0.038000 0.042000
10 0.278000 0.116000 0.040000 0.040000
10 0.378000 0.258000 0.028000 0.036000
10 0.179000 0.100000 0.042000 0.044000
6 0.354000 0.209000 0.040000 0.058000
10 0.060000 0.150000 0.036000 0.044000
10 0.032000 0.186000 0.040000 0.044000
10 0.014000 0.802000 0.028000 0.052000
10 0.181000 0.271000 0.038000 0.042000
10 0.365000 0.407000 0.038000 0.042000
1 0.134000 0.043000 0.268000 0.086000
6 0.277000 0.967000 0.042000 0.046000
10 0.017000 0.100000 0.034000 0.044000
1 0.959000 0.834000 0.078000 0.088000
10 0.647000 0.122000 0.038000 0.036000
10 0.751000 0.791000 0.022000 0.038000
1 0.961000 0.480000 0.074000 0.280000
