1 0.558000 0.373000 0.132000 0.146000
1 0.666000 0.280000 0.128000 0.128000
1 0.426000 0.043000 0.164000 0.086000
1 0.871000 0.788000 0.246000 0.420000
10 0.735000 0.445000 0.046000 0.034000
6 0.621000 0.585000 0.070000 0.050000
10 0.947000 0.303000 0.046000 0.034000
6 0.156000 0.847000 0.060000 0.038000
1 0.267000 0.306000 0.102000 0.112000
1 0.177000 0.529000 0.170000 0.198000
10 0.345000 0.175000 0.030000 0.050000
10 0.820000 0.197000 0.032000 0.050000
1 0.056000 0.966000 0.112000 0.064000
1 0.947000 0.170000 0.102000 0.132000
10 0.980000 0.421000 0.036000 0.034000
10 0.821000 0.494000 0.042000 0.036000
2 0.030000 0.705000 0.060000 0.050000
1 0.166000 0.966000 0.124000 0.064000
10 0.726000 0.538000 0.056000 0.040000
1 0.324000 0.957000 0.216000 0.082000
1 0.380000 0.303000 0.104000 0.102000
1 0.971000 0.014000 0.054000 0.028000
1 0.534000 0.987000 0.208000 0.022000
1 0.643000 0.037000 0.138000 0.074000
