1 0.938000 0.388000 0.120000 0.144000
1 0.952000 0.564000 0.092000 0.140000
10 0.256000 0.783000 0.032000 0.050000
10 0.962000 0.148000 0.056000 0.036000
10 0.279000 0.571000 0.026000 0.042000
10 0.735000 0.379000 0.030000 0.042000
10 0.156000 0.846000 0.028000 0.036000
10 0.720000 0.683000 0.032000 0.042000
10 0.670000 0.218000 0.028000 0.044000
10 0.774000 0.853000 0.032000 0.050000
1 0.948000 0.744000 0.100000 0.184000
2 0.770000 0.973000 0.080000 0.050000
10 0.747000 0.759000 0.050000 0.074000
10 0.946000 0.987000 0.032000 0.022000
1 0.798000 0.228000 0.172000 0.204000
6 0.624000 0.485000 0.048000 0.074000
10 0.658000 0.615000 0.032000 0.038000
10 0.172000 0.487000 0.016000 0.026000
10 0.610000 0.040000 0.028000 0.048000
1 0.833000 0.056000 0.242000 0.112000
