1 0.631000 0.327000 0.142000 0.162000
1 0.284000 0.546000 0.220000 0.284000
1 0.278000 0.119000 0.128000 0.134000
1 0.474000 0.836000 0.180000 0.148000
1 0.705000 0.035000 0.170000 0.070000
10 0.879000 0.603000 0.038000 0.042000
2 0.182000 0.791000 0.080000 0.066000
1 0.247000 0.269000 0.134000 0.122000
1 0.934000 0.035000 0.128000 0.070000
10 0.115000 0.601000 0.038000 0.054000
2 0.183000 0.938000 0.070000 0.092000
1 0.641000 0.927000 0.254000 0.142000
2 0.305000 0.955000 0.078000 0.070000
10 0.163000 0.695000 0.030000 0.042000
10 0.980000 0.254000 0.036000 0.044000
10 0.695000 0.740000 0.042000 0.036000
10 0.230000 0.817000 0.040000 0.042000
2 0.407000 0.968000 0.074000 0.060000
1 0.828000 0.561000 0.232000 0.226000
10 0.142000 0.652000 0.032000 0.048000
10 0.257000 0.851000 0.026000 0.030000
10 0.041000 0.450000 0.026000 0.028000
10 0.188000 0.749000 0.028000 0.030000
1 0.666000 0.679000 0.148000 0.166000
1 0.045000 0.830000 0.090000 0.336000
10 0.049000 0.254000 0.042000 0.036000
10 0.008000 0.483000 0.016000 0.042000
10 0.505000 0.879000 0.034000 0.038000
10 0.546000 0.846000 0.036000 0.036000
1 0.137000 0.115000 0.110000 0.118000
1 0.477000 0.247000 0.146000 0.146000
1 0.037000 0.029000 0.074000 0.058000
10 0.007000 0.351000 0.014000 0.050000
1 0.791000 0.186000 0.158000 0.104000
1 0.204000 0.992000 0.164000 0.012000
1 0.063000 0.319000 0.118000 0.114000
