1 0.311000 0.431000 0.394000 0.202000
10 0.186000 0.520000 0.044000 0.032000
10 0.091000 0.494000 0.046000 0.036000
1 0.177870 0.692750 0.255740 0.153500
10 0.236000 0.532000 0.044000 0.036000
10 0.935000 0.722000 0.046000 0.036000
10 0.486000 0.594000 0.044000 0.032000
10 0.370000 0.564000 0.048000 0.036000
10 0.138000 0.510000 0.048000 0.032000
10 0.640000 0.628000 0.052000 0.028000
10 0.430000 0.582000 0.052000 0.036000
10 0.889000 0.705000 0.046000 0.042000
10 0.538000 0.605000 0.052000 0.038000
10 0.283000 0.545000 0.046000 0.038000
10 0.325000 0.554000 0.042000 0.036000
10 0.980000 0.738000 0.036000 0.032000
1 0.959000 0.223000 0.078000 0.438000
1 0.504000 0.041000 0.424000 0.082000
1 0.035000 0.151000 0.070000 0.302000
1 0.404630 0.750380 0.241260 0.148760
1 0.631250 0.808750 0.262500 0.157500
