1 0.781000 0.377000 0.434000 0.354000
1 0.417000 0.631000 0.342000 0.262000
1 0.061000 0.936000 0.122000 0.124000
10 0.576000 0.353000 0.032000 0.042000
10 0.749000 0.712000 0.046000 0.044000
10 0.213000 0.857000 0.034000 0.042000
10 0.512000 0.827000 0.040000 0.038000
10 0.127000 0.703000 0.018000 0.046000
10 0.550000 0.809000 0.036000 0.026000
2 0.372000 0.955000 0.056000 0.086000
10 0.252000 0.019000 0.056000 0.038000
2 0.893000 0.081000 0.074000 0.094000
1 0.438000 0.803000 0.116000 0.106000
1 0.468000 0.982000 0.156000 0.032000
2 0.982000 0.082000 0.032000 0.096000
