1 0.784000 0.361000 0.244000 0.230000
2 0.037000 0.203000 0.062000 0.106000
10 0.219000 0.176000 0.050000 0.048000
10 0.509000 0.354000 0.046000 0.044000
10 0.206000 0.123000 0.044000 0.038000
10 0.571000 0.553000 0.050000 0.042000
1 0.253000 0.662000 0.358000 0.396000
10 0.473000 0.486000 0.042000 0.036000
1 0.800000 0.122000 0.248000 0.160000
1 0.352000 0.075000 0.272000 0.150000
10 0.369000 0.411000 0.050000 0.046000
10 0.147000 0.123000 0.038000 0.038000
1 0.568000 0.204000 0.272000 0.244000
10 0.756000 0.474000 0.040000 0.036000
1 0.020000 0.938000 0.040000 0.120000
10 0.287000 0.348000 0.026000 0.024000
10 0.396000 0.358000 0.036000 0.032000
1 0.623000 0.897000 0.538000 0.202000
1 0.037000 0.499000 0.074000 0.230000
1 0.028000 0.701000 0.056000 0.190000
