10 0.458000 0.619000 0.040000 0.046000
10 0.092000 0.895000 0.044000 0.050000
10 0.102000 0.430000 0.032000 0.044000
10 0.675000 0.382000 0.038000 0.044000
10 0.208000 0.485000 0.032000 0.046000
1 0.120000 0.624000 0.240000 0.224000
10 0.060000 0.408000 0.036000 0.044000
10 0.152250 0.456630 0.032500 0.041260
10 0.165000 0.466000 0.030000 0.040000
1 0.496000 0.300000 0.312000 0.184000
6 0.271000 0.521000 0.038000 0.058000
1 0.422000 0.016000 0.312000 0.032000
10 0.018000 0.384000 0.032000 0.044000
13 0.880750 0.524750 0.237500 0.137500
13 0.901000 0.646000 0.198000 0.116000
13 0.890750 0.608500 0.217500 0.125000
13 0.732880 0.905000 0.533760 0.190000
1 0.308500 0.137250 0.205000 0.142500
1 0.728630 0.178000 0.281260 0.280000
1 0.900750 0.054380 0.197500 0.108760
