1 0.282000 0.380000 0.148000 0.136000
1 0.443000 0.073000 0.114000 0.114000
1 0.569000 0.078000 0.138000 0.100000
1 0.578000 0.504000 0.176000 0.176000
1 0.770000 0.673000 0.144000 0.162000
1 0.941000 0.126000 0.114000 0.116000
1 0.592000 0.318000 0.112000 0.120000
1 0.155000 0.286000 0.118000 0.124000
1 0.215000 0.057000 0.114000 0.114000
1 0.735000 0.841000 0.194000 0.186000
10 0.291000 0.206000 0.050000 0.036000
1 0.450000 0.320000 0.144000 0.100000
1 0.046000 0.323000 0.092000 0.154000
10 0.190000 0.150000 0.048000 0.028000
10 0.884000 0.258000 0.036000 0.044000
10 0.864000 0.695000 0.028000 0.042000
10 0.183000 0.207000 0.038000 0.030000
1 0.085000 0.088000 0.158000 0.108000
10 0.073000 0.204000 0.046000 0.024000
10 0.872000 0.527000 0.024000 0.046000
10 0.561000 0.166000 0.050000 0.028000
10 0.717000 0.176000 0.046000 0.024000
10 0.857000 0.182000 0.042000 0.024000
6 0.077920 0.152000 0.063840 0.028000
1 0.786000 0.516000 0.140000 0.188000
11 0.938710 0.805000 0.093420 0.094000
1 0.072000 0.525000 0.040000 0.066000
10 0.809000 0.183000 0.054000 0.022000
10 0.415000 0.216000 0.042000 0.028000
10 0.018000 0.147000 0.036000 0.022000
1 0.766000 0.075000 0.264000 0.150000
1 0.791000 0.366000 0.102000 0.132000
10 0.305000 0.161000 0.038000 0.022000
1 0.491000 0.765000 0.302000 0.358000
10 0.874000 0.412000 0.020000 0.040000
1 0.187080 0.779690 0.306160 0.275380
1 0.320620 0.099690 0.089240 0.115380
