1 0.563000 0.836000 0.418000 0.324000
10 0.701000 0.661000 0.042000 0.030000
10 0.747000 0.675000 0.050000 0.038000
1 0.244270 0.548160 0.180540 0.196320
6 0.309000 0.542000 0.038000 0.060000
10 0.789000 0.687000 0.042000 0.034000
10 0.928000 0.788000 0.052000 0.032000
6 0.029000 0.912000 0.042000 0.056000
1 0.057000 0.262000 0.114000 0.368000
1 0.925000 0.913000 0.146000 0.170000
10 0.505000 0.658000 0.054000 0.032000
10 0.562000 0.675000 0.060000 0.038000
6 0.613000 0.634000 0.050000 0.036000
2 0.066000 0.975000 0.068000 0.046000
10 0.725000 0.724000 0.046000 0.032000
10 0.287000 0.592000 0.026000 0.036000
1 0.177000 0.248000 0.146000 0.184000
1 0.438900 0.069110 0.209800 0.138220
1 0.095730 0.532760 0.147460 0.201520
1 0.155520 0.736100 0.175040 0.220200
1 0.384700 0.260450 0.161400 0.144900
1 0.601480 0.452980 0.222960 0.261960
1 0.594080 0.224450 0.180160 0.216900
1 0.804670 0.504370 0.189340 0.216740
1 0.933800 0.547760 0.131600 0.199520
1 0.849860 0.100090 0.215720 0.200180
1 0.637680 0.075300 0.179360 0.150600
