10 0.200000 0.391000 0.044000 0.046000
10 0.633000 0.935000 0.046000 0.046000
10 0.149000 0.324000 0.042000 0.048000
10 0.325000 0.547000 0.046000 0.050000
1 0.728000 0.742000 0.208000 0.144000
1 0.894000 0.961000 0.144000 0.074000
10 0.411000 0.654000 0.042000 0.044000
1 0.680000 0.622000 0.128000 0.096000
1 0.819000 0.874000 0.138000 0.112000
10 0.357000 0.583000 0.034000 0.038000
1 0.929000 0.354000 0.138000 0.276000
10 0.452000 0.707000 0.044000 0.054000
1 0.139000 0.508000 0.138000 0.132000
6 0.548000 0.832000 0.060000 0.064000
1 0.501000 0.026000 0.170000 0.052000
1 0.061000 0.089000 0.122000 0.150000
1 0.171000 0.777000 0.074000 0.074000
10 0.283000 0.396000 0.042000 0.044000
1 0.507000 0.373000 0.178000 0.166000
1 0.925000 0.093000 0.146000 0.186000
1 0.394000 0.213000 0.176000 0.146000
1 0.206000 0.638000 0.124000 0.120000
1 0.052000 0.409000 0.104000 0.146000
10 0.452000 0.526000 0.044000 0.036000
1 0.985000 0.579010 0.026000 0.122020
1 0.021000 0.649000 0.042000 0.126000
1 0.262310 0.712620 0.124620 0.109240
