1 0.941000 0.478000 0.114000 0.096000
1 0.587000 0.934000 0.242000 0.128000
1 0.937000 0.109410 0.126000 0.218820
2 0.782000 0.869000 0.084000 0.074000
10 0.064000 0.775000 0.044000 0.042000
2 0.855000 0.790000 0.046000 0.064000
10 0.112000 0.742000 0.044000 0.040000
1 0.288000 0.677000 0.144000 0.106000
10 0.367000 0.337000 0.042000 0.046000
10 0.527000 0.493000 0.046000 0.030000
6 0.398000 0.817000 0.060000 0.042000
2 0.724000 0.951000 0.040000 0.078000
2 0.735000 0.550000 0.038000 0.064000
10 0.122000 0.016000 0.036000 0.032000
10 0.835000 0.654000 0.022000 0.052000
10 0.311000 0.782000 0.050000 0.036000
1 0.427530 0.719690 0.143060 0.151380
10 0.366000 0.776000 0.044000 0.036000
10 0.837000 0.599000 0.026000 0.050000
10 0.488000 0.480000 0.032000 0.028000
10 0.585000 0.472000 0.034000 0.028000
10 0.838000 0.439000 0.028000 0.046000
1 0.952000 0.945000 0.092000 0.106000
1 0.934000 0.637000 0.128000 0.222000
1 0.505000 0.214000 0.134000 0.116000
1 0.425000 0.578000 0.186000 0.120000
1 0.131000 0.370000 0.262000 0.472000
1 0.144000 0.869000 0.288000 0.258000
1 0.411260 0.100870 0.270520 0.201740
1 0.322000 0.014000 0.152000 0.028000
1 0.565740 0.593970 0.083480 0.107940
10 0.577000 0.502000 0.038000 0.024000
10 0.222000 0.144000 0.028000 0.036000
1 0.645000 0.135000 0.210000 0.186000
1 0.672000 0.020000 0.180000 0.040000
10 0.272000 0.766000 0.032000 0.032000
1 0.590000 0.344000 0.144000 0.136000
1 0.706050 0.393160 0.092100 0.250320
1 0.672720 0.647130 0.125440 0.174260
1 0.595640 0.814500 0.119280 0.093000
1 0.459830 0.317530 0.139660 0.167060
1 0.941000 0.267000 0.118000 0.106000
1 0.939980 0.375120 0.119960 0.110240
