1 0.502000 0.684310 0.996000 0.628620
6 0.154000 0.358000 0.036000 0.060000
10 0.545000 0.036000 0.046000 0.040000
10 0.078000 0.366000 0.028000 0.048000
6 0.355260 0.410160 0.030520 0.036320
1 0.952000 0.101000 0.092000 0.198000
6 0.406000 0.283000 0.064000 0.046000
6 0.161170 0.471070 0.030340 0.034140
6 0.187000 0.462000 0.030000 0.028000
10 0.298000 0.112000 0.036000 0.044000
6 0.235170 0.447810 0.030340 0.031620
6 0.283630 0.433000 0.027260 0.030000
10 0.070000 0.292000 0.032000 0.052000
6 0.256000 0.428000 0.032000 0.044000
10 0.144440 0.274660 0.032880 0.049320
10 0.169910 0.261390 0.027820 0.046780
10 0.195000 0.260000 0.030000 0.048000
6 0.508540 0.385610 0.033080 0.039220
6 0.565610 0.357740 0.039220 0.051480
6 0.602000 0.344000 0.028000 0.048000
10 0.095170 0.288660 0.030340 0.049320
10 0.118440 0.279820 0.032880 0.055640
