1 0.877000 0.056000 0.154000 0.112000
1 0.453000 0.367000 0.110000 0.114000
1 0.948000 0.432000 0.100000 0.116000
1 0.698000 0.394000 0.128000 0.128000
1 0.823000 0.233000 0.138000 0.134000
1 0.868000 0.560000 0.144000 0.136000
1 0.804000 0.675000 0.112000 0.102000
1 0.406000 0.929000 0.140000 0.138000
1 0.533000 0.902000 0.106000 0.112000
1 0.225000 0.832000 0.150000 0.168000
1 0.595000 0.564000 0.190000 0.156000
1 0.947000 0.744000 0.102000 0.140000
1 0.222000 0.092000 0.100000 0.112000
1 0.745000 0.761000 0.158000 0.106000
1 0.270000 0.467000 0.128000 0.146000
1 0.074000 0.684000 0.136000 0.140000
1 0.138000 0.310000 0.128000 0.108000
1 0.567000 0.071000 0.134000 0.126000
1 0.518000 0.732000 0.112000 0.088000
10 0.401000 0.745000 0.042000 0.038000
1 0.603000 0.211000 0.142000 0.126000
10 0.735000 0.953000 0.046000 0.046000
10 0.651000 0.899000 0.046000 0.042000
10 0.263000 0.661000 0.038000 0.038000
10 0.093000 0.108000 0.030000 0.044000
10 0.879000 0.355000 0.038000 0.050000
10 0.031000 0.515000 0.046000 0.042000
1 0.334000 0.578000 0.100000 0.112000
1 0.445000 0.598000 0.146000 0.144000
10 0.462000 0.786000 0.052000 0.048000
10 0.186000 0.615000 0.044000 0.038000
10 0.118000 0.063000 0.036000 0.046000
6 0.679000 0.682000 0.046000 0.052000
10 0.781000 0.980000 0.046000 0.036000
10 0.146000 0.025000 0.036000 0.046000
10 0.624000 0.775000 0.036000 0.042000
10 0.932000 0.277000 0.040000 0.050000
6 0.961000 0.229000 0.046000 0.058000
10 0.028000 0.216000 0.040000 0.044000
1 0.352000 0.151000 0.184000 0.146000
10 0.647000 0.737000 0.030000 0.042000
10 0.145000 0.585000 0.054000 0.050000
1 0.048000 0.017000 0.096000 0.034000
1 0.312000 0.025000 0.112000 0.050000
6 0.788000 0.511000 0.052000 0.070000
6 0.119000 0.182000 0.046000 0.036000
1 0.904000 0.883000 0.144000 0.158000
1 0.117030 0.815740 0.158060 0.143480
6 0.180060 0.740400 0.040120 0.060800
1 0.177400 0.429580 0.122800 0.119160
1 0.377180 0.299760 0.122360 0.123520
