2 0.498000 0.612000 0.104000 0.060000
10 0.157000 0.071000 0.042000 0.042000
10 0.520000 0.338000 0.040000 0.044000
2 0.746000 0.460000 0.060000 0.088000
6 0.545000 0.781000 0.038000 0.074000
10 0.509000 0.538000 0.046000 0.032000
2 0.442000 0.233000 0.060000 0.078000
10 0.442000 0.287000 0.040000 0.038000
1 0.846000 0.086000 0.260000 0.172000
2 0.389000 0.531000 0.054000 0.102000
10 0.475000 0.339000 0.026000 0.038000
6 0.543000 0.856000 0.034000 0.056000
1 0.202000 0.355000 0.176000 0.166000
10 0.546000 0.909000 0.028000 0.050000
1 0.721000 0.772000 0.250000 0.268000
10 0.114000 0.036000 0.044000 0.040000
10 0.483000 0.904000 0.022000 0.060000
10 0.435000 0.585000 0.046000 0.042000
10 0.543000 0.707000 0.022000 0.046000
2 0.530000 0.487000 0.160000 0.134000
10 0.546000 0.975000 0.028000 0.046000
1 0.284000 0.504000 0.200000 0.192000
2 0.494000 0.715000 0.064000 0.042000
1 0.548000 0.018000 0.252000 0.036000
1 0.032000 0.197000 0.064000 0.158000
1 0.046000 0.657000 0.092000 0.258000
1 0.259000 0.799000 0.398000 0.398000
1 0.914000 0.870000 0.172000 0.176000
1 0.683230 0.945850 0.178460 0.107700
1 0.107690 0.276000 0.155380 0.160000
1 0.128150 0.540920 0.212300 0.273840
