1 0.862000 0.379000 0.152000 0.134000
1 0.561000 0.422000 0.386000 0.292000
5 0.538000 0.927000 0.096000 0.106000
10 0.668000 0.221000 0.044000 0.038000
10 0.455000 0.925000 0.042000 0.046000
10 0.428000 0.340000 0.044000 0.040000
1 0.423000 0.850000 0.162000 0.176000
10 0.520000 0.851000 0.032000 0.038000
10 0.522000 0.335000 0.044000 0.038000
1 0.878000 0.223000 0.204000 0.158000
10 0.801000 0.512000 0.046000 0.040000
10 0.331000 0.846000 0.030000 0.036000
10 0.220000 0.329000 0.036000 0.054000
10 0.438000 0.631000 0.040000 0.042000
1 0.880000 0.666000 0.236000 0.332000
10 0.397000 0.661000 0.042000 0.046000
10 0.469000 0.985000 0.050000 0.026000
1 0.148000 0.793000 0.296000 0.410000
10 0.100000 0.978000 0.044000 0.040000
2 0.524000 0.155000 0.072000 0.110000
6 0.281000 0.418000 0.086000 0.060000
1 0.114000 0.083000 0.228000 0.166000
6 0.254000 0.299000 0.036000 0.062000
10 0.008000 0.742000 0.016000 0.040000
10 0.717000 0.608000 0.038000 0.032000
10 0.279000 0.763000 0.042000 0.046000
10 0.144000 0.992000 0.044000 0.012000
10 0.472000 0.739000 0.040000 0.038000
1 0.608000 0.975000 0.164000 0.046000
10 0.342000 0.720000 0.032000 0.032000
