1 0.486000 0.654000 0.148000 0.172000
1 0.624000 0.057000 0.196000 0.114000
1 0.169000 0.957000 0.182000 0.082000
1 0.511000 0.495000 0.134000 0.126000
2 0.566000 0.202000 0.088000 0.072000
1 0.651000 0.821000 0.186000 0.162000
1 0.876000 0.235000 0.116000 0.122000
1 0.282330 0.131000 0.320660 0.262000
10 0.098000 0.421000 0.048000 0.034000
2 0.814000 0.805000 0.100000 0.074000
1 0.788000 0.458000 0.096000 0.100000
10 0.051000 0.443000 0.046000 0.038000
10 0.143000 0.403000 0.042000 0.030000
10 0.746000 0.554000 0.032000 0.056000
2 0.853000 0.899000 0.098000 0.070000
2 0.649000 0.223000 0.050000 0.070000
10 0.726000 0.505000 0.028000 0.046000
10 0.498000 0.978000 0.040000 0.032000
10 0.710000 0.168000 0.052000 0.036000
10 0.973000 0.055000 0.050000 0.038000
10 0.975000 0.752000 0.046000 0.032000
10 0.484000 0.076000 0.032000 0.040000
10 0.762000 0.603000 0.028000 0.050000
6 0.629000 0.348000 0.046000 0.064000
2 0.607000 0.292000 0.098000 0.068000
1 0.059000 0.649000 0.118000 0.226000
2 0.774000 0.883000 0.052000 0.066000
10 0.468000 0.032000 0.036000 0.048000
10 0.670000 0.536000 0.028000 0.036000
10 0.738000 0.699000 0.032000 0.046000
10 0.647000 0.317000 0.030000 0.038000
10 0.960000 0.828000 0.040000 0.028000
10 0.680000 0.398000 0.028000 0.040000
1 0.446000 0.850000 0.236000 0.296000
1 0.273000 0.772000 0.090000 0.084000
2 0.893000 0.828000 0.046000 0.064000
10 0.626000 0.433000 0.032000 0.038000
1 0.726000 0.978000 0.128000 0.040000
10 0.688000 0.579000 0.028000 0.042000
10 0.718000 0.657000 0.032000 0.046000
1 0.856000 0.035000 0.120000 0.070000
1 0.892000 0.629000 0.196000 0.270000
10 0.851000 0.973000 0.030000 0.050000
10 0.598000 0.356000 0.032000 0.048000
10 0.507000 0.008000 0.030000 0.016000
1 0.473330 0.430670 0.174660 0.145340
1 0.088000 0.256000 0.176000 0.236000
