10 0.246940 0.320590 0.025880 0.057180
10 0.277620 0.282510 0.027240 0.049020
10 0.250300 0.453910 0.028600 0.055820
10 0.254980 0.520550 0.029960 0.053100
10 0.138940 0.160640 0.025880 0.061280
10 0.144940 0.238550 0.025880 0.053100
10 0.147620 0.299960 0.027240 0.059920
10 0.350890 0.369870 0.021780 0.051740
1 0.061000 0.068000 0.122000 0.136000
6 0.295000 0.529000 0.030000 0.070000
2 0.837000 0.923000 0.074000 0.070000
10 0.972000 0.650000 0.036000 0.032000
10 0.206000 0.835000 0.020000 0.042000
10 0.152000 0.354000 0.020000 0.044000
1 0.075000 0.426000 0.150000 0.608000
10 0.941000 0.982000 0.034000 0.032000
10 0.290000 0.775000 0.028000 0.050000
10 0.160000 0.523000 0.024000 0.062000
1 0.562000 0.071000 0.172000 0.142000
10 0.907000 0.951000 0.046000 0.050000
10 0.652000 0.876000 0.048000 0.052000
10 0.285000 0.396000 0.030000 0.052000
10 0.276000 0.196000 0.028000 0.044000
1 0.090000 0.925000 0.180000 0.146000
10 0.318000 0.819000 0.024000 0.046000
2 0.335000 0.991000 0.078000 0.014000
1 0.945000 0.188000 0.106000 0.372000
1 0.964000 0.885000 0.068000 0.226000
10 0.355000 0.816000 0.026000 0.044000
10 0.787000 0.787000 0.046000 0.046000
1 0.657000 0.249000 0.330000 0.226000
1 0.641880 0.676000 0.239760 0.376000
1 0.835650 0.604090 0.215300 0.208180
1 0.903000 0.448000 0.194000 0.296000
1 0.602990 0.418990 0.153980 0.153980
