6 0.395000 0.391000 0.046000 0.066000
6 0.427000 0.723000 0.042000 0.070000
6 0.670000 0.111000 0.036000 0.058000
2 0.348000 0.766000 0.092000 0.060000
10 0.454000 0.550000 0.040000 0.048000
10 0.576000 0.146000 0.032000 0.048000
10 0.062000 0.105000 0.032000 0.046000
10 0.421000 0.471000 0.042000 0.058000
10 0.356000 0.516000 0.032000 0.048000
10 0.095000 0.192000 0.034000 0.044000
6 0.122000 0.571000 0.080000 0.042000
10 0.462000 0.714000 0.032000 0.052000
10 0.507000 0.172000 0.030000 0.044000
1 0.523000 0.301000 0.182000 0.234000
10 0.114000 0.522000 0.056000 0.036000
10 0.078000 0.149000 0.028000 0.046000
10 0.868000 0.048000 0.032000 0.044000
10 0.916000 0.037000 0.028000 0.042000
10 0.365000 0.031000 0.042000 0.030000
10 0.141000 0.592000 0.046000 0.028000
5 0.930000 0.392000 0.084000 0.060000
10 0.795000 0.071000 0.038000 0.058000
10 0.962000 0.019000 0.036000 0.038000
10 0.724000 0.095000 0.040000 0.054000
10 0.345000 0.433000 0.022000 0.030000
1 0.494000 0.039000 0.160000 0.078000
10 0.380000 0.474000 0.024000 0.032000
10 0.548000 0.150000 0.032000 0.044000
10 0.518000 0.980000 0.036000 0.036000
1 0.014000 0.236000 0.028000 0.100000
