1 0.462000 0.543000 0.176000 0.190000
1 0.256000 0.568000 0.180000 0.148000
10 0.277000 0.723000 0.050000 0.050000
10 0.683000 0.886000 0.042000 0.052000
10 0.695000 0.645000 0.042000 0.050000
10 0.557000 0.389000 0.034000 0.050000
10 0.356000 0.783000 0.044000 0.042000
1 0.939000 0.358000 0.110000 0.092000
10 0.478000 0.881000 0.036000 0.042000
10 0.488000 0.262000 0.040000 0.048000
10 0.422000 0.303000 0.040000 0.030000
10 0.929000 0.041000 0.046000 0.046000
10 0.774000 0.791000 0.040000 0.046000
10 0.142000 0.554000 0.028000 0.036000
10 0.463000 0.376000 0.050000 0.032000
2 0.798000 0.879000 0.060000 0.066000
1 0.095000 0.338000 0.110000 0.096000
10 0.610000 0.495000 0.036000 0.046000
10 0.625000 0.987000 0.046000 0.022000
1 0.308000 0.975000 0.144000 0.046000
1 0.571000 0.035000 0.142000 0.070000
1 0.805000 0.094000 0.122000 0.108000
10 0.529000 0.344000 0.034000 0.048000
1 0.250000 0.065000 0.100000 0.126000
1 0.582000 0.161000 0.100000 0.098000
10 0.587000 0.447000 0.026000 0.030000
10 0.399000 0.246000 0.046000 0.032000
10 0.442000 0.850000 0.028000 0.028000
10 0.380000 0.066000 0.036000 0.040000
10 0.244000 0.691000 0.024000 0.034000
1 0.169960 0.409960 0.075920 0.095920
1 0.903820 0.634720 0.119640 0.145440
1 0.772570 0.650370 0.089140 0.140740
1 0.566780 0.275260 0.105560 0.098520
1 0.625060 0.333230 0.150120 0.118460
1 0.645470 0.411850 0.114940 0.099700
1 0.695130 0.474090 0.110260 0.096180
1 0.082460 0.200810 0.080920 0.085620
1 0.222780 0.149920 0.105560 0.127840
1 0.256850 0.318190 0.133700 0.104380
1 0.302960 0.215920 0.141920 0.127840
1 0.331850 0.895470 0.099700 0.114940
1 0.947960 0.495920 0.103920 0.127840
1 0.810640 0.355160 0.117280 0.090320
