6 0.474000 0.196000 0.052000 0.052000
1 0.887000 0.830000 0.222000 0.292000
1 0.090000 0.716000 0.180000 0.204000
10 0.665000 0.476000 0.038000 0.048000
10 0.707000 0.439000 0.046000 0.042000
10 0.249000 0.367000 0.042000 0.038000
10 0.605000 0.551000 0.046000 0.046000
10 0.383000 0.265000 0.046000 0.042000
1 0.311000 0.462000 0.186000 0.164000
1 0.352000 0.133000 0.320000 0.266000
10 0.755710 0.199180 0.031420 0.042360
6 0.773000 0.172000 0.046000 0.072000
10 0.426000 0.230000 0.044000 0.044000
10 0.194000 0.478000 0.032000 0.032000
10 0.545000 0.183000 0.046000 0.038000
10 0.575000 0.118000 0.042000 0.044000
10 0.757000 0.513000 0.042000 0.038000
10 0.775000 0.038000 0.042000 0.040000
10 0.033000 0.529000 0.038000 0.034000
10 0.631000 0.154000 0.034000 0.036000
10 0.816000 0.014000 0.040000 0.028000
10 0.709000 0.020000 0.042000 0.040000
1 0.096000 0.334000 0.192000 0.396000
1 0.593000 0.302000 0.282000 0.272000
1 0.969000 0.393000 0.058000 0.294000
10 0.617000 0.084000 0.042000 0.040000
6 0.737360 0.215150 0.058720 0.074300
1 0.429790 0.389250 0.099580 0.122500
6 0.741850 0.492770 0.051700 0.037540
