1 0.304000 0.920000 0.136000 0.128000
1 0.536000 0.528000 0.140000 0.144000
2 0.577000 0.301000 0.130000 0.058000
1 0.433000 0.881000 0.098000 0.162000
1 0.834000 0.521000 0.172000 0.158000
1 0.253000 0.709000 0.090000 0.106000
10 0.911000 0.114000 0.046000 0.028000
6 0.839000 0.874000 0.050000 0.064000
10 0.337000 0.047000 0.038000 0.046000
5 0.806000 0.746000 0.088000 0.116000
10 0.254000 0.134000 0.052000 0.044000
1 0.645000 0.035000 0.106000 0.070000
10 0.086000 0.058000 0.036000 0.048000
10 0.347000 0.088000 0.034000 0.040000
10 0.955000 0.082000 0.050000 0.028000
10 0.675000 0.122000 0.046000 0.028000
10 0.074000 0.874000 0.032000 0.048000
10 0.064000 0.631000 0.020000 0.042000
2 0.070000 0.314000 0.084000 0.056000
10 0.819000 0.089000 0.046000 0.030000
10 0.184000 0.344000 0.024000 0.048000
6 0.752000 0.125000 0.060000 0.034000
10 0.844000 0.146000 0.044000 0.024000
1 0.940000 0.744000 0.116000 0.100000
2 0.192000 0.967000 0.080000 0.054000
10 0.234000 0.336000 0.020000 0.040000
1 0.978000 0.918000 0.040000 0.160000
6 0.843000 0.120000 0.074000 0.032000
10 0.751000 0.093000 0.050000 0.030000
1 0.014000 0.940000 0.028000 0.060000
1 0.215000 0.606000 0.102000 0.120000
1 0.949000 0.582000 0.102000 0.128000
1 0.476750 0.435000 0.137500 0.130000
1 0.784250 0.427000 0.152500 0.130000
