1 0.920000 0.791000 0.156000 0.194000
1 0.640140 0.581870 0.192280 0.179740
10 0.645000 0.438000 0.042000 0.040000
1 0.152000 0.717000 0.240000 0.230000
10 0.638000 0.193000 0.048000 0.042000
10 0.850000 0.481000 0.028000 0.038000
1 0.487630 0.477690 0.195260 0.183380
10 0.529000 0.404000 0.042000 0.032000
10 0.204000 0.489000 0.036000 0.046000
10 0.403000 0.626000 0.030000 0.032000
1 0.515380 0.097000 0.286760 0.194000
10 0.733000 0.929000 0.042000 0.046000
10 0.022000 0.120000 0.032000 0.040000
10 0.048000 0.081000 0.040000 0.046000
10 0.636000 0.846000 0.032000 0.036000
10 0.077000 0.044000 0.038000 0.040000
10 0.337000 0.697000 0.038000 0.046000
10 0.590000 0.798000 0.032000 0.032000
10 0.505000 0.730000 0.026000 0.028000
10 0.566000 0.904000 0.024000 0.032000
10 0.733000 0.037000 0.050000 0.042000
10 0.691000 0.888000 0.034000 0.036000
10 0.108000 0.013000 0.036000 0.026000
10 0.388000 0.752000 0.032000 0.032000
10 0.544000 0.761000 0.032000 0.034000
10 0.617000 0.367000 0.034000 0.046000
10 0.441000 0.354000 0.046000 0.040000
10 0.130000 0.571000 0.024000 0.050000
10 0.982000 0.547000 0.032000 0.042000
1 0.324000 0.369000 0.216000 0.186000
10 0.669000 0.390000 0.042000 0.052000
10 0.165000 0.480000 0.030000 0.040000
10 0.360000 0.598000 0.032000 0.032000
10 0.435000 0.785000 0.034000 0.046000
10 0.751000 0.524000 0.042000 0.032000
10 0.665000 0.484000 0.038000 0.032000
10 0.610000 0.934000 0.028000 0.036000
10 0.774000 0.004000 0.032000 0.008000
10 0.060000 0.553000 0.020000 0.042000
10 0.871810 0.500410 0.035620 0.048820
10 0.897000 0.503000 0.038000 0.046000
10 0.680000 0.121000 0.056000 0.042000
10 0.153000 0.571000 0.022000 0.042000
10 0.083000 0.557000 0.018000 0.042000
10 0.371000 0.719000 0.030000 0.042000
1 0.792970 0.680350 0.193940 0.184700
10 0.660470 0.861810 0.036940 0.035620
10 0.698470 0.402430 0.036940 0.044860
6 0.566410 0.147000 0.048820 0.062000
