1 0.170000 0.189000 0.340000 0.378000
1 0.793000 0.685000 0.322000 0.510000
6 0.375000 0.816000 0.062000 0.068000
10 0.266000 0.917000 0.040000 0.042000
10 0.324000 0.816000 0.044000 0.044000
10 0.122000 0.814000 0.044000 0.048000
10 0.356000 0.887000 0.040000 0.046000
10 0.080000 0.550000 0.040000 0.048000
10 0.110000 0.897000 0.040000 0.046000
10 0.486000 0.932000 0.044000 0.052000
10 0.274000 0.800000 0.036000 0.044000
10 0.254000 0.457000 0.032000 0.042000
10 0.176000 0.696000 0.036000 0.040000
10 0.432000 0.883000 0.036000 0.046000
10 0.423000 0.958000 0.030000 0.036000
10 0.547000 0.985000 0.042000 0.026000
6 0.035000 0.498000 0.050000 0.060000
10 0.008000 0.625000 0.016000 0.046000
10 0.369000 0.994000 0.042000 0.008000
5 0.260060 0.703500 0.136120 0.135000
