1 0.222000 0.223000 0.140000 0.134000
1 0.192000 0.571000 0.384000 0.218000
1 0.081000 0.243000 0.162000 0.146000
1 0.255000 0.352000 0.118000 0.104000
5 0.170000 0.817000 0.124000 0.042000
10 0.701000 0.909000 0.050000 0.042000
10 0.642000 0.763000 0.036000 0.046000
1 0.149000 0.024000 0.090000 0.048000
2 0.522000 0.672000 0.072000 0.060000
10 0.559000 0.782000 0.046000 0.036000
10 0.606000 0.911000 0.028000 0.038000
10 0.624000 0.365000 0.028000 0.046000
10 0.230000 0.085000 0.048000 0.030000
2 0.703000 0.628000 0.074000 0.056000
10 0.818000 0.840000 0.048000 0.032000
10 0.186000 0.091000 0.040000 0.026000
10 0.051000 0.100000 0.046000 0.028000
10 0.279000 0.824000 0.046000 0.028000
2 0.512000 0.058000 0.048000 0.068000
10 0.339000 0.083000 0.046000 0.026000
1 0.166000 0.962000 0.104000 0.072000
10 0.614000 0.953000 0.036000 0.038000
10 0.945000 0.872000 0.042000 0.024000
10 0.666000 0.798000 0.028000 0.032000
10 0.385000 0.078000 0.046000 0.028000
10 0.038000 0.014000 0.024000 0.028000
2 0.591000 0.973000 0.102000 0.050000
10 0.975000 0.830000 0.046000 0.024000
10 0.830000 0.809000 0.052000 0.030000
10 0.875000 0.846000 0.046000 0.028000
2 0.324000 0.844000 0.040000 0.080000
1 0.971000 0.143000 0.054000 0.286000
1 0.451000 0.013000 0.098000 0.026000
1 0.913000 0.964000 0.170000 0.068000
