10 0.368000 0.312000 0.036000 0.048000
10 0.120000 0.330000 0.048000 0.060000
6 0.197000 0.288000 0.034000 0.064000
6 0.312000 0.749000 0.072000 0.038000
10 0.071000 0.242000 0.038000 0.040000
10 0.731000 0.311000 0.038000 0.046000
2 0.267000 0.155000 0.190000 0.094000
5 0.101870 0.671620 0.043740 0.087240
10 0.795000 0.585000 0.038000 0.050000
10 0.284000 0.406000 0.048000 0.036000
10 0.837000 0.744000 0.038000 0.048000
10 0.227000 0.387000 0.050000 0.038000
10 0.432000 0.790000 0.048000 0.028000
10 0.158620 0.579000 0.029240 0.058000
10 0.341000 0.710000 0.042000 0.032000
10 0.935000 0.939000 0.038000 0.038000
10 0.737000 0.578000 0.042000 0.048000
10 0.445000 0.756000 0.030000 0.032000
10 0.711000 0.499000 0.046000 0.046000
10 0.862000 0.697000 0.032000 0.046000
10 0.756000 0.536000 0.040000 0.048000
10 0.865000 0.807000 0.038000 0.050000
10 0.478000 0.639000 0.028000 0.046000
10 0.395000 0.244000 0.038000 0.056000
10 0.654000 0.501000 0.040000 0.042000
10 0.085000 0.486000 0.030000 0.052000
10 0.409000 0.714000 0.046000 0.032000
10 0.158000 0.460000 0.032000 0.048000
10 0.420000 0.650000 0.032000 0.032000
10 0.939000 0.330000 0.038000 0.036000
10 0.834000 0.640000 0.032000 0.052000
2 0.063000 0.975000 0.074000 0.046000
6 0.252000 0.353000 0.052000 0.042000
10 0.735000 0.820000 0.046000 0.032000
6 0.895000 0.872000 0.042000 0.052000
10 0.149000 0.249000 0.026000 0.054000
10 0.967000 0.366000 0.046000 0.044000
2 0.145000 0.739000 0.098000 0.046000
10 0.169000 0.076000 0.022000 0.056000
10 0.187000 0.017000 0.026000 0.034000
10 0.806000 0.699000 0.032000 0.046000
10 0.942000 0.855000 0.032000 0.046000
10 0.109000 0.558000 0.022000 0.048000
1 0.035000 0.660000 0.070000 0.428000
10 0.025000 0.833000 0.046000 0.038000
10 0.975000 0.975000 0.046000 0.046000
10 0.205000 0.123000 0.022000 0.038000
10 0.097000 0.784000 0.022000 0.052000
10 0.319000 0.782000 0.046000 0.028000
10 0.068000 0.564000 0.028000 0.048000
10 0.183000 0.180000 0.026000 0.044000
6 0.773000 0.640000 0.046000 0.060000
10 0.010000 0.962000 0.020000 0.028000
10 0.012000 0.402000 0.024000 0.052000
10 0.089000 0.612000 0.022000 0.040000
10 0.516000 0.992000 0.032000 0.012000
1 0.411000 0.013000 0.102000 0.026000
10 0.014000 0.049000 0.028000 0.050000
1 0.786000 0.063000 0.424000 0.126000
10 0.669130 0.468500 0.046260 0.045000
2 0.590460 0.443450 0.068920 0.106900
