1 0.456000 0.126000 0.260000 0.236000
1 0.710000 0.489000 0.256000 0.254000
2 0.093000 0.391000 0.102000 0.102000
1 0.421000 0.402000 0.302000 0.288000
10 0.265000 0.166000 0.038000 0.044000
1 0.117000 0.131000 0.166000 0.150000
10 0.611000 0.937000 0.046000 0.050000
10 0.270000 0.591000 0.040000 0.046000
10 0.224000 0.423000 0.044000 0.042000
6 0.116000 0.477000 0.048000 0.054000
10 0.186000 0.384000 0.044000 0.044000
1 0.763000 0.717000 0.222000 0.186000
10 0.503000 0.823000 0.046000 0.046000
10 0.033000 0.231000 0.038000 0.042000
10 0.066000 0.264000 0.032000 0.036000
10 0.392000 0.712000 0.040000 0.048000
10 0.277000 0.085000 0.042000 0.030000
2 0.525000 0.877000 0.066000 0.070000
10 0.284000 0.131000 0.032000 0.034000
2 0.579000 0.821000 0.070000 0.086000
10 0.096000 0.295000 0.036000 0.042000
6 0.291000 0.066000 0.050000 0.040000
1 0.265000 0.792000 0.506000 0.412000
10 0.774000 0.072000 0.032000 0.028000
6 0.327000 0.012000 0.054000 0.024000
10 0.726000 0.029000 0.036000 0.042000
