1 0.202000 0.802000 0.404000 0.392000
2 0.828000 0.605000 0.120000 0.102000
6 0.733000 0.543000 0.078000 0.078000
1 0.892000 0.155000 0.212000 0.230000
10 0.677000 0.426000 0.050000 0.048000
1 0.551000 0.871000 0.330000 0.254000
10 0.126000 0.059000 0.036000 0.038000
1 0.503000 0.513000 0.346000 0.242000
10 0.531000 0.688000 0.046000 0.028000
1 0.853000 0.427000 0.182000 0.182000
2 0.775000 0.899000 0.098000 0.070000
2 0.719000 0.740000 0.050000 0.072000
10 0.442000 0.975000 0.036000 0.046000
1 0.617000 0.059000 0.170000 0.118000
1 0.445000 0.071000 0.226000 0.142000
1 0.897000 0.982000 0.202000 0.032000
