1 0.346000 0.562000 0.204000 0.752000
10 0.094000 0.721000 0.040000 0.026000
1 0.823000 0.463000 0.214000 0.710000
10 0.043000 0.387000 0.050000 0.030000
10 0.643000 0.524000 0.046000 0.032000
10 0.183000 0.928000 0.050000 0.032000
10 0.048000 0.417000 0.044000 0.026000
10 0.627000 0.455000 0.042000 0.026000
10 0.046000 0.243000 0.044000 0.026000
10 0.109000 0.835000 0.038000 0.022000
10 0.650000 0.594000 0.052000 0.040000
10 0.032000 0.788000 0.028000 0.052000
10 0.680000 0.754000 0.048000 0.036000
10 0.021000 0.729000 0.026000 0.042000
10 0.962000 0.872000 0.048000 0.032000
10 0.865000 0.892000 0.046000 0.028000
10 0.693000 0.828000 0.046000 0.028000
10 0.160000 0.229000 0.036000 0.022000
10 0.816000 0.900000 0.040000 0.024000
1 0.911000 0.971000 0.174000 0.054000
10 0.985000 0.791000 0.026000 0.046000
10 0.992000 0.484000 0.012000 0.040000
10 0.978000 0.749000 0.024000 0.046000
10 0.638000 0.481000 0.048000 0.030000
1 0.014000 0.857000 0.028000 0.274000
