1 0.484000 0.553000 0.112000 0.122000
1 0.332000 0.582000 0.112000 0.120000
1 0.348000 0.805000 0.120000 0.110000
1 0.657000 0.187000 0.110000 0.106000
1 0.821000 0.336000 0.106000 0.104000
1 0.950000 0.277000 0.096000 0.134000
1 0.551000 0.347000 0.126000 0.114000
1 0.374000 0.112000 0.288000 0.224000
1 0.842000 0.570000 0.140000 0.116000
1 0.874000 0.721000 0.120000 0.122000
1 0.246000 0.961000 0.120000 0.074000
1 0.791000 0.947000 0.110000 0.102000
1 0.619000 0.842000 0.110000 0.112000
1 0.158000 0.832000 0.088000 0.100000
10 0.816000 0.849000 0.040000 0.042000
1 0.417000 0.455000 0.086000 0.074000
6 0.719000 0.268000 0.042000 0.056000
1 0.727000 0.035000 0.102000 0.070000
10 0.020000 0.701000 0.036000 0.050000
10 0.769000 0.816000 0.042000 0.040000
10 0.681000 0.761000 0.042000 0.042000
10 0.863000 0.879000 0.042000 0.038000
10 0.658000 0.398000 0.032000 0.048000
10 0.676000 0.354000 0.028000 0.040000
1 0.945000 0.067000 0.106000 0.134000
10 0.816000 0.064000 0.032000 0.044000
10 0.722000 0.385000 0.028000 0.042000
10 0.746000 0.207000 0.032000 0.046000
10 0.753000 0.742000 0.038000 0.032000
10 0.531000 0.781000 0.038000 0.054000
10 0.329000 0.233000 0.034000 0.046000
1 0.734000 0.499000 0.120000 0.110000
10 0.507000 0.711000 0.030000 0.046000
10 0.962000 0.132000 0.044000 0.040000
1 0.095000 0.978000 0.158000 0.040000
1 0.658000 0.629000 0.088000 0.110000
1 0.189000 0.486000 0.370000 0.500000
10 0.987000 0.962000 0.022000 0.036000
10 0.568000 0.582000 0.036000 0.056000
10 0.770000 0.175000 0.032000 0.034000
1 0.520000 0.447000 0.116000 0.114000
1 0.980000 0.823000 0.036000 0.110000
1 0.526000 0.975000 0.140000 0.046000
10 0.624000 0.473000 0.020000 0.034000
10 0.485000 0.751000 0.038000 0.050000
10 0.818000 0.449000 0.056000 0.050000
10 0.992000 0.913000 0.012000 0.042000
10 0.348000 0.287000 0.024000 0.026000
10 0.893000 0.842000 0.038000 0.028000
10 0.994000 0.165000 0.008000 0.042000
1 0.948000 0.989000 0.100000 0.018000
1 0.388260 0.718260 0.132520 0.132520
