1 0.071000 0.629000 0.142000 0.166000
1 0.513000 0.569000 0.214000 0.174000
1 0.137000 0.213000 0.274000 0.410000
1 0.397000 0.389000 0.230000 0.206000
10 0.120000 0.435000 0.032000 0.034000
10 0.717000 0.823000 0.046000 0.046000
2 0.832000 0.615000 0.076000 0.066000
10 0.065000 0.823000 0.034000 0.046000
10 0.749000 0.791000 0.038000 0.038000
1 0.253000 0.793000 0.206000 0.246000
1 0.414000 0.891000 0.384000 0.218000
10 0.555000 0.960000 0.038000 0.040000
1 0.626480 0.284000 0.680960 0.568000
10 0.009000 0.814000 0.018000 0.036000
1 0.218000 0.555000 0.192000 0.186000
1 0.151000 0.971000 0.262000 0.054000
1 0.012000 0.950000 0.024000 0.096000
1 0.595870 0.707130 0.231740 0.250260
