1 0.182000 0.770000 0.364000 0.456000
1 0.580000 0.705000 0.240000 0.506000
1 0.503000 0.212000 0.158000 0.164000
1 0.891000 0.274000 0.218000 0.428000
10 0.901000 0.348000 0.038000 0.044000
10 0.654000 0.236000 0.032000 0.044000
10 0.737500 0.335000 0.027000 0.054000
10 0.734500 0.278500 0.033000 0.045000
10 0.774000 0.262000 0.020000 0.040000
10 0.907000 0.643500 0.030000 0.043000
10 0.367000 0.007000 0.030000 0.014000
10 0.883000 0.687000 0.034000 0.038000
10 0.860000 0.321000 0.036000 0.034000
10 0.868000 0.656000 0.036000 0.032000
10 0.843000 0.304000 0.030000 0.040000
10 0.414000 0.094500 0.028000 0.045000
10 0.460500 0.096500 0.021000 0.037000
10 0.512140 0.090930 0.024280 0.045860
10 0.561000 0.087000 0.022000 0.046000
6 0.804000 0.024000 0.064000 0.048000
10 0.720000 0.189000 0.032000 0.042000
10 0.419000 0.007000 0.034000 0.014000
10 0.829000 0.295000 0.026000 0.038000
10 0.095000 0.170000 0.026000 0.052000
10 0.783000 0.371000 0.026000 0.054000
10 0.063000 0.165000 0.034000 0.050000
10 0.122000 0.169000 0.032000 0.058000
10 0.162500 0.169000 0.025000 0.042000
10 0.598500 0.139000 0.025000 0.034000
10 0.624500 0.135500 0.033000 0.047000
10 0.649000 0.129000 0.026000 0.042000
2 0.803000 0.981000 0.102000 0.038000
2 0.877000 0.987000 0.034000 0.026000
