1 0.134000 0.825000 0.268000 0.346000
1 0.112000 0.056000 0.220000 0.112000
1 0.530000 0.818000 0.144000 0.140000
1 0.400000 0.065000 0.164000 0.130000
1 0.807000 0.925000 0.366000 0.146000
1 0.299000 0.209000 0.122000 0.134000
1 0.097000 0.523000 0.102000 0.098000
10 0.127000 0.350000 0.046000 0.040000
10 0.872000 0.871000 0.052000 0.042000
10 0.610000 0.905000 0.036000 0.042000
10 0.031000 0.758000 0.034000 0.036000
10 0.533000 0.654000 0.042000 0.040000
1 0.175000 0.259000 0.114000 0.142000
10 0.441000 0.596000 0.042000 0.036000
10 0.518000 0.119000 0.036000 0.046000
10 0.552000 0.078000 0.040000 0.044000
10 0.490000 0.629000 0.044000 0.038000
10 0.368000 0.315000 0.040000 0.050000
10 0.428000 0.233000 0.040000 0.046000
10 0.481000 0.158000 0.038000 0.044000
10 0.397000 0.271000 0.038000 0.050000
1 0.465000 0.955000 0.122000 0.086000
5 0.222000 0.407000 0.116000 0.062000
10 0.580000 0.036000 0.040000 0.044000
10 0.456000 0.196000 0.036000 0.044000
10 0.550000 0.987000 0.036000 0.022000
10 0.007000 0.802000 0.014000 0.040000
1 0.673000 0.172000 0.338000 0.344000
10 0.607000 0.699000 0.042000 0.046000
10 0.918000 0.897000 0.040000 0.030000
6 0.649000 0.728000 0.050000 0.040000
10 0.606000 0.007000 0.036000 0.014000
1 0.020000 0.386000 0.040000 0.140000
