1 0.396000 0.254000 0.160000 0.204000
1 0.159000 0.150000 0.190000 0.300000
1 0.915000 0.340000 0.166000 0.176000
1 0.876000 0.107000 0.236000 0.214000
10 0.539000 0.569000 0.050000 0.038000
10 0.484000 0.552000 0.040000 0.032000
10 0.088500 0.436500 0.045000 0.025000
10 0.100380 0.388750 0.048760 0.037500
10 0.096000 0.359000 0.044000 0.030000
10 0.074000 0.479000 0.044000 0.030000
1 0.782120 0.729000 0.248240 0.338000
10 0.716000 0.096000 0.028000 0.044000
10 0.511000 0.495000 0.022000 0.038000
10 0.449000 0.479000 0.026000 0.042000
10 0.559000 0.495000 0.018000 0.038000
10 0.845000 0.437000 0.042000 0.026000
10 0.475000 0.483000 0.026000 0.042000
10 0.534000 0.500000 0.024000 0.044000
1 0.975000 0.784000 0.046000 0.244000
10 0.698000 0.516000 0.036000 0.024000
10 0.071000 0.021000 0.042000 0.026000
10 0.805000 0.430000 0.038000 0.028000
10 0.081750 0.457000 0.047500 0.030000
1 0.736630 0.925000 0.221260 0.150000
