10 0.737000 0.867000 0.050000 0.042000
1 0.864000 0.242000 0.268000 0.312000
6 0.380000 0.827000 0.048000 0.038000
1 0.470000 0.647000 0.068000 0.074000
5 0.582000 0.934000 0.120000 0.064000
2 0.438000 0.853000 0.076000 0.078000
1 0.381000 0.620000 0.074000 0.084000
1 0.194000 0.201000 0.388000 0.402000
1 0.550000 0.679000 0.064000 0.082000
10 0.982000 0.951000 0.032000 0.042000
5 0.876000 0.961000 0.116000 0.046000
6 0.509000 0.872000 0.054000 0.032000
1 0.975000 0.508000 0.046000 0.168000
1 0.545000 0.261000 0.390000 0.522000
10 0.848000 0.902000 0.052000 0.036000
1 0.651750 0.690500 0.107500 0.125000
1 0.808750 0.740500 0.097500 0.125000
