1 0.745000 0.915000 0.166000 0.166000
1 0.595000 0.865000 0.134000 0.122000
1 0.479000 0.129000 0.186000 0.258000
1 0.430000 0.769000 0.116000 0.106000
1 0.064000 0.125000 0.128000 0.242000
1 0.492000 0.603000 0.144000 0.134000
1 0.672000 0.652000 0.116000 0.104000
1 0.213000 0.698000 0.226000 0.184000
1 0.911000 0.675000 0.130000 0.110000
6 0.758000 0.370000 0.056000 0.040000
10 0.599000 0.512000 0.042000 0.048000
10 0.271000 0.477000 0.050000 0.038000
10 0.059000 0.601000 0.046000 0.038000
6 0.580000 0.135000 0.032000 0.062000
1 0.163000 0.394000 0.326000 0.188000
1 0.115000 0.973000 0.118000 0.050000
10 0.699000 0.357000 0.046000 0.034000
6 0.598000 0.200000 0.032000 0.056000
2 0.647000 0.339000 0.082000 0.058000
10 0.235000 0.083000 0.034000 0.050000
1 0.026000 0.772000 0.052000 0.184000
2 0.810000 0.379000 0.064000 0.126000
10 0.534000 0.683000 0.032000 0.042000
1 0.338000 0.964000 0.100000 0.068000
10 0.175000 0.507000 0.050000 0.038000
10 0.564000 0.723000 0.028000 0.042000
10 0.348000 0.051000 0.032000 0.046000
10 0.407000 0.945000 0.030000 0.042000
1 0.784000 0.163200 0.320000 0.282400
1 0.564000 0.980000 0.112000 0.036000
1 0.922000 0.837000 0.144000 0.186000
6 0.481000 0.795000 0.038000 0.054000
10 0.436000 0.888000 0.032000 0.048000
10 0.950000 0.253000 0.040000 0.030000
10 0.738000 0.543000 0.032000 0.042000
10 0.559000 0.075000 0.030000 0.050000
10 0.586000 0.060000 0.028000 0.052000
10 0.934000 0.469000 0.028000 0.046000
10 0.978000 0.574000 0.032000 0.056000
2 0.477000 0.467000 0.062000 0.110000
10 0.277000 0.066000 0.030000 0.040000
10 0.268000 0.183000 0.032000 0.050000
10 0.439000 0.987000 0.034000 0.022000
10 0.954300 0.462150 0.024600 0.048300
10 0.989000 0.449000 0.018000 0.054000
1 0.978000 0.968000 0.040000 0.060000
10 0.536000 0.009000 0.036000 0.018000
1 0.326000 0.874000 0.196000 0.156000
2 0.682000 0.540000 0.052000 0.064000
10 0.973000 0.493000 0.042000 0.030000
10 0.648000 0.273000 0.028000 0.054000
10 0.455000 0.962000 0.026000 0.036000
10 0.070000 0.067000 0.024000 0.030000
1 0.859340 0.562120 0.138680 0.220240
1 0.381930 0.291510 0.219860 0.195020
1 0.714950 0.789460 0.113900 0.126920
