1 0.259000 0.367000 0.146000 0.214000
1 0.834000 0.688000 0.320000 0.620000
1 0.408000 0.582000 0.476000 0.380000
1 0.039000 0.673000 0.078000 0.274000
10 0.154000 0.492000 0.024000 0.052000
1 0.032000 0.903000 0.064000 0.190000
1 0.209000 0.964000 0.134000 0.068000
1 0.064000 0.226000 0.128000 0.268000
1 0.052000 0.450000 0.104000 0.200000
1 0.601000 0.200000 0.786000 0.400000
5 0.084000 0.823000 0.040000 0.082000
1 0.069000 0.009000 0.134000 0.018000
1 0.275380 0.878880 0.238760 0.153760
1 0.532000 0.923000 0.288000 0.154000
