1 0.910000 0.726000 0.120000 0.128000
1 0.721000 0.078000 0.130000 0.128000
1 0.503000 0.325000 0.102000 0.118000
1 0.855000 0.892000 0.286000 0.212000
1 0.201000 0.631000 0.158000 0.154000
1 0.553000 0.064000 0.142000 0.128000
10 0.601000 0.959000 0.026000 0.042000
1 0.962000 0.477000 0.072000 0.230000
10 0.557000 0.433000 0.034000 0.030000
10 0.558000 0.594000 0.060000 0.040000
1 0.224000 0.218000 0.320000 0.192000
10 0.784000 0.354000 0.032000 0.020000
1 0.920000 0.063000 0.156000 0.126000
1 0.679000 0.527000 0.102000 0.110000
1 0.037000 0.744000 0.074000 0.176000
