6 0.085000 0.984000 0.058000 0.028000
6 0.076120 0.963620 0.060240 0.035240
6 0.146610 0.867730 0.037220 0.055460
6 0.112720 0.896680 0.065440 0.033360
1 0.729000 0.931000 0.226000 0.134000
1 0.856000 0.168000 0.140000 0.144000
1 0.183000 0.589000 0.122000 0.134000
1 0.911000 0.617000 0.110000 0.098000
1 0.712000 0.715000 0.140000 0.134000
1 0.614000 0.520000 0.120000 0.108000
1 0.417000 0.076000 0.110000 0.104000
1 0.345000 0.515000 0.114000 0.106000
1 0.887000 0.410000 0.222000 0.260000
1 0.061000 0.304000 0.122000 0.240000
2 0.603000 0.244000 0.070000 0.056000
10 0.749000 0.073000 0.038000 0.034000
1 0.280000 0.238000 0.100000 0.116000
2 0.561000 0.149000 0.070000 0.062000
10 0.652000 0.387000 0.036000 0.058000
1 0.050000 0.821000 0.100000 0.106000
10 0.898000 0.927000 0.028000 0.042000
10 0.793000 0.691000 0.034000 0.050000
10 0.756000 0.622000 0.040000 0.052000
10 0.878000 0.886000 0.036000 0.052000
10 0.603000 0.290000 0.034000 0.048000
6 0.066000 0.941000 0.060000 0.034000
2 0.627000 0.176000 0.050000 0.068000
10 0.728000 0.566000 0.032000 0.052000
10 0.645000 0.068000 0.034000 0.044000
10 0.834000 0.795000 0.032000 0.046000
1 0.175000 0.306000 0.094000 0.136000
10 0.814000 0.742000 0.036000 0.052000
6 0.705000 0.028000 0.042000 0.048000
1 0.385000 0.971000 0.118000 0.054000
10 0.061000 0.529000 0.042000 0.034000
6 0.058000 0.883000 0.068000 0.038000
10 0.018000 0.555000 0.036000 0.038000
6 0.194000 0.893000 0.028000 0.046000
6 0.121000 0.923000 0.058000 0.042000
6 0.851000 0.077000 0.054000 0.038000
1 0.973000 0.902000 0.050000 0.100000
6 0.169000 0.853000 0.034000 0.042000
10 0.594000 0.033000 0.052000 0.042000
10 0.858000 0.837000 0.032000 0.038000
10 0.057000 0.914000 0.058000 0.032000
10 0.530000 0.032000 0.032000 0.048000
10 0.431000 0.318000 0.034000 0.028000
1 0.078000 0.019000 0.116000 0.038000
10 0.682000 0.040000 0.040000 0.048000
10 0.133000 0.944000 0.050000 0.028000
10 0.271000 0.014000 0.050000 0.028000
10 0.745000 0.012000 0.046000 0.024000
10 0.556000 0.092000 0.032000 0.044000
