10 0.166000 0.796000 0.044000 0.052000
10 0.340000 0.650000 0.036000 0.044000
10 0.208000 0.559000 0.040000 0.050000
10 0.298000 0.677000 0.040000 0.050000
10 0.252000 0.532000 0.044000 0.048000
10 0.271000 0.520000 0.038000 0.044000
10 0.080000 0.769000 0.040000 0.042000
10 0.187000 0.571000 0.038000 0.046000
10 0.013000 0.865000 0.026000 0.070000
10 0.138000 0.854000 0.040000 0.036000
10 0.288000 0.503000 0.044000 0.050000
10 0.314000 0.486000 0.028000 0.036000
10 0.382000 0.625000 0.044000 0.046000
10 0.051000 0.752000 0.046000 0.044000
10 0.117000 0.694000 0.034000 0.040000
10 0.105000 0.634000 0.046000 0.056000
10 0.244000 0.729000 0.040000 0.050000
10 0.399000 0.613000 0.038000 0.046000
10 0.264000 0.715000 0.036000 0.050000
10 0.346000 0.718000 0.060000 0.048000
10 0.252000 0.581000 0.040000 0.050000
10 0.225000 0.541000 0.038000 0.046000
10 0.342000 0.684000 0.032000 0.028000
10 0.309000 0.757000 0.058000 0.066000
10 0.140000 0.680000 0.040000 0.052000
10 0.151000 0.857000 0.066000 0.046000
10 0.162000 0.666000 0.032000 0.044000
10 0.147000 0.610000 0.038000 0.048000
10 0.062000 0.759000 0.072000 0.066000
10 0.279000 0.781000 0.038000 0.042000
10 0.186000 0.774000 0.036000 0.048000
10 0.171000 0.597000 0.038000 0.046000
10 0.228000 0.751000 0.040000 0.046000
10 0.404000 0.680000 0.036000 0.044000
10 0.181000 0.648000 0.042000 0.048000
10 0.241000 0.600000 0.034000 0.040000
10 0.202000 0.632000 0.040000 0.048000
1 0.280000 0.063000 0.264000 0.126000
1 0.056000 0.057000 0.112000 0.114000
