1 0.913000 0.162000 0.170000 0.324000
1 0.850000 0.582000 0.296000 0.500000
1 0.090000 0.067000 0.180000 0.134000
1 0.249000 0.301000 0.494000 0.554000
2 0.423000 0.631000 0.046000 0.098000
1 0.202000 0.746000 0.404000 0.264000
6 0.520000 0.337000 0.032000 0.054000
2 0.474000 0.570000 0.060000 0.052000
10 0.098000 0.568000 0.048000 0.028000
10 0.509000 0.393000 0.026000 0.050000
10 0.490000 0.477000 0.028000 0.054000
1 0.878000 0.925000 0.240000 0.146000
10 0.913000 0.325000 0.042000 0.018000
1 0.302000 0.934000 0.124000 0.128000
10 0.279000 0.614000 0.046000 0.028000
10 0.761000 0.500000 0.014000 0.036000
1 0.657000 0.917000 0.186000 0.162000
1 0.585080 0.720770 0.186160 0.221540
1 0.133000 0.938000 0.214000 0.120000
1 0.598310 0.551850 0.164620 0.167700
1 0.510150 0.951690 0.132300 0.095380
1 0.633850 0.400150 0.167700 0.172300
1 0.660000 0.266150 0.180000 0.172300
1 0.695690 0.096920 0.195380 0.193840
1 0.540150 0.846150 0.172300 0.172300
