1 0.034000 0.541000 0.068000 0.130000
1 0.133000 0.501000 0.110000 0.134000
1 0.352000 0.108000 0.248000 0.216000
1 0.043000 0.787000 0.086000 0.102000
1 0.179000 0.922000 0.114000 0.096000
1 0.330000 0.966000 0.124000 0.064000
1 0.039000 0.228000 0.078000 0.168000
1 0.219000 0.717000 0.114000 0.130000
1 0.959000 0.231000 0.078000 0.118000
1 0.964000 0.061000 0.068000 0.122000
10 0.701000 0.521000 0.042000 0.050000
10 0.553000 0.143000 0.042000 0.042000
10 0.212000 0.642000 0.052000 0.036000
1 0.816000 0.048000 0.136000 0.096000
10 0.501000 0.556000 0.050000 0.032000
10 0.084000 0.624000 0.048000 0.036000
10 0.268000 0.566000 0.048000 0.032000
10 0.860000 0.492000 0.036000 0.052000
10 0.884000 0.426000 0.036000 0.044000
10 0.631000 0.232000 0.042000 0.048000
10 0.135000 0.612000 0.046000 0.032000
10 0.897000 0.605000 0.046000 0.046000
10 0.738000 0.675000 0.032000 0.046000
1 0.097000 0.039000 0.194000 0.078000
10 0.583000 0.471000 0.046000 0.038000
10 0.314000 0.552000 0.036000 0.032000
1 0.621000 0.886000 0.106000 0.096000
2 0.668000 0.305000 0.052000 0.058000
10 0.410000 0.060000 0.036000 0.036000
10 0.931000 0.358000 0.042000 0.032000
1 0.899000 0.896000 0.198000 0.204000
2 0.892000 0.562000 0.064000 0.060000
10 0.978000 0.345000 0.040000 0.034000
10 0.496000 0.082000 0.044000 0.052000
10 0.967000 0.684000 0.038000 0.036000
1 0.638000 0.063000 0.128000 0.126000
10 0.989000 0.717000 0.018000 0.038000
10 0.439000 0.020000 0.042000 0.040000
10 0.566000 0.228000 0.032000 0.036000
1 0.603000 0.645000 0.198000 0.162000
1 0.451000 0.622000 0.098000 0.080000
1 0.100000 0.978000 0.084000 0.040000
10 0.935000 0.654000 0.038000 0.044000
10 0.664000 0.411000 0.024000 0.042000
1 0.208000 0.987000 0.076000 0.022000
1 0.554000 0.335000 0.212000 0.294000
10 0.513000 0.492000 0.046000 0.032000
10 0.953000 0.411000 0.038000 0.034000
1 0.742000 0.978000 0.088000 0.040000
