1 0.887000 0.726000 0.186000 0.168000
10 0.580000 0.796000 0.044000 0.056000
10 0.691000 0.146000 0.042000 0.048000
10 0.731000 0.105000 0.038000 0.046000
2 0.460000 0.468000 0.080000 0.072000
10 0.467000 0.627000 0.038000 0.042000
5 0.178210 0.125030 0.060420 0.082060
1 0.060000 0.210000 0.116000 0.120000
1 0.957000 0.168000 0.082000 0.120000
10 0.315000 0.339000 0.030000 0.038000
10 0.256000 0.250000 0.040000 0.052000
2 0.380000 0.468000 0.064000 0.080000
10 0.610000 0.841000 0.036000 0.046000
1 0.865000 0.314000 0.186000 0.172000
1 0.545000 0.924000 0.174000 0.148000
10 0.289000 0.303000 0.034000 0.042000
10 0.109000 0.024000 0.038000 0.044000
2 0.454000 0.571000 0.072000 0.070000
10 0.502000 0.681000 0.040000 0.042000
10 0.134000 0.104000 0.032000 0.044000
10 0.216000 0.186000 0.028000 0.028000
1 0.035000 0.555000 0.070000 0.102000
1 0.156000 0.401000 0.104000 0.102000
10 0.763000 0.064000 0.038000 0.036000
10 0.585000 0.275000 0.042000 0.046000
2 0.863000 0.027000 0.070000 0.054000
1 0.628000 0.462000 0.112000 0.120000
1 0.414000 0.184000 0.160000 0.124000
1 0.460700 0.078110 0.149400 0.120220
1 0.488000 0.018000 0.116000 0.036000
10 0.343000 0.577000 0.034000 0.038000
1 0.991000 0.032000 0.014000 0.064000
10 0.345000 0.390000 0.034000 0.032000
10 0.531000 0.719000 0.038000 0.042000
1 0.730500 0.568000 0.213000 0.216000
1 0.814380 0.455880 0.136760 0.127760
1 0.693120 0.398160 0.122240 0.120320
1 0.221720 0.496760 0.139440 0.125520
1 0.123970 0.656200 0.123940 0.120400
6 0.196880 0.706500 0.041760 0.049000
1 0.163700 0.954000 0.099400 0.092000
