1 0.445000 0.551000 0.118000 0.118000
1 0.793000 0.791000 0.114000 0.122000
1 0.682000 0.345000 0.136000 0.110000
1 0.288000 0.292000 0.144000 0.112000
1 0.575000 0.537000 0.142000 0.110000
1 0.733000 0.453000 0.126000 0.118000
1 0.324000 0.781000 0.112000 0.110000
1 0.255000 0.397000 0.122000 0.106000
1 0.472000 0.797000 0.120000 0.106000
1 0.327000 0.083000 0.122000 0.130000
1 0.247000 0.191000 0.166000 0.110000
1 0.283000 0.499000 0.106000 0.102000
1 0.052000 0.879000 0.104000 0.138000
1 0.668000 0.729000 0.096000 0.098000
1 0.650000 0.052000 0.144000 0.104000
10 0.323000 0.664000 0.050000 0.032000
1 0.955000 0.433000 0.086000 0.110000
1 0.367000 0.957000 0.130000 0.082000
2 0.146000 0.763000 0.084000 0.038000
1 0.671000 0.242000 0.130000 0.108000
2 0.875000 0.563000 0.074000 0.046000
2 0.195000 0.708000 0.042000 0.084000
2 0.143000 0.649000 0.070000 0.050000
1 0.575000 0.846000 0.070000 0.120000
1 0.785000 0.975000 0.222000 0.046000
1 0.945000 0.057000 0.106000 0.114000
2 0.071000 0.717000 0.038000 0.074000
2 0.809000 0.626000 0.038000 0.060000
1 0.214000 0.028000 0.144000 0.056000
10 0.203000 0.969000 0.022000 0.042000
10 0.482000 0.638000 0.064000 0.044000
