1 0.102000 0.784000 0.204000 0.212000
10 0.073000 0.622500 0.046000 0.037000
10 0.161000 0.643000 0.042000 0.034000
10 0.493000 0.096000 0.030000 0.044000
10 0.213000 0.654000 0.050000 0.036000
10 0.265000 0.665000 0.042000 0.030000
2 0.355110 0.715820 0.062220 0.039640
2 0.406410 0.688060 0.040820 0.056120
10 0.479000 0.684500 0.042000 0.037000
10 0.524000 0.694000 0.048000 0.040000
10 0.576500 0.711500 0.045000 0.027000
10 0.663500 0.726500 0.035000 0.029000
10 0.864000 0.770000 0.048000 0.032000
10 0.913000 0.782000 0.050000 0.032000
10 0.118000 0.635500 0.044000 0.027000
10 0.711500 0.739500 0.051000 0.027000
1 0.576000 0.433000 0.108000 0.118000
1 0.584500 0.253000 0.117000 0.106000
1 0.929000 0.672000 0.102000 0.112000
1 0.054000 0.949500 0.100000 0.099000
1 0.170000 0.342500 0.120000 0.133000
1 0.608000 0.528000 0.116000 0.088000
1 0.836500 0.671500 0.097000 0.123000
1 0.547000 0.830500 0.106000 0.109000
1 0.757000 0.877000 0.118000 0.110000
1 0.794000 0.188000 0.112000 0.120000
1 0.132000 0.494000 0.132000 0.104000
1 0.346000 0.153500 0.120000 0.127000
1 0.323500 0.262500 0.127000 0.133000
1 0.701500 0.670500 0.127000 0.101000
1 0.311000 0.355000 0.126000 0.094000
1 0.431500 0.845000 0.171000 0.142000
1 0.949000 0.974000 0.094000 0.052000
1 0.192500 0.031000 0.073000 0.062000
1 0.276000 0.520000 0.172000 0.104000
1 0.465500 0.589000 0.107000 0.118000
1 0.947000 0.175000 0.070000 0.082000
1 0.409500 0.059000 0.127000 0.114000
1 0.644500 0.848000 0.077000 0.096000
1 0.651500 0.144500 0.175000 0.121000
1 0.804000 0.084500 0.116000 0.109000
2 0.330550 0.663080 0.045100 0.054160
2 0.375940 0.637810 0.051880 0.039620
