1 0.601000 0.857000 0.214000 0.282000
1 0.797000 0.683000 0.134000 0.134000
1 0.330000 0.262000 0.328000 0.224000
1 0.549000 0.631000 0.150000 0.142000
1 0.065000 0.670000 0.114000 0.092000
10 0.483000 0.175000 0.042000 0.026000
10 0.262000 0.890000 0.048000 0.032000
10 0.568000 0.198000 0.056000 0.036000
1 0.297000 0.563000 0.162000 0.178000
1 0.100000 0.250000 0.144000 0.244000
10 0.482000 0.042000 0.028000 0.044000
1 0.175500 0.941000 0.251000 0.114000
10 0.028000 0.809000 0.056000 0.038000
10 0.738000 0.127000 0.032000 0.046000
10 0.580000 0.090000 0.032000 0.044000
10 0.664000 0.107000 0.024000 0.042000
10 0.634000 0.100000 0.028000 0.036000
10 0.632000 0.016000 0.032000 0.032000
1 0.890000 0.079000 0.216000 0.158000
10 0.835000 0.334000 0.050000 0.032000
10 0.217000 0.876000 0.042000 0.032000
1 0.883000 0.477000 0.230000 0.218000
10 0.431000 0.028000 0.026000 0.040000
10 0.463000 0.958000 0.050000 0.036000
10 0.334000 0.128000 0.048000 0.028000
2 0.812000 0.902000 0.096000 0.104000
10 0.383000 0.016000 0.030000 0.032000
1 0.019000 0.560000 0.038000 0.120000
10 0.201000 0.089000 0.046000 0.030000
10 0.354000 0.012000 0.028000 0.024000
10 0.603000 0.010000 0.034000 0.020000
10 0.688000 0.118000 0.028000 0.044000
10 0.168000 0.860000 0.056000 0.036000
10 0.248000 0.104000 0.036000 0.028000
1 0.966000 0.927000 0.064000 0.142000
10 0.788000 0.121000 0.024000 0.042000
5 0.837500 0.769000 0.071000 0.114000
10 0.307000 0.904000 0.042000 0.032000
10 0.346000 0.924000 0.032000 0.028000
2 0.770000 0.276500 0.060000 0.041000
1 0.203500 0.738000 0.143000 0.116000
10 0.716000 0.126500 0.024000 0.037000
1 0.633000 0.382000 0.186000 0.164000
10 0.558500 0.075000 0.033000 0.046000
2 0.723000 0.225500 0.054000 0.063000
1 0.902000 0.273500 0.172000 0.139000
10 0.612000 0.096000 0.032000 0.040000
1 0.338000 0.840500 0.104000 0.105000
