1 0.903000 0.922000 0.190000 0.152000
1 0.415000 0.359000 0.602000 0.390000
10 0.726000 0.504000 0.028000 0.044000
10 0.672000 0.740000 0.032000 0.056000
10 0.724000 0.678000 0.032000 0.052000
2 0.865000 0.231000 0.082000 0.058000
2 0.924000 0.058000 0.092000 0.064000
1 0.796000 0.035000 0.140000 0.070000
2 0.957000 0.172000 0.054000 0.076000
10 0.742000 0.448000 0.024000 0.036000
1 0.290000 0.705000 0.576000 0.346000
2 0.414000 0.987000 0.056000 0.022000
1 0.883000 0.530000 0.230000 0.252000
10 0.599000 0.867000 0.022000 0.042000
