1 0.802000 0.398000 0.108000 0.096000
1 0.503000 0.121000 0.122000 0.142000
1 0.682000 0.204000 0.132000 0.136000
1 0.957000 0.446000 0.082000 0.152000
1 0.809000 0.293000 0.110000 0.130000
10 0.867000 0.173000 0.050000 0.042000
10 0.643000 0.039000 0.046000 0.038000
1 0.961000 0.059000 0.074000 0.118000
1 0.920000 0.329000 0.120000 0.110000
10 0.971000 0.234000 0.038000 0.036000
10 0.788000 0.125000 0.040000 0.034000
10 0.751000 0.104000 0.042000 0.036000
1 0.277000 0.017000 0.106000 0.034000
1 0.985000 0.621000 0.026000 0.154000
1 0.581330 0.178000 0.138660 0.148000
10 0.562000 0.067000 0.032000 0.038000
1 0.795000 0.017000 0.130000 0.034000
10 0.021000 0.059000 0.034000 0.038000
10 0.563000 0.006000 0.038000 0.012000
1 0.428000 0.090000 0.116000 0.132000
