10 0.487000 0.313000 0.050000 0.042000
10 0.194000 0.439000 0.028000 0.046000
10 0.238000 0.184000 0.028000 0.044000
10 0.529000 0.346000 0.042000 0.036000
10 0.448000 0.380000 0.040000 0.040000
1 0.684000 0.199000 0.492000 0.398000
10 0.198000 0.583000 0.020000 0.038000
1 0.046000 0.320000 0.092000 0.352000
1 0.029000 0.651000 0.058000 0.102000
10 0.428000 0.080000 0.044000 0.040000
1 0.037000 0.025000 0.074000 0.050000
1 0.035000 0.111000 0.070000 0.050000
10 0.243000 0.096000 0.022000 0.036000
10 0.135000 0.445000 0.026000 0.054000
10 0.268000 0.017000 0.024000 0.034000
10 0.366000 0.348000 0.016000 0.048000
10 0.487000 0.411000 0.042000 0.038000
