1 0.730000 0.481000 0.536000 0.202000
1 0.308000 0.474000 0.084000 0.124000
10 0.744000 0.029000 0.036000 0.042000
1 0.816000 0.668000 0.300000 0.200000
1 0.843000 0.172000 0.310000 0.292000
1 0.150000 0.336000 0.300000 0.224000
10 0.633000 0.717000 0.026000 0.046000
10 0.196200 0.968110 0.044400 0.032220
10 0.198000 0.932000 0.040000 0.032000
10 0.969000 0.944000 0.034000 0.028000
10 0.264000 0.929000 0.020000 0.038000
10 0.553000 0.022000 0.042000 0.028000
10 0.633000 0.063000 0.038000 0.030000
6 0.766000 0.788000 0.060000 0.032000
10 0.980000 0.913000 0.036000 0.034000
7 0.113510 0.585960 0.219020 0.295920
10 0.210600 0.910350 0.045200 0.032700
