1 0.598000 0.529000 0.312000 0.346000
6 0.396000 0.867000 0.044000 0.062000
1 0.065000 0.777000 0.130000 0.186000
10 0.227000 0.661000 0.038000 0.046000
10 0.654000 0.962000 0.040000 0.048000
10 0.448000 0.369000 0.032000 0.038000
1 0.528000 0.943000 0.220000 0.110000
6 0.171000 0.629000 0.038000 0.050000
10 0.300000 0.703000 0.036000 0.046000
10 0.357000 0.851000 0.030000 0.038000
6 0.894000 0.306000 0.032000 0.068000
10 0.118000 0.524000 0.044000 0.032000
10 0.366000 0.739000 0.044000 0.046000
6 0.172000 0.754000 0.044000 0.056000
5 0.913460 0.440010 0.046920 0.124020
10 0.851000 0.833000 0.038000 0.038000
1 0.018000 0.436000 0.036000 0.112000
1 0.189000 0.924000 0.162000 0.148000
10 0.096000 0.980000 0.036000 0.036000
1 0.172140 0.011980 0.056280 0.023960
1 0.800410 0.601270 0.184820 0.198540
1 0.298240 0.429140 0.272480 0.306280
1 0.431980 0.201790 0.243960 0.255580
1 0.541100 0.076560 0.286200 0.153120
1 0.048580 0.303740 0.097160 0.159480
1 0.048270 0.056910 0.096540 0.113820
2 0.939380 0.761930 0.046760 0.115860
1 0.852000 0.969000 0.092000 0.062000
