6 0.966000 0.905000 0.064000 0.042000
2 0.529000 0.206000 0.050000 0.100000
2 0.134000 0.080000 0.060000 0.096000
6 0.058000 0.569000 0.068000 0.046000
6 0.768000 0.759000 0.064000 0.038000
10 0.466000 0.730000 0.048000 0.036000
6 0.538000 0.723000 0.060000 0.042000
6 0.047000 0.187000 0.042000 0.074000
2 0.848000 0.902000 0.096000 0.148000
6 0.754000 0.830000 0.056000 0.040000
10 0.164000 0.603000 0.044000 0.034000
10 0.026000 0.049000 0.028000 0.050000
10 0.758000 0.872000 0.056000 0.032000
1 0.751000 0.120000 0.478000 0.240000
10 0.325000 0.686000 0.050000 0.032000
10 0.607000 0.738000 0.042000 0.032000
10 0.581000 0.812000 0.042000 0.032000
1 0.322000 0.056000 0.332000 0.112000
6 0.968000 0.308000 0.060000 0.044000
6 0.561000 0.853000 0.050000 0.034000
6 0.941000 0.379000 0.050000 0.038000
2 0.959000 0.786000 0.078000 0.072000
1 0.240000 0.423000 0.476000 0.502000
6 0.687000 0.842000 0.070000 0.036000
2 0.473000 0.120000 0.078000 0.048000
2 0.451000 0.663000 0.086000 0.062000
6 0.701000 0.223000 0.050000 0.034000
6 0.772000 0.270000 0.048000 0.032000
10 0.081000 0.042000 0.022000 0.044000
1 0.767000 0.527000 0.462000 0.482000
10 0.615000 0.788000 0.054000 0.040000
10 0.484000 0.515000 0.024000 0.050000
2 0.905000 0.985000 0.162000 0.026000
10 0.751000 0.239000 0.050000 0.034000
10 0.043000 0.012000 0.030000 0.024000
10 0.237000 0.071000 0.046000 0.030000
6 0.126000 0.009000 0.036000 0.018000
1 0.188000 0.774000 0.372000 0.180000
10 0.839000 0.781000 0.062000 0.038000
1 0.045000 0.968000 0.090000 0.060000
1 0.495000 0.982000 0.630000 0.032000
