1 0.444000 0.433000 0.136000 0.158000
1 0.321000 0.587000 0.282000 0.278000
1 0.712000 0.298000 0.276000 0.152000
10 0.502000 0.198000 0.040000 0.036000
10 0.518000 0.863000 0.052000 0.042000
10 0.217000 0.357000 0.042000 0.042000
6 0.126000 0.424000 0.052000 0.048000
2 0.654000 0.813000 0.052000 0.074000
10 0.371000 0.797000 0.042000 0.042000
6 0.962000 0.468000 0.048000 0.048000
10 0.731000 0.179000 0.038000 0.030000
6 0.610000 0.914000 0.036000 0.060000
10 0.693000 0.154000 0.046000 0.036000
10 0.236000 0.414000 0.052000 0.044000
10 0.617000 0.123000 0.042000 0.038000
10 0.465000 0.261000 0.046000 0.042000
1 0.054000 0.710000 0.108000 0.116000
10 0.178500 0.469880 0.045000 0.043760
10 0.173000 0.432000 0.046000 0.040000
10 0.252000 0.883000 0.040000 0.038000
6 0.148000 0.957000 0.052000 0.046000
10 0.419000 0.765000 0.050000 0.042000
10 0.726000 0.844000 0.056000 0.032000
10 0.450000 0.984000 0.052000 0.028000
6 0.786000 0.571000 0.064000 0.050000
8 0.814250 0.685750 0.284500 0.275500
6 0.293000 0.345000 0.074000 0.058000
1 0.536000 0.532000 0.120000 0.100000
6 0.559000 0.160000 0.066000 0.052000
6 0.103000 0.984000 0.050000 0.028000
6 0.610000 0.975000 0.036000 0.046000
6 0.663000 0.984000 0.042000 0.028000
5 0.047340 0.524280 0.094680 0.080560
6 0.014000 0.510000 0.028000 0.044000
5 0.770000 0.039000 0.144000 0.078000
6 0.561000 0.954000 0.034000 0.060000
1 0.873000 0.123000 0.250000 0.246000
10 0.582000 0.897000 0.036000 0.054000
6 0.085000 0.527000 0.058000 0.046000
6 0.634130 0.930750 0.036260 0.057500
