10 0.181780 0.148420 0.035560 0.036840
10 0.314000 0.483000 0.032000 0.034000
10 0.411750 0.386720 0.043500 0.045440
10 0.232020 0.734610 0.044040 0.045220
10 0.246820 0.562710 0.033640 0.037420
1 0.816000 0.071000 0.144000 0.142000
1 0.913000 0.691000 0.142000 0.142000
1 0.648000 0.441000 0.176000 0.146000
1 0.774000 0.537000 0.124000 0.126000
10 0.202000 0.787000 0.044000 0.046000
10 0.278000 0.520000 0.040000 0.040000
10 0.356000 0.965000 0.044000 0.050000
10 0.452000 0.256000 0.040000 0.040000
2 0.514000 0.224000 0.064000 0.064000
2 0.504000 0.152000 0.056000 0.068000
10 0.119000 0.215000 0.030000 0.030000
1 0.964000 0.325000 0.068000 0.158000
1 0.176000 0.433000 0.188000 0.226000
10 0.074000 0.262000 0.036000 0.044000
10 0.211000 0.599000 0.034000 0.042000
1 0.846000 0.210000 0.112000 0.124000
10 0.233000 0.006000 0.038000 0.012000
1 0.383000 0.222000 0.186000 0.236000
