1 0.087000 0.274000 0.174000 0.160000
1 0.304000 0.502000 0.128000 0.088000
1 0.434000 0.876000 0.140000 0.116000
1 0.310000 0.607000 0.128000 0.098000
1 0.332000 0.707000 0.144000 0.110000
1 0.311000 0.398000 0.130000 0.100000
1 0.599000 0.282000 0.106000 0.104000
1 0.569000 0.473000 0.130000 0.090000
1 0.587000 0.655000 0.130000 0.098000
1 0.455000 0.109000 0.190000 0.194000
1 0.326000 0.303000 0.116000 0.094000
1 0.046000 0.742000 0.092000 0.096000
1 0.576000 0.562000 0.144000 0.088000
1 0.647000 0.781000 0.138000 0.130000
1 0.707000 0.096000 0.130000 0.124000
1 0.041000 0.654000 0.082000 0.096000
1 0.192000 0.959000 0.128000 0.078000
10 0.383000 0.816000 0.042000 0.032000
1 0.776000 0.923000 0.120000 0.134000
1 0.901000 0.041000 0.130000 0.082000
6 0.238000 0.209000 0.060000 0.042000
10 0.435000 0.596000 0.026000 0.048000
10 0.635000 0.847000 0.042000 0.038000
10 0.580000 0.759000 0.052000 0.038000
10 0.166000 0.783000 0.028000 0.042000
1 0.041000 0.025000 0.082000 0.050000
10 0.431000 0.533000 0.026000 0.050000
10 0.295000 0.231000 0.038000 0.030000
10 0.428000 0.442000 0.020000 0.044000
1 0.115000 0.052000 0.094000 0.104000
1 0.948000 0.973000 0.100000 0.050000
10 0.793000 0.980000 0.034000 0.036000
1 0.236000 0.087000 0.100000 0.106000
10 0.534000 0.116000 0.032000 0.040000
10 0.419000 0.664000 0.038000 0.024000
1 0.575000 0.985000 0.142000 0.026000
10 0.513000 0.153000 0.026000 0.034000
1 0.010000 0.508000 0.020000 0.184000
