1 0.488000 0.869000 0.348000 0.258000
1 0.730000 0.728000 0.120000 0.108000
1 0.461000 0.597000 0.186000 0.130000
1 0.133000 0.687000 0.198000 0.106000
1 0.482000 0.447000 0.108000 0.090000
1 0.202000 0.380000 0.372000 0.164000
1 0.616000 0.564000 0.116000 0.112000
1 0.069000 0.559000 0.134000 0.158000
1 0.846000 0.466000 0.104000 0.104000
10 0.685000 0.630000 0.046000 0.032000
1 0.344000 0.144000 0.176000 0.088000
1 0.312000 0.513000 0.124000 0.110000
10 0.199000 0.728000 0.050000 0.032000
2 0.062000 0.772000 0.040000 0.064000
10 0.638000 0.640000 0.044000 0.032000
1 0.961000 0.302000 0.074000 0.116000
10 0.309000 0.705000 0.042000 0.022000
1 0.964000 0.587000 0.068000 0.174000
10 0.056000 0.932000 0.028000 0.044000
10 0.105000 0.746000 0.046000 0.032000
10 0.047000 0.881000 0.026000 0.050000
1 0.169000 0.059000 0.110000 0.118000
1 0.638000 0.114000 0.212000 0.220000
10 0.587000 0.647000 0.046000 0.030000
1 0.149000 0.957000 0.118000 0.082000
6 0.614000 0.726000 0.036000 0.056000
1 0.054000 0.143000 0.108000 0.274000
1 0.846000 0.931000 0.304000 0.134000
1 0.952000 0.176000 0.092000 0.108000
10 0.529000 0.753000 0.022000 0.038000
10 0.236000 0.014000 0.044000 0.028000
2 0.016000 0.697000 0.032000 0.046000
1 0.735000 0.560000 0.138000 0.112000
10 0.149000 0.738000 0.042000 0.032000
10 0.071000 0.975000 0.030000 0.046000
