1 0.906000 0.770000 0.184000 0.164000
1 0.794000 0.180000 0.384000 0.360000
10 0.194000 0.650000 0.044000 0.060000
2 0.147000 0.743000 0.066000 0.078000
2 0.477000 0.948000 0.110000 0.064000
10 0.494000 0.982000 0.036000 0.032000
2 0.617000 0.966000 0.062000 0.064000
1 0.027000 0.445000 0.054000 0.110000
1 0.931000 0.950000 0.134000 0.096000
1 0.050140 0.082000 0.100280 0.136000
1 0.094000 0.548000 0.112000 0.172000
1 0.039000 0.984000 0.078000 0.028000
1 0.565230 0.641540 0.358460 0.363080
1 0.211140 0.314000 0.154280 0.160000
