1 0.725000 0.351000 0.130000 0.134000
1 0.226000 0.285000 0.344000 0.238000
1 0.216000 0.087000 0.428000 0.174000
1 0.573000 0.085000 0.138000 0.130000
1 0.791000 0.832000 0.250000 0.332000
1 0.525000 0.300000 0.154000 0.320000
10 0.676000 0.168000 0.032000 0.052000
1 0.466000 0.061000 0.084000 0.122000
10 0.597000 0.788000 0.046000 0.032000
10 0.563000 0.916000 0.038000 0.036000
10 0.674250 0.868000 0.032500 0.040000
10 0.685000 0.841000 0.038000 0.038000
1 0.891000 0.113000 0.190000 0.150000
1 0.252000 0.733000 0.504000 0.530000
10 0.094000 0.109000 0.048000 0.034000
10 0.636000 0.976000 0.040000 0.036000
10 0.676000 0.062000 0.028000 0.060000
10 0.948000 0.902000 0.028000 0.048000
10 0.729000 0.014000 0.014000 0.028000
10 0.571000 0.867000 0.042000 0.030000
1 0.867000 0.314000 0.170000 0.088000
10 0.389000 0.506000 0.030000 0.040000
10 0.006000 0.083000 0.012000 0.026000
10 0.039000 0.098000 0.050000 0.032000
1 0.971000 0.219000 0.054000 0.078000
10 0.989000 0.992000 0.018000 0.012000
10 0.918000 0.885000 0.024000 0.042000
10 0.194880 0.137500 0.053760 0.035000
