2 0.313000 0.120000 0.134000 0.084000
1 0.883000 0.532000 0.150000 0.316000
10 0.104000 0.434000 0.036000 0.052000
10 0.870000 0.327000 0.036000 0.054000
2 0.975000 0.213000 0.046000 0.054000
10 0.781310 0.599050 0.042620 0.034100
10 0.785000 0.566000 0.046000 0.040000
10 0.694000 0.718000 0.036000 0.032000
10 0.132000 0.385000 0.036000 0.054000
10 0.813920 0.530270 0.043840 0.036540
10 0.821000 0.504000 0.042000 0.036000
1 0.101000 0.279000 0.202000 0.278000
10 0.729000 0.682000 0.042000 0.040000
2 0.985000 0.948000 0.026000 0.056000
10 0.759000 0.643000 0.046000 0.046000
6 0.258180 0.766880 0.052360 0.065760
10 0.775490 0.623050 0.038980 0.034100
