10 0.671000 0.728000 0.046000 0.024000
10 0.642000 0.766000 0.036000 0.032000
1 0.968000 0.874000 0.060000 0.196000
1 0.961000 0.041000 0.074000 0.082000
6 0.051000 0.744000 0.054000 0.028000
1 0.039000 0.019000 0.078000 0.038000
1 0.770000 0.868000 0.348000 0.172000
1 0.479160 0.052000 0.418320 0.104000
1 0.108000 0.925000 0.216000 0.146000
5 0.940820 0.753410 0.105640 0.034820
5 0.887420 0.719610 0.094840 0.031220
5 0.573210 0.783220 0.050420 0.110440
5 0.190020 0.742010 0.132040 0.036020
6 0.652020 0.277010 0.108040 0.030020
6 0.798010 0.756010 0.060020 0.036020
1 0.447250 0.917650 0.314500 0.163300
