1 0.118000 0.681000 0.236000 0.430000
1 0.373000 0.081000 0.202000 0.162000
2 0.231000 0.396000 0.078000 0.052000
1 0.460000 0.535000 0.336000 0.418000
2 0.292000 0.772000 0.108000 0.064000
1 0.096000 0.136000 0.192000 0.144000
10 0.169000 0.396000 0.054000 0.044000
1 0.837000 0.050000 0.314000 0.100000
6 0.236000 0.596000 0.036000 0.056000
6 0.231000 0.531000 0.030000 0.054000
2 0.675000 0.628000 0.082000 0.056000
10 0.206000 0.437000 0.036000 0.038000
10 0.656000 0.578000 0.028000 0.056000
2 0.518000 0.031000 0.072000 0.050000
10 0.226000 0.473000 0.024000 0.046000
10 0.649000 0.424000 0.022000 0.048000
1 0.822000 0.352000 0.352000 0.460000
10 0.668000 0.497000 0.024000 0.022000
