1 0.543000 0.931000 0.142000 0.134000
1 0.090000 0.157000 0.180000 0.262000
1 0.666000 0.615000 0.112000 0.130000
1 0.415000 0.926000 0.114000 0.120000
1 0.272000 0.907000 0.156000 0.130000
1 0.451000 0.259000 0.106000 0.114000
10 0.227000 0.344000 0.034000 0.048000
1 0.914000 0.269000 0.080000 0.094000
1 0.787000 0.516000 0.102000 0.132000
1 0.175000 0.710000 0.098000 0.096000
10 0.037000 0.819000 0.038000 0.046000
10 0.151000 0.486000 0.030000 0.044000
10 0.240000 0.439000 0.032000 0.046000
10 0.322000 0.291000 0.036000 0.046000
10 0.175000 0.447000 0.034000 0.050000
10 0.396000 0.048000 0.036000 0.040000
6 0.077000 0.629000 0.038000 0.054000
10 0.172000 0.577000 0.032000 0.046000
10 0.194000 0.531000 0.032000 0.046000
10 0.821000 0.656000 0.022000 0.036000
10 0.467000 0.039000 0.038000 0.042000
10 0.249000 0.302000 0.038000 0.044000
6 0.110000 0.578000 0.040000 0.052000
1 0.708000 0.063000 0.120000 0.118000
10 0.425000 0.100000 0.038000 0.044000
10 0.423000 0.014000 0.038000 0.028000
1 0.295000 0.041000 0.102000 0.082000
10 0.306000 0.208000 0.040000 0.056000
1 0.562000 0.751000 0.188000 0.162000
1 0.014000 0.670000 0.028000 0.120000
1 0.948000 0.089000 0.100000 0.178000
1 0.740000 0.212000 0.112000 0.096000
1 0.369000 0.496000 0.118000 0.136000
1 0.924000 0.846000 0.148000 0.304000
