1 0.455000 0.362000 0.562000 0.568000
10 0.765000 0.273000 0.050000 0.054000
10 0.193000 0.239000 0.042000 0.046000
10 0.306000 0.080000 0.040000 0.048000
1 0.316000 0.737000 0.244000 0.218000
10 0.051000 0.423000 0.046000 0.042000
10 0.930000 0.839000 0.036000 0.034000
10 0.149000 0.580000 0.030000 0.032000
10 0.134000 0.317000 0.032000 0.038000
1 0.045000 0.052000 0.090000 0.104000
1 0.536000 0.037000 0.176000 0.074000
10 0.600000 0.516000 0.028000 0.024000
10 0.066000 0.527000 0.032000 0.054000
10 0.907000 0.094000 0.038000 0.048000
10 0.768000 0.151000 0.028000 0.046000
1 0.848000 0.591000 0.292000 0.250000
10 0.644000 0.460000 0.024000 0.028000
6 0.886000 0.897000 0.052000 0.066000
1 0.910000 0.329000 0.176000 0.246000
1 0.243660 0.081000 0.171320 0.162000
1 0.968000 0.959000 0.060000 0.078000
