1 0.169000 0.384000 0.138000 0.136000
1 0.924000 0.282000 0.148000 0.236000
2 0.518000 0.468000 0.100000 0.064000
10 0.837000 0.492000 0.046000 0.032000
2 0.411000 0.490000 0.074000 0.056000
2 0.547000 0.691000 0.146000 0.062000
6 0.698000 0.179000 0.028000 0.058000
6 0.334000 0.241000 0.028000 0.062000
2 0.703000 0.446000 0.094000 0.060000
10 0.369000 0.379000 0.030000 0.050000
10 0.476000 0.388000 0.032000 0.056000
1 0.324000 0.401000 0.108000 0.250000
10 0.355000 0.324000 0.026000 0.048000
1 0.063000 0.215000 0.126000 0.222000
2 0.790000 0.518000 0.056000 0.084000
1 0.342000 0.929000 0.172000 0.138000
6 0.016000 0.604000 0.032000 0.032000
6 0.512000 0.390000 0.032000 0.060000
1 0.136000 0.008000 0.144000 0.016000
1 0.063000 0.985000 0.126000 0.026000
10 0.466000 0.323000 0.020000 0.042000
1 0.145000 0.857000 0.218000 0.282000
1 0.397890 0.773890 0.155780 0.139780
