1 0.835000 0.698000 0.106000 0.120000
1 0.451000 0.862000 0.098000 0.124000
1 0.493000 0.462000 0.122000 0.120000
1 0.370000 0.185000 0.092000 0.090000
1 0.037000 0.878000 0.074000 0.148000
1 0.307000 0.445000 0.106000 0.146000
1 0.813000 0.115000 0.102000 0.066000
1 0.597000 0.126000 0.102000 0.072000
1 0.552000 0.277000 0.096000 0.078000
1 0.897000 0.439000 0.094000 0.074000
1 0.204000 0.946000 0.092000 0.080000
2 0.027000 0.752000 0.046000 0.088000
6 0.194000 0.709000 0.060000 0.042000
10 0.475000 0.157000 0.026000 0.046000
1 0.276000 0.816000 0.148000 0.108000
1 0.463000 0.576000 0.118000 0.116000
10 0.901000 0.071000 0.038000 0.030000
5 0.269000 0.684000 0.094000 0.056000
10 0.633000 0.036000 0.046000 0.032000
1 0.890000 0.498000 0.108000 0.048000
10 0.402000 0.485000 0.028000 0.046000
1 0.163000 0.402000 0.186000 0.232000
1 0.071000 0.069000 0.066000 0.070000
2 0.116000 0.723000 0.040000 0.098000
1 0.562000 0.366000 0.124000 0.076000
10 0.425000 0.389000 0.018000 0.034000
1 0.943000 0.982000 0.110000 0.032000
10 0.969000 0.080000 0.050000 0.032000
10 0.729000 0.007000 0.042000 0.014000
10 0.684000 0.043000 0.048000 0.030000
2 0.081000 0.795000 0.066000 0.038000
1 0.772000 0.323000 0.196000 0.142000
10 0.904000 0.023000 0.040000 0.022000
2 0.066000 0.675000 0.060000 0.046000
1 0.473000 0.754000 0.134000 0.084000
10 0.726000 0.052000 0.036000 0.024000
1 0.020000 0.642000 0.040000 0.156000
1 0.765000 0.807000 0.070000 0.090000
10 0.813000 0.010000 0.046000 0.020000
1 0.911000 0.564000 0.074000 0.084000
10 0.863000 0.014000 0.042000 0.028000
1 0.819000 0.569000 0.130000 0.102000
1 0.404000 0.028000 0.088000 0.056000
10 0.994000 0.036000 0.008000 0.032000
10 0.450000 0.256000 0.028000 0.040000
1 0.354000 0.308000 0.076000 0.076000
1 0.010000 0.428000 0.020000 0.216000
