1 0.159000 0.797000 0.154000 0.402000
1 0.867000 0.603000 0.262000 0.134000
1 0.438000 0.543000 0.152000 0.274000
10 0.813000 0.719000 0.046000 0.034000
10 0.104000 0.297000 0.036000 0.030000
10 0.864000 0.724000 0.056000 0.032000
10 0.916000 0.730000 0.048000 0.028000
10 0.135000 0.261000 0.046000 0.046000
1 0.432000 0.056000 0.680000 0.112000
10 0.777000 0.351000 0.038000 0.046000
10 0.603000 0.599000 0.042000 0.050000
10 0.682000 0.164000 0.040000 0.028000
1 0.700000 0.925000 0.320000 0.146000
10 0.666000 0.518000 0.036000 0.044000
10 0.751000 0.397000 0.034000 0.046000
10 0.628000 0.165000 0.056000 0.030000
10 0.663000 0.777000 0.034000 0.046000
10 0.784000 0.452000 0.032000 0.040000
10 0.580000 0.643000 0.032000 0.038000
10 0.024000 0.463000 0.044000 0.026000
10 0.577000 0.173000 0.046000 0.030000
10 0.529000 0.177000 0.042000 0.022000
