1 0.148000 0.677000 0.148000 0.142000
1 0.851000 0.364000 0.138000 0.156000
1 0.566000 0.327000 0.124000 0.134000
1 0.730000 0.558000 0.092000 0.124000
1 0.652000 0.717000 0.084000 0.110000
1 0.176000 0.442000 0.128000 0.116000
6 0.292000 0.268000 0.072000 0.036000
10 0.641000 0.201000 0.042000 0.030000
1 0.389000 0.847000 0.146000 0.138000
10 0.501000 0.158000 0.050000 0.032000
10 0.859000 0.185000 0.046000 0.042000
1 0.389000 0.678000 0.206000 0.144000
10 0.327000 0.186000 0.042000 0.028000
10 0.376000 0.176000 0.052000 0.024000
10 0.288000 0.228000 0.052000 0.036000
10 0.091000 0.328000 0.042000 0.032000
1 0.904000 0.961000 0.116000 0.074000
10 0.453000 0.233000 0.042000 0.034000
10 0.446000 0.165000 0.044000 0.030000
10 0.281000 0.194000 0.046000 0.028000
1 0.920000 0.489000 0.156000 0.142000
10 0.991000 0.295000 0.014000 0.042000
10 0.499000 0.190000 0.046000 0.036000
1 0.310000 0.090000 0.620000 0.180000
1 0.980000 0.853000 0.036000 0.126000
1 0.880000 0.730000 0.208000 0.240000
10 0.033000 0.345000 0.062000 0.038000
1 0.678000 0.865000 0.116000 0.122000
10 0.241000 0.203000 0.038000 0.030000
1 0.272360 0.364280 0.116720 0.104560
1 0.759150 0.293750 0.114300 0.115500
