1 0.125000 0.747000 0.138000 0.154000
1 0.256000 0.613000 0.212000 0.162000
10 0.057000 0.239000 0.042000 0.034000
10 0.032000 0.753000 0.036000 0.046000
10 0.085000 0.665000 0.030000 0.038000
10 0.161000 0.473000 0.038000 0.042000
10 0.137000 0.413000 0.038000 0.046000
10 0.096000 0.262000 0.044000 0.036000
10 0.100000 0.569000 0.036000 0.046000
10 0.138000 0.274000 0.040000 0.032000
10 0.069000 0.516000 0.042000 0.032000
1 0.896000 0.476000 0.204000 0.176000
10 0.052000 0.712000 0.032000 0.036000
10 0.044000 0.550000 0.040000 0.036000
1 0.342000 0.825000 0.500000 0.346000
2 0.957000 0.680000 0.082000 0.084000
10 0.008000 0.634000 0.016000 0.036000
10 0.009000 0.365000 0.018000 0.038000
1 0.025000 0.489000 0.050000 0.226000
10 0.006000 0.811000 0.012000 0.034000
10 0.017000 0.584000 0.034000 0.032000
