1 0.081000 0.143000 0.138000 0.146000
1 0.797000 0.540000 0.402000 0.380000
1 0.179000 0.489000 0.102000 0.122000
1 0.297000 0.467000 0.118000 0.130000
1 0.242000 0.796000 0.124000 0.092000
1 0.122000 0.380000 0.088000 0.104000
1 0.411000 0.081000 0.134000 0.082000
1 0.504000 0.759000 0.148000 0.074000
10 0.821000 0.813000 0.050000 0.038000
1 0.473000 0.267000 0.110000 0.146000
10 0.767000 0.826000 0.046000 0.032000
10 0.040000 0.749000 0.028000 0.046000
10 0.719000 0.835000 0.050000 0.034000
10 0.298000 0.941000 0.044000 0.034000
10 0.761000 0.866000 0.042000 0.032000
10 0.862000 0.837000 0.052000 0.038000
10 0.495000 0.898000 0.038000 0.028000
1 0.232000 0.248000 0.116000 0.136000
1 0.150000 0.030000 0.192000 0.060000
10 0.985000 0.772000 0.026000 0.036000
1 0.524000 0.955000 0.124000 0.086000
10 0.624000 0.922000 0.048000 0.032000
6 0.869000 0.865000 0.066000 0.038000
6 0.603000 0.672000 0.034000 0.060000
10 0.633000 0.974000 0.046000 0.024000
1 0.340000 0.692000 0.076000 0.088000
10 0.729000 0.948000 0.042000 0.028000
1 0.389000 0.987000 0.118000 0.022000
10 0.775000 0.939000 0.050000 0.030000
10 0.113000 0.628000 0.046000 0.028000
10 0.980000 0.813000 0.036000 0.038000
2 0.872000 0.788000 0.032000 0.060000
10 0.714000 0.876000 0.052000 0.032000
