1 0.136000 0.673000 0.132000 0.126000
1 0.115000 0.170000 0.230000 0.268000
1 0.913000 0.182000 0.170000 0.288000
1 0.455000 0.923000 0.098000 0.098000
1 0.763000 0.931000 0.230000 0.134000
1 0.809000 0.593000 0.270000 0.478000
1 0.568000 0.479000 0.212000 0.326000
1 0.345000 0.842000 0.086000 0.092000
10 0.055000 0.735000 0.046000 0.038000
1 0.555000 0.962000 0.110000 0.072000
1 0.668000 0.169000 0.200000 0.246000
10 0.256000 0.909000 0.036000 0.034000
1 0.233000 0.947000 0.166000 0.102000
1 0.267000 0.717000 0.130000 0.102000
10 0.209000 0.883000 0.046000 0.046000
1 0.014000 0.603000 0.028000 0.086000
1 0.096000 0.478000 0.108000 0.116000
1 0.045000 0.980000 0.090000 0.036000
2 0.844000 0.021000 0.040000 0.042000
6 0.351000 0.975000 0.050000 0.046000
1 0.375830 0.259000 0.259660 0.446000
1 0.950000 0.856000 0.100000 0.288000
1 0.008000 0.464000 0.016000 0.116000
1 0.468930 0.754520 0.217860 0.205040
1 0.221240 0.569940 0.202480 0.167880
