1 0.342000 0.795000 0.112000 0.130000
1 0.247000 0.807000 0.090000 0.106000
1 0.557000 0.738000 0.078000 0.116000
1 0.720000 0.728000 0.088000 0.116000
1 0.781000 0.950000 0.110000 0.096000
1 0.137000 0.847000 0.102000 0.102000
10 0.967000 0.143000 0.046000 0.030000
10 0.655000 0.900000 0.042000 0.024000
10 0.955000 0.097000 0.042000 0.030000
10 0.816000 0.216000 0.040000 0.028000
10 0.297000 0.884000 0.046000 0.028000
10 0.907000 0.104000 0.046000 0.028000
10 0.253000 0.888000 0.046000 0.028000
10 0.719000 0.836000 0.050000 0.028000
10 0.495000 0.920000 0.054000 0.028000
10 0.805000 0.121000 0.046000 0.030000
1 0.966000 0.947000 0.064000 0.102000
10 0.405000 0.878000 0.050000 0.028000
10 0.503000 0.862000 0.046000 0.032000
10 0.109000 0.960000 0.038000 0.032000
10 0.559000 0.916000 0.038000 0.020000
1 0.379000 0.198000 0.758000 0.196000
10 0.978000 0.810000 0.040000 0.028000
10 0.078000 0.910000 0.044000 0.028000
1 0.377000 0.973000 0.102000 0.050000
10 0.937000 0.814000 0.042000 0.028000
1 0.493000 0.976000 0.102000 0.044000
10 0.351000 0.934000 0.046000 0.028000
1 0.242000 0.978000 0.172000 0.040000
1 0.052520 0.851460 0.077040 0.106920
1 0.048000 0.779000 0.084000 0.058000
1 0.966000 0.715000 0.064000 0.106000
10 0.126000 0.904000 0.044000 0.024000
10 0.396000 0.930000 0.044000 0.028000
10 0.457000 0.866000 0.042000 0.032000
1 0.597000 0.984000 0.130000 0.028000
10 0.973000 0.223000 0.042000 0.030000
10 0.056000 0.969000 0.044000 0.022000
10 0.991000 0.858000 0.014000 0.024000
1 0.010000 0.419000 0.020000 0.142000
1 0.096000 0.991000 0.124000 0.014000
1 0.643280 0.745950 0.094560 0.091900
10 0.801090 0.092810 0.042180 0.029620
10 0.913590 0.132940 0.043180 0.025880
10 0.959520 0.125050 0.043040 0.022100
10 0.904960 0.078440 0.041920 0.028880
10 0.787000 0.070780 0.038000 0.025560
10 0.253360 0.951490 0.046720 0.022980
10 0.435470 0.933680 0.022940 0.027360
