1 0.405000 0.534000 0.142000 0.116000
1 0.264000 0.389000 0.124000 0.158000
1 0.600000 0.638000 0.176000 0.120000
1 0.243000 0.874000 0.094000 0.100000
1 0.101000 0.146000 0.098000 0.100000
1 0.227000 0.114000 0.170000 0.116000
1 0.437000 0.938000 0.126000 0.120000
1 0.955000 0.281000 0.086000 0.150000
1 0.413000 0.111000 0.190000 0.110000
1 0.233000 0.570000 0.134000 0.124000
1 0.654000 0.170000 0.108000 0.148000
1 0.135000 0.434000 0.190000 0.276000
1 0.948000 0.961000 0.092000 0.074000
1 0.805000 0.166000 0.102000 0.124000
1 0.812000 0.784000 0.080000 0.144000
1 0.924000 0.124000 0.148000 0.140000
10 0.897000 0.837000 0.038000 0.046000
1 0.259000 0.959000 0.086000 0.078000
1 0.684000 0.528000 0.120000 0.120000
1 0.380000 0.684000 0.104000 0.156000
10 0.183000 0.709000 0.034000 0.050000
1 0.874000 0.501000 0.128000 0.106000
10 0.962000 0.652000 0.028000 0.048000
1 0.710000 0.925000 0.088000 0.094000
6 0.180000 0.772000 0.032000 0.056000
10 0.858000 0.946000 0.024000 0.040000
10 0.018000 0.672000 0.036000 0.024000
1 0.980000 0.821000 0.036000 0.090000
10 0.976000 0.605000 0.028000 0.046000
10 0.987000 0.557000 0.022000 0.042000
1 0.463000 0.277000 0.118000 0.194000
10 0.122000 0.664000 0.044000 0.032000
10 0.842000 0.982000 0.028000 0.032000
6 0.595000 0.494000 0.042000 0.064000
10 0.842000 0.007000 0.036000 0.014000
1 0.075000 0.821000 0.134000 0.254000
1 0.303330 0.752490 0.114660 0.108980
1 0.514970 0.559400 0.097940 0.130800
1 0.593700 0.120400 0.095400 0.128800
