2 0.160000 0.742000 0.128000 0.088000
1 0.940000 0.396000 0.116000 0.164000
1 0.339750 0.437000 0.191500 0.150000
10 0.420000 0.504000 0.044000 0.036000
2 0.235000 0.627000 0.066000 0.106000
10 0.901000 0.282000 0.046000 0.032000
10 0.094000 0.601000 0.040000 0.054000
10 0.673000 0.417000 0.042000 0.030000
10 0.372000 0.524000 0.036000 0.032000
6 0.733000 0.355000 0.050000 0.038000
10 0.941000 0.315000 0.042000 0.030000
1 0.736300 0.217800 0.256600 0.231600
10 0.860000 0.300000 0.036000 0.028000
1 0.844430 0.437620 0.148860 0.151240
10 0.781000 0.339000 0.038000 0.030000
6 0.624000 0.410000 0.064000 0.044000
1 0.090000 0.896000 0.180000 0.204000
1 0.679000 0.519000 0.250000 0.182000
2 0.115000 0.587000 0.082000 0.082000
1 0.913300 0.129980 0.170600 0.255960
2 0.987000 0.244000 0.022000 0.056000
1 0.123000 0.050000 0.246000 0.100000
2 0.024000 0.724000 0.048000 0.108000
1 0.106130 0.306770 0.180260 0.217540
6 0.119270 0.155300 0.070540 0.062600
2 0.044000 0.620000 0.084000 0.092000
1 0.929000 0.961000 0.138000 0.074000
1 0.737000 0.915000 0.302000 0.166000
10 0.104000 0.700000 0.036000 0.052000
1 0.499070 0.592470 0.146140 0.132940
1 0.362450 0.761820 0.236900 0.351640
1 0.627910 0.747540 0.195820 0.267080
1 0.333720 0.130160 0.159440 0.144320
1 0.213850 0.182560 0.135700 0.113120
1 0.450800 0.089760 0.165600 0.179520
1 0.201580 0.456410 0.163160 0.168820
1 0.553910 0.275900 0.195820 0.203800
1 0.468650 0.313830 0.169300 0.267660
