1 0.913000 0.597000 0.098000 0.102000
1 0.779000 0.714000 0.098000 0.116000
1 0.895000 0.756000 0.118000 0.136000
10 0.883000 0.419000 0.046000 0.038000
10 0.888000 0.842000 0.036000 0.036000
1 0.303370 0.132000 0.574740 0.260000
10 0.485000 0.280000 0.046000 0.036000
10 0.417000 0.863000 0.038000 0.042000
10 0.969000 0.794000 0.034000 0.032000
10 0.384000 0.890000 0.040000 0.040000
10 0.677000 0.224000 0.042000 0.044000
1 0.831000 0.961000 0.218000 0.074000
10 0.816000 0.607000 0.040000 0.042000
10 0.739000 0.384000 0.046000 0.032000
10 0.477000 0.946000 0.034000 0.040000
10 0.701000 0.698000 0.042000 0.036000
10 0.856000 0.140000 0.036000 0.036000
2 0.652000 0.292000 0.112000 0.048000
1 0.188910 0.844050 0.365820 0.300100
10 0.264000 0.980000 0.040000 0.036000
10 0.791000 0.397000 0.038000 0.034000
2 0.918000 0.506000 0.068000 0.080000
1 0.797980 0.822710 0.151960 0.137420
10 0.846000 0.867000 0.036000 0.034000
10 0.307000 0.950000 0.046000 0.040000
1 0.817070 0.253170 0.202140 0.146340
10 0.807000 0.197000 0.034000 0.034000
10 0.431000 0.984000 0.038000 0.028000
1 0.601000 0.862000 0.138000 0.152000
10 0.837000 0.405000 0.046000 0.030000
10 0.438000 0.270000 0.048000 0.032000
10 0.013000 0.237000 0.026000 0.030000
10 0.104000 0.257000 0.044000 0.026000
1 0.578000 0.497000 0.128000 0.170000
1 0.959000 0.006000 0.078000 0.012000
1 0.969580 0.679890 0.059160 0.171780
1 0.378850 0.687070 0.225700 0.202140
1 0.090130 0.377650 0.156260 0.151300
1 0.172760 0.385720 0.121520 0.131440
1 0.252140 0.399580 0.120280 0.135160
1 0.313440 0.422890 0.138880 0.153780
1 0.382900 0.430060 0.117800 0.140120
1 0.449180 0.448340 0.110360 0.132680
1 0.510950 0.609990 0.169900 0.159980
1 0.508140 0.460820 0.120280 0.137640
1 0.645870 0.112650 0.251740 0.213300
