1 0.553510 0.548570 0.783020 0.761140
6 0.825000 0.654000 0.042000 0.068000
10 0.701000 0.179000 0.042000 0.034000
10 0.787000 0.862000 0.046000 0.032000
10 0.730000 0.132000 0.036000 0.036000
5 0.937000 0.860000 0.126000 0.136000
10 0.890000 0.779000 0.052000 0.042000
10 0.777000 0.098000 0.038000 0.032000
10 0.721000 0.904000 0.046000 0.040000
10 0.795000 0.665000 0.026000 0.046000
1 0.851000 0.929000 0.138000 0.130000
1 0.843000 0.276000 0.310000 0.548000
10 0.655000 0.952000 0.042000 0.036000
10 0.980000 0.973000 0.036000 0.050000
1 0.043000 0.885000 0.086000 0.226000
10 0.768000 0.684000 0.028000 0.036000
5 0.853690 0.049080 0.075380 0.066160
10 0.637530 0.837180 0.027060 0.042360
10 0.660590 0.813760 0.021180 0.043520
10 0.682590 0.793290 0.021180 0.050580
