1 0.482000 0.863000 0.128000 0.134000
1 0.828000 0.526000 0.168000 0.176000
1 0.872000 0.911000 0.116000 0.130000
10 0.607000 0.907000 0.042000 0.046000
1 0.350000 0.943000 0.184000 0.110000
10 0.911000 0.641000 0.046000 0.050000
10 0.681000 0.839000 0.042000 0.042000
10 0.807000 0.731000 0.042000 0.046000
10 0.946000 0.610000 0.040000 0.036000
10 0.317000 0.093000 0.026000 0.038000
10 0.543000 0.959000 0.042000 0.042000
1 0.099000 0.312000 0.198000 0.408000
1 0.931000 0.445000 0.138000 0.150000
1 0.971000 0.386000 0.054000 0.124000
2 0.698000 0.928000 0.076000 0.088000
10 0.271000 0.075000 0.034000 0.042000
2 0.738000 0.823000 0.068000 0.066000
1 0.460000 0.094000 0.264000 0.188000
10 0.292000 0.013000 0.048000 0.026000
10 0.971000 0.823000 0.038000 0.038000
1 0.574000 0.783330 0.132000 0.130660
1 0.044000 0.609330 0.088000 0.214660
1 0.702670 0.638000 0.165340 0.172000
