1 0.308000 0.101000 0.348000 0.202000
6 0.820500 0.514000 0.069000 0.040000
1 0.627000 0.149000 0.258000 0.298000
1 0.346000 0.861500 0.296000 0.275000
1 0.180500 0.523000 0.197000 0.274000
1 0.102000 0.775000 0.204000 0.214000
1 0.468750 0.631900 0.429500 0.415800
2 0.836500 0.477000 0.049000 0.082000
10 0.189000 0.884500 0.066000 0.033000
10 0.208000 0.865500 0.056000 0.043000
10 0.221500 0.834000 0.043000 0.044000
10 0.981500 0.110000 0.035000 0.048000
10 0.846500 0.351500 0.041000 0.047000
10 0.242500 0.782000 0.049000 0.048000
