1 0.827000 0.467000 0.110000 0.102000
1 0.612000 0.351000 0.136000 0.122000
1 0.529000 0.070000 0.198000 0.140000
1 0.631000 0.672000 0.114000 0.124000
1 0.266000 0.292000 0.532000 0.580000
10 0.051000 0.709000 0.034000 0.050000
10 0.353000 0.707000 0.046000 0.038000
10 0.691000 0.801000 0.034000 0.046000
10 0.730000 0.305000 0.028000 0.046000
10 0.078000 0.669000 0.036000 0.042000
1 0.459000 0.857000 0.562000 0.282000
10 0.642000 0.781000 0.028000 0.046000
2 0.895000 0.083000 0.058000 0.062000
10 0.029000 0.920000 0.046000 0.036000
1 0.682000 0.499000 0.088000 0.094000
10 0.104000 0.795000 0.044000 0.038000
10 0.758000 0.976000 0.028000 0.044000
10 0.117000 0.750000 0.050000 0.028000
1 0.897000 0.202000 0.122000 0.120000
6 0.465000 0.765000 0.062000 0.050000
1 0.950000 0.610000 0.096000 0.232000
10 0.828000 0.879000 0.036000 0.046000
10 0.773000 0.809000 0.046000 0.038000
10 0.010000 0.971000 0.020000 0.038000
10 0.758000 0.104000 0.036000 0.052000
10 0.182000 0.696000 0.036000 0.016000
10 0.717000 0.006000 0.054000 0.012000
1 0.893000 0.316000 0.130000 0.112000
