1 0.100000 0.143000 0.200000 0.286000
1 0.185000 0.675000 0.286000 0.250000
1 0.450000 0.479000 0.164000 0.186000
10 0.309000 0.705000 0.046000 0.042000
10 0.175000 0.803000 0.050000 0.042000
10 0.210000 0.288000 0.044000 0.032000
10 0.603000 0.668000 0.034000 0.032000
10 0.154000 0.243000 0.036000 0.026000
10 0.194000 0.230000 0.044000 0.032000
6 0.495000 0.111000 0.054000 0.038000
1 0.457000 0.857000 0.342000 0.282000
10 0.020000 0.372000 0.040000 0.032000
1 0.092000 0.472000 0.184000 0.184000
10 0.216000 0.772000 0.040000 0.036000
10 0.409000 0.634000 0.042000 0.036000
10 0.122000 0.328000 0.036000 0.024000
1 0.356360 0.361210 0.216720 0.174420
1 0.212610 0.404700 0.161220 0.141400
1 0.333280 0.559360 0.158560 0.142720
1 0.722270 0.896900 0.460540 0.205800
1 0.910000 0.181760 0.180000 0.163520
10 0.532590 0.666710 0.041180 0.049420
10 0.542000 0.644940 0.040000 0.045880
2 0.314350 0.096590 0.104700 0.081180
