1 0.934000 0.687000 0.128000 0.126000
1 0.214000 0.846000 0.148000 0.140000
1 0.032000 0.726000 0.064000 0.120000
10 0.520000 0.839000 0.048000 0.042000
1 0.079000 0.323000 0.158000 0.198000
10 0.948000 0.367000 0.036000 0.034000
10 0.567000 0.875000 0.042000 0.046000
1 0.562000 0.195000 0.124000 0.134000
1 0.774000 0.950000 0.116000 0.096000
1 0.971000 0.111000 0.054000 0.106000
10 0.899000 0.475000 0.034000 0.034000
10 0.485000 0.884000 0.038000 0.036000
1 0.978000 0.904000 0.040000 0.116000
1 0.969000 0.284000 0.058000 0.184000
10 0.615000 0.985000 0.046000 0.026000
1 0.407000 0.980000 0.130000 0.036000
1 0.343000 0.388000 0.414000 0.692000
1 0.608000 0.770000 0.192000 0.192000
10 0.073000 0.989000 0.018000 0.018000
1 0.071000 0.020000 0.142000 0.040000
