10 0.280000 0.731000 0.040000 0.046000
6 0.626000 0.460000 0.052000 0.052000
1 0.311290 0.277520 0.546580 0.555040
10 0.573000 0.350000 0.046000 0.040000
10 0.594000 0.575000 0.044000 0.042000
10 0.370000 0.567000 0.048000 0.042000
10 0.439000 0.707000 0.042000 0.046000
10 0.881000 0.351000 0.042000 0.042000
10 0.855000 0.275000 0.046000 0.046000
10 0.891000 0.243000 0.042000 0.038000
10 0.084000 0.895000 0.048000 0.042000
6 0.733000 0.465000 0.058000 0.054000
6 0.545000 0.525000 0.050000 0.046000
10 0.813000 0.629000 0.038000 0.046000
10 0.783000 0.336000 0.042000 0.040000
10 0.925000 0.219000 0.038000 0.038000
10 0.179000 0.316000 0.046000 0.048000
10 0.478000 0.673000 0.044000 0.042000
10 0.425000 0.619000 0.042000 0.038000
10 0.186000 0.904000 0.040000 0.040000
10 0.231000 0.767000 0.042000 0.038000
10 0.258000 0.418000 0.044000 0.040000
10 0.580000 0.494000 0.040000 0.036000
10 0.846000 0.673000 0.036000 0.042000
10 0.349000 0.069000 0.046000 0.034000
6 0.679000 0.967000 0.046000 0.046000
10 0.450000 0.198000 0.052000 0.036000
10 0.132000 0.264000 0.040000 0.040000
10 0.872000 0.742000 0.040000 0.044000
10 0.322000 0.700000 0.040000 0.040000
10 0.955000 0.841000 0.034000 0.038000
10 0.222000 0.381000 0.044000 0.046000
10 0.485000 0.237000 0.046000 0.038000
10 0.691000 0.575000 0.042000 0.042000
10 0.193000 0.802000 0.042000 0.040000
10 0.973000 0.280000 0.050000 0.048000
10 0.744000 0.971000 0.028000 0.046000
10 0.044000 0.930000 0.040000 0.036000
6 0.248500 0.868700 0.065000 0.057400
10 0.963000 0.186000 0.046000 0.044000
10 0.210000 0.499000 0.036000 0.026000
10 0.527000 0.295000 0.046000 0.038000
1 0.109000 0.627000 0.218000 0.458000
10 0.818000 0.303000 0.036000 0.034000
10 0.557000 0.609000 0.042000 0.046000
10 0.618000 0.989000 0.060000 0.022000
10 0.603000 0.391000 0.042000 0.034000
10 0.835000 0.779000 0.042000 0.050000
10 0.398000 0.739000 0.040000 0.038000
10 0.183000 0.458000 0.022000 0.032000
10 0.987000 0.815000 0.022000 0.042000
10 0.140000 0.939000 0.036000 0.038000
10 0.656000 0.603000 0.036000 0.042000
10 0.500000 0.559000 0.036000 0.038000
1 0.665000 0.782040 0.402000 0.340080
10 0.290000 0.455000 0.040000 0.042000
10 0.242000 0.982000 0.040000 0.032000
10 0.289000 0.008000 0.058000 0.016000
10 0.289000 0.603000 0.034000 0.034000
10 0.620000 0.937000 0.036000 0.042000
10 0.104000 0.237000 0.036000 0.030000
10 0.728000 0.631000 0.032000 0.034000
1 0.383000 0.957000 0.250000 0.082000
1 0.925000 0.534000 0.146000 0.376000
10 0.457000 0.591000 0.042000 0.038000
10 0.559480 0.332820 0.042960 0.037640
10 0.353370 0.533290 0.038740 0.042580
