1 0.186000 0.843000 0.180000 0.310000
1 0.911000 0.642000 0.174000 0.260000
10 0.456000 0.223000 0.044000 0.030000
1 0.351000 0.068000 0.190000 0.136000
10 0.638000 0.154000 0.048000 0.036000
10 0.666000 0.204000 0.056000 0.036000
10 0.753000 0.143000 0.046000 0.030000
10 0.891000 0.089000 0.042000 0.030000
10 0.575000 0.176000 0.050000 0.036000
6 0.726000 0.038000 0.036000 0.060000
1 0.156000 0.129000 0.288000 0.206000
10 0.932000 0.037000 0.040000 0.034000
1 0.941000 0.444000 0.114000 0.148000
10 0.994000 0.039000 0.008000 0.038000
1 0.243330 0.537330 0.222660 0.142660
1 0.559330 0.421330 0.434660 0.246660
1 0.554670 0.042000 0.241340 0.084000
