1 0.169000 0.351000 0.274000 0.190000
1 0.164000 0.684000 0.292000 0.316000
1 0.637000 0.769000 0.622000 0.458000
10 0.976000 0.148000 0.044000 0.028000
6 0.746000 0.440000 0.060000 0.032000
10 0.056000 0.049000 0.028000 0.058000
10 0.488000 0.030000 0.024000 0.048000
1 0.679000 0.054000 0.194000 0.108000
6 0.335500 0.333120 0.059000 0.034240
10 0.629000 0.434000 0.046000 0.028000
6 0.345000 0.552000 0.030000 0.060000
1 0.975000 0.395000 0.046000 0.070000
10 0.544000 0.511000 0.060000 0.026000
10 0.328000 0.400000 0.052000 0.028000
