8 0.112060 0.479640 0.224120 0.211280
10 0.463590 0.896120 0.035180 0.052240
1 0.880000 0.389000 0.236000 0.274000
1 0.266000 0.783000 0.220000 0.162000
1 0.246000 0.922000 0.160000 0.124000
1 0.665000 0.920000 0.158000 0.156000
10 0.947000 0.746000 0.046000 0.032000
10 0.871000 0.722000 0.042000 0.036000
10 0.129000 0.660000 0.042000 0.028000
10 0.490000 0.897000 0.028000 0.046000
1 0.082000 0.910000 0.132000 0.176000
10 0.658000 0.322000 0.032000 0.044000
1 0.973000 0.655000 0.050000 0.254000
10 0.084000 0.650000 0.040000 0.024000
1 0.927000 0.081000 0.142000 0.162000
10 0.805000 0.953000 0.038000 0.026000
10 0.989000 0.768000 0.018000 0.036000
10 0.180000 0.670000 0.044000 0.020000
10 0.765000 0.934000 0.050000 0.036000
1 0.339260 0.511000 0.230520 0.182000
1 0.783000 0.818000 0.162000 0.128000
1 0.447000 0.252000 0.254000 0.232000
1 0.046000 0.172280 0.092000 0.344560
10 0.684880 0.333010 0.033760 0.050020
1 0.315920 0.257680 0.263840 0.331360
1 0.812910 0.598540 0.193820 0.225080
1 0.038760 0.825420 0.077520 0.278840
1 0.430020 0.415520 0.140040 0.135040
