1 0.324000 0.142000 0.124000 0.120000
1 0.670000 0.352000 0.128000 0.120000
1 0.255000 0.258000 0.138000 0.144000
1 0.514000 0.728000 0.116000 0.144000
1 0.356000 0.587000 0.116000 0.138000
1 0.487000 0.268000 0.146000 0.176000
1 0.239000 0.795000 0.162000 0.194000
1 0.948000 0.927000 0.100000 0.134000
1 0.135000 0.954000 0.098000 0.088000
1 0.048000 0.663000 0.096000 0.154000
1 0.663000 0.789000 0.170000 0.190000
1 0.099000 0.051000 0.090000 0.098000
1 0.811000 0.521000 0.254000 0.318000
10 0.359000 0.813000 0.030000 0.046000
10 0.695000 0.955000 0.050000 0.034000
1 0.775000 0.089000 0.134000 0.146000
10 0.402000 0.835000 0.028000 0.042000
1 0.030000 0.922000 0.060000 0.152000
1 0.402000 0.440000 0.140000 0.208000
10 0.962000 0.454000 0.036000 0.044000
1 0.640000 0.540000 0.108000 0.120000
1 0.918000 0.785000 0.152000 0.102000
10 0.786000 0.991000 0.048000 0.014000
1 0.832000 0.894000 0.176000 0.144000
1 0.844000 0.008000 0.108000 0.016000
