6 0.513000 0.638000 0.038000 0.064000
1 0.756000 0.922000 0.348000 0.152000
10 0.441000 0.849000 0.034000 0.050000
10 0.462000 0.797000 0.028000 0.042000
10 0.434000 0.629000 0.052000 0.046000
10 0.400000 0.724000 0.044000 0.052000
10 0.406000 0.948000 0.032000 0.048000
1 0.100000 0.770000 0.200000 0.384000
1 0.747320 0.667070 0.462640 0.274140
13 0.777210 0.404130 0.422420 0.164260
10 0.772000 0.478000 0.048000 0.032000
10 0.918000 0.548000 0.040000 0.032000
10 0.895000 0.514000 0.058000 0.044000
1 0.503000 0.032000 0.194000 0.064000
1 0.805000 0.090000 0.378000 0.180000
10 0.310000 0.973000 0.044000 0.050000
2 0.966000 0.557000 0.056000 0.070000
1 0.214370 0.524660 0.428740 0.425320
10 0.389000 0.987000 0.030000 0.022000
10 0.338000 0.889000 0.044000 0.046000
10 0.834000 0.505000 0.032000 0.026000
