1 0.754000 0.880000 0.380000 0.236000
1 0.462000 0.758000 0.268000 0.184000
10 0.749000 0.028000 0.054000 0.048000
1 0.477000 0.077000 0.166000 0.142000
6 0.960000 0.176000 0.068000 0.052000
1 0.107000 0.624000 0.162000 0.168000
10 0.872000 0.098000 0.052000 0.048000
10 0.816000 0.063000 0.052000 0.046000
2 0.039000 0.497000 0.078000 0.078000
10 0.394000 0.570000 0.040000 0.032000
1 0.816000 0.304000 0.172000 0.164000
1 0.262000 0.649000 0.164000 0.142000
10 0.435000 0.588000 0.042000 0.028000
1 0.124000 0.081000 0.172000 0.138000
1 0.626000 0.408000 0.692000 0.580000
10 0.689000 0.716000 0.038000 0.028000
1 0.017000 0.400000 0.034000 0.180000
6 0.088000 0.334000 0.040000 0.060000
1 0.227000 0.922000 0.450000 0.152000
