1 0.867000 0.795000 0.154000 0.158000
1 0.089000 0.221000 0.178000 0.198000
1 0.880000 0.473000 0.180000 0.174000
10 0.612000 0.768000 0.032000 0.036000
10 0.737000 0.856000 0.034000 0.036000
10 0.675000 0.053000 0.038000 0.034000
1 0.761000 0.339000 0.198000 0.190000
1 0.436500 0.791130 0.325000 0.286260
10 0.538000 0.713000 0.040000 0.046000
10 0.293000 0.545000 0.038000 0.038000
10 0.946000 0.024000 0.052000 0.032000
10 0.411000 0.675000 0.042000 0.038000
10 0.600000 0.008000 0.028000 0.016000
1 0.523000 0.968000 0.238000 0.060000
10 0.358000 0.585000 0.036000 0.042000
1 0.621000 0.237000 0.126000 0.130000
10 0.974000 0.376000 0.024000 0.028000
1 0.178250 0.599500 0.352500 0.311000
10 0.392250 0.613130 0.032500 0.046260
10 0.322130 0.561380 0.036260 0.038760
10 0.410880 0.628870 0.033760 0.033740
10 0.833000 0.933130 0.030000 0.046260
10 0.104250 0.407380 0.032500 0.038760
10 0.171000 0.463380 0.030000 0.038760
1 0.617630 0.913630 0.191260 0.171260
