1 0.095000 0.267000 0.114000 0.118000
1 0.431000 0.311000 0.146000 0.150000
1 0.326000 0.522000 0.160000 0.140000
1 0.155000 0.854000 0.170000 0.172000
1 0.256000 0.110000 0.124000 0.120000
1 0.255000 0.296000 0.170000 0.132000
1 0.145000 0.400000 0.110000 0.112000
10 0.595000 0.597000 0.042000 0.046000
10 0.355000 0.820000 0.038000 0.032000
10 0.219000 0.953000 0.038000 0.038000
1 0.570000 0.885000 0.292000 0.226000
1 0.093000 0.045000 0.154000 0.090000
10 0.485000 0.703000 0.046000 0.038000
10 0.321000 0.859000 0.042000 0.046000
10 0.079000 0.113000 0.042000 0.046000
10 0.400000 0.867000 0.032000 0.034000
10 0.955000 0.140000 0.042000 0.044000
10 0.104000 0.809000 0.036000 0.038000
10 0.014000 0.179000 0.028000 0.042000
2 0.971000 0.359000 0.054000 0.054000
2 0.863000 0.468000 0.078000 0.072000
2 0.712000 0.315000 0.056000 0.058000
1 0.066000 0.973000 0.128000 0.050000
10 0.183000 0.985000 0.038000 0.026000
10 0.595000 0.679000 0.042000 0.038000
10 0.193000 0.013000 0.042000 0.026000
1 0.096000 0.619000 0.180000 0.186000
2 0.776000 0.479000 0.064000 0.066000
10 0.285000 0.974000 0.034000 0.032000
10 0.527000 0.665000 0.038000 0.046000
1 0.372000 0.660000 0.112000 0.120000
