1 0.206000 0.345000 0.132000 0.146000
1 0.204360 0.804710 0.408720 0.341420
1 0.056000 0.694000 0.112000 0.148000
1 0.068000 0.318000 0.136000 0.124000
6 0.682000 0.791000 0.060000 0.054000
1 0.673000 0.879000 0.114000 0.110000
1 0.562000 0.940000 0.168000 0.116000
1 0.636000 0.544000 0.124000 0.132000
1 0.745000 0.465000 0.102000 0.094000
1 0.920000 0.911000 0.120000 0.150000
10 0.587000 0.851000 0.038000 0.038000
10 0.205000 0.049000 0.034000 0.042000
10 0.905000 0.612000 0.042000 0.040000
10 0.948000 0.584000 0.036000 0.032000
10 0.182000 0.160000 0.036000 0.036000
10 0.489000 0.928000 0.046000 0.032000
10 0.543000 0.886000 0.042000 0.032000
1 0.296280 0.151140 0.164560 0.146280
10 0.260000 0.113000 0.044000 0.034000
10 0.950000 0.839000 0.032000 0.042000
10 0.302000 0.085000 0.032000 0.030000
10 0.341000 0.066000 0.042000 0.032000
10 0.356000 0.984000 0.044000 0.028000
1 0.028000 0.512000 0.056000 0.076000
10 0.142000 0.180000 0.040000 0.032000
1 0.906000 0.456000 0.184000 0.244000
1 0.440000 0.784000 0.104000 0.152000
1 0.030000 0.046000 0.060000 0.092000
1 0.971000 0.679000 0.054000 0.186000
10 0.978000 0.888000 0.032000 0.036000
10 0.008000 0.266000 0.016000 0.040000
1 0.594920 0.184780 0.589840 0.369560
6 0.382000 0.042000 0.044000 0.036000
1 0.522000 0.551000 0.148000 0.210000
6 0.767000 0.774000 0.046000 0.040000
1 0.088480 0.021360 0.088960 0.042720
1 0.430810 0.086590 0.133620 0.125180
