1 0.572000 0.349000 0.120000 0.098000
1 0.666000 0.833000 0.112000 0.130000
1 0.587000 0.211000 0.110000 0.138000
1 0.168000 0.784000 0.120000 0.124000
1 0.305000 0.849000 0.110000 0.126000
1 0.194000 0.418000 0.104000 0.088000
1 0.061000 0.478000 0.086000 0.124000
1 0.129000 0.191000 0.130000 0.130000
1 0.536000 0.501000 0.156000 0.154000
1 0.034000 0.787000 0.068000 0.130000
1 0.791000 0.110000 0.130000 0.064000
1 0.439000 0.866000 0.074000 0.144000
2 0.892000 0.297000 0.064000 0.046000
2 0.830000 0.700000 0.032000 0.068000
1 0.052000 0.968000 0.104000 0.060000
10 0.856000 0.451000 0.028000 0.046000
10 0.161000 0.675000 0.066000 0.038000
10 0.876000 0.082000 0.024000 0.044000
10 0.052000 0.666000 0.052000 0.028000
1 0.026000 0.143000 0.052000 0.102000
2 0.864000 0.816000 0.056000 0.068000
10 0.858000 0.397000 0.024000 0.042000
6 0.680590 0.533000 0.065180 0.042000
10 0.876000 0.130000 0.024000 0.044000
1 0.521000 0.767000 0.050000 0.082000
1 0.631000 0.028000 0.226000 0.056000
1 0.654000 0.992000 0.108000 0.012000
1 0.114000 0.596000 0.044000 0.064000
1 0.182000 0.549000 0.096000 0.178000
