1 0.246000 0.867000 0.196000 0.262000
1 0.742000 0.090000 0.136000 0.144000
1 0.869000 0.041000 0.158000 0.082000
1 0.550000 0.950000 0.184000 0.096000
10 0.726000 0.932000 0.044000 0.032000
10 0.899000 0.168000 0.034000 0.036000
10 0.515000 0.074000 0.042000 0.036000
10 0.381000 0.744000 0.046000 0.036000
10 0.056000 0.735000 0.044000 0.030000
10 0.028000 0.860000 0.044000 0.028000
10 0.109000 0.823000 0.026000 0.046000
10 0.960000 0.303000 0.040000 0.042000
10 0.032000 0.651000 0.032000 0.046000
10 0.601000 0.019000 0.046000 0.038000
10 0.555000 0.046000 0.038000 0.036000
10 0.028000 0.498000 0.040000 0.032000
10 0.680000 0.842000 0.048000 0.036000
10 0.923000 0.266000 0.042000 0.044000
10 0.853000 0.183000 0.034000 0.038000
10 0.960000 0.169000 0.032000 0.050000
10 0.014000 0.938000 0.028000 0.028000
10 0.974000 0.347000 0.040000 0.046000
10 0.987000 0.070000 0.022000 0.044000
10 0.985000 0.113000 0.026000 0.042000
10 0.825000 0.269000 0.050000 0.046000
6 0.851000 0.281000 0.046000 0.050000
10 0.893000 0.306000 0.038000 0.048000
