1 0.581000 0.266000 0.106000 0.128000
1 0.875000 0.601000 0.130000 0.122000
1 0.189000 0.440000 0.098000 0.104000
1 0.144000 0.754000 0.116000 0.112000
1 0.311000 0.730000 0.114000 0.092000
1 0.311000 0.626000 0.114000 0.096000
1 0.353000 0.323000 0.106000 0.114000
1 0.582000 0.384000 0.112000 0.128000
1 0.307000 0.537000 0.154000 0.098000
1 0.605000 0.633000 0.130000 0.102000
1 0.897000 0.144000 0.110000 0.104000
1 0.817000 0.032000 0.162000 0.064000
1 0.569000 0.726000 0.130000 0.104000
1 0.964000 0.328000 0.068000 0.208000
1 0.380000 0.145000 0.136000 0.098000
10 0.158000 0.862000 0.044000 0.032000
1 0.322000 0.220000 0.104000 0.064000
1 0.032000 0.726000 0.064000 0.104000
10 0.492000 0.168000 0.024000 0.036000
1 0.971000 0.603000 0.054000 0.106000
10 0.478000 0.376000 0.028000 0.044000
10 0.502000 0.123000 0.020000 0.038000
1 0.601000 0.503000 0.174000 0.102000
10 0.021000 0.386000 0.026000 0.044000
10 0.488000 0.278000 0.024000 0.044000
10 0.464000 0.535000 0.024000 0.046000
1 0.019000 0.503000 0.038000 0.130000
10 0.490000 0.216000 0.028000 0.044000
10 0.468000 0.487000 0.024000 0.050000
6 0.461000 0.596000 0.026000 0.056000
10 0.099000 0.278000 0.026000 0.044000
1 0.191000 0.216000 0.130000 0.100000
1 0.624000 0.055000 0.112000 0.106000
10 0.051000 0.278000 0.026000 0.044000
6 0.825000 0.463000 0.050000 0.026000
2 0.488000 0.008000 0.076000 0.016000
10 0.087000 0.377000 0.026000 0.054000
6 0.028000 0.278000 0.024000 0.044000
1 0.768000 0.544000 0.056000 0.060000
10 0.448000 0.735000 0.028000 0.030000
1 0.791000 0.209000 0.102000 0.058000
10 0.320000 0.840000 0.048000 0.024000
1 0.611090 0.813770 0.170180 0.107540
