1 0.897000 0.954000 0.138000 0.088000
1 0.888000 0.326000 0.104000 0.144000
1 0.403000 0.243000 0.118000 0.114000
1 0.898000 0.790000 0.148000 0.112000
6 0.603000 0.160000 0.050000 0.040000
1 0.710000 0.900000 0.136000 0.172000
1 0.927000 0.638000 0.114000 0.224000
10 0.233000 0.343000 0.046000 0.030000
1 0.030000 0.614000 0.060000 0.120000
10 0.336000 0.080000 0.048000 0.040000
10 0.387000 0.096000 0.050000 0.036000
1 0.742000 0.298000 0.160000 0.132000
10 0.461000 0.502000 0.038000 0.032000
10 0.248000 0.052000 0.048000 0.036000
10 0.464000 0.536000 0.044000 0.028000
10 0.437000 0.110000 0.046000 0.036000
10 0.128000 0.312000 0.040000 0.024000
10 0.229000 0.393000 0.042000 0.030000
10 0.753000 0.205000 0.046000 0.034000
10 0.470000 0.376000 0.048000 0.032000
10 0.691000 0.134000 0.050000 0.032000
10 0.945000 0.207000 0.042000 0.030000
10 0.605000 0.106000 0.046000 0.032000
10 0.480000 0.122000 0.040000 0.036000
10 0.552000 0.091000 0.052000 0.034000
10 0.969000 0.270000 0.058000 0.032000
1 0.032000 0.059000 0.064000 0.066000
10 0.496000 0.072000 0.044000 0.028000
10 0.446000 0.058000 0.044000 0.032000
10 0.468000 0.435000 0.044000 0.030000
1 0.717000 0.016000 0.110000 0.032000
10 0.330000 0.024000 0.052000 0.032000
1 0.964000 0.118000 0.068000 0.164000
1 0.975000 0.356000 0.046000 0.120000
1 0.306000 0.744000 0.168000 0.140000
10 0.236000 0.008000 0.040000 0.016000
10 0.129000 0.336000 0.042000 0.024000
1 0.826000 0.028000 0.088000 0.056000
10 0.056000 0.007000 0.044000 0.014000
1 0.468000 0.016000 0.164000 0.032000
10 0.142000 0.259000 0.040000 0.026000
1 0.190000 0.565000 0.080000 0.166000
6 0.987000 0.866000 0.022000 0.060000
1 0.600000 0.721000 0.092000 0.110000
1 0.301000 0.929000 0.174000 0.138000
1 0.032000 0.339000 0.064000 0.098000
1 0.006000 0.782000 0.012000 0.084000
1 0.582000 0.890000 0.092000 0.164000
