1 0.329000 0.611000 0.170000 0.166000
1 0.784000 0.442000 0.272000 0.496000
1 0.493000 0.627000 0.122000 0.134000
1 0.431000 0.848000 0.090000 0.088000
1 0.153000 0.613000 0.122000 0.106000
1 0.246000 0.240000 0.492000 0.480000
10 0.597000 0.376000 0.046000 0.036000
10 0.337000 0.946000 0.042000 0.032000
10 0.541000 0.198000 0.046000 0.036000
1 0.561000 0.782000 0.098000 0.120000
10 0.458000 0.475000 0.040000 0.034000
1 0.615000 0.966000 0.130000 0.064000
10 0.402000 0.920000 0.044000 0.036000
10 0.571000 0.307000 0.042000 0.034000
1 0.878000 0.828000 0.240000 0.224000
1 0.911000 0.978000 0.174000 0.040000
10 0.651000 0.534000 0.038000 0.032000
2 0.266000 0.973000 0.068000 0.050000
1 0.344000 0.851000 0.088000 0.094000
10 0.987000 0.654000 0.022000 0.032000
1 0.657000 0.064000 0.186000 0.128000
10 0.008000 0.523000 0.016000 0.046000
1 0.723000 0.966000 0.106000 0.064000
10 0.569090 0.284450 0.042180 0.036900
