1 0.699000 0.881000 0.130000 0.126000
1 0.849000 0.409000 0.246000 0.246000
1 0.414000 0.216000 0.384000 0.432000
2 0.247000 0.496000 0.078000 0.064000
10 0.894000 0.282000 0.032000 0.048000
10 0.533000 0.920000 0.042000 0.048000
10 0.726000 0.275000 0.036000 0.030000
1 0.525000 0.610000 0.282000 0.268000
10 0.944000 0.140000 0.036000 0.036000
1 0.950000 0.932000 0.096000 0.116000
10 0.161000 0.517000 0.038000 0.046000
10 0.710000 0.974000 0.040000 0.040000
2 0.020000 0.193000 0.040000 0.070000
10 0.505000 0.801000 0.034000 0.046000
1 0.786000 0.971000 0.148000 0.054000
10 0.449000 0.717000 0.034000 0.038000
1 0.131000 0.660000 0.262000 0.336000
10 0.888000 0.186000 0.036000 0.032000
10 0.340000 0.559000 0.032000 0.038000
10 0.617000 0.965000 0.034000 0.042000
10 0.530000 0.839000 0.032000 0.034000
10 0.994000 0.190000 0.008000 0.036000
10 0.420000 0.679000 0.032000 0.046000
1 0.043000 0.026000 0.086000 0.052000
