5 0.524000 0.780000 0.088000 0.116000
2 0.746000 0.340000 0.060000 0.088000
5 0.608000 0.248000 0.108000 0.080000
10 0.226000 0.019000 0.052000 0.038000
10 0.744000 0.409000 0.036000 0.046000
10 0.839000 0.445000 0.042000 0.054000
1 0.068000 0.134000 0.136000 0.268000
10 0.479000 0.899000 0.042000 0.050000
10 0.441000 0.960000 0.034000 0.040000
10 0.377000 0.982000 0.054000 0.032000
10 0.702000 0.282000 0.056000 0.044000
5 0.477540 0.179850 0.115080 0.087700
5 0.632000 0.608460 0.080000 0.136920
6 0.724000 0.520920 0.080000 0.093840
5 0.351690 0.111540 0.135380 0.083080
1 0.223200 0.550770 0.446400 0.721540
