2 0.776000 0.222000 0.092000 0.128000
1 0.096000 0.314000 0.124000 0.124000
10 0.903000 0.271000 0.042000 0.054000
1 0.440000 0.894000 0.304000 0.208000
10 0.689000 0.183000 0.054000 0.038000
10 0.803000 0.908000 0.042000 0.032000
6 0.586000 0.252000 0.056000 0.032000
10 0.048000 0.687000 0.032000 0.050000
2 0.939000 0.362000 0.102000 0.056000
6 0.749000 0.925000 0.054000 0.038000
1 0.793190 0.610340 0.410380 0.592680
1 0.585000 0.105460 0.282000 0.210920
1 0.076000 0.917000 0.152000 0.162000
1 0.253000 0.674000 0.278000 0.416000
2 0.048000 0.527000 0.096000 0.046000
1 0.048000 0.111000 0.096000 0.222000
10 0.127000 0.221000 0.026000 0.050000
10 0.025000 0.628000 0.042000 0.056000
10 0.904000 0.872000 0.040000 0.032000
10 0.661000 0.298000 0.046000 0.036000
1 0.018000 0.331000 0.036000 0.114000
1 0.020000 0.680000 0.040000 0.240000
1 0.548150 0.468920 0.172300 0.153840
1 0.317690 0.130000 0.315380 0.260000
6 0.550000 0.988000 0.056000 0.024000
10 0.799380 0.045230 0.030760 0.038460
8 0.915000 0.162000 0.170000 0.324000
10 0.399520 0.288480 0.039040 0.028960
10 0.268670 0.421740 0.045340 0.031480
10 0.312040 0.382890 0.044080 0.037780
