1 0.733000 0.767000 0.098000 0.186000
1 0.850000 0.941000 0.092000 0.114000
1 0.740000 0.393000 0.092000 0.202000
1 0.749000 0.045000 0.102000 0.090000
10 0.354000 0.044000 0.028000 0.052000
10 0.193000 0.071000 0.042000 0.050000
10 0.216000 0.116000 0.032000 0.048000
10 0.237000 0.163000 0.030000 0.042000
10 0.241000 0.223000 0.022000 0.042000
10 0.241000 0.865000 0.026000 0.046000
10 0.980000 0.631000 0.028000 0.042000
10 0.235000 0.913000 0.022000 0.042000
10 0.384000 0.049000 0.028000 0.042000
10 0.984000 0.745000 0.028000 0.046000
10 0.980000 0.860000 0.028000 0.048000
10 0.428000 0.040000 0.032000 0.048000
10 0.987000 0.157000 0.022000 0.042000
1 0.406000 0.523000 0.140000 0.950000
10 0.985000 0.537000 0.026000 0.046000
6 0.985000 0.393000 0.026000 0.070000
1 0.864000 0.195000 0.112000 0.190000
10 0.522000 0.044000 0.036000 0.048000
10 0.985000 0.585000 0.026000 0.042000
10 0.980000 0.689000 0.028000 0.046000
10 0.980000 0.795000 0.028000 0.046000
10 0.220000 0.994000 0.036000 0.008000
1 0.862000 0.561000 0.116000 0.218000
