10 0.781000 0.527000 0.042000 0.022000
1 0.749000 0.241000 0.154000 0.142000
1 0.689000 0.529000 0.150000 0.162000
1 0.418000 0.488000 0.148000 0.148000
1 0.248000 0.133000 0.152000 0.150000
1 0.648000 0.678000 0.148000 0.160000
1 0.073000 0.761000 0.146000 0.158000
1 0.445000 0.190000 0.150000 0.144000
1 0.401000 0.602000 0.170000 0.104000
1 0.681000 0.052000 0.138000 0.104000
1 0.597000 0.218000 0.154000 0.144000
1 0.225000 0.771000 0.150000 0.158000
10 0.041000 0.658000 0.046000 0.024000
10 0.402000 0.674000 0.044000 0.028000
10 0.719000 0.760000 0.046000 0.028000
10 0.437000 0.683000 0.046000 0.034000
10 0.469000 0.684500 0.030000 0.033000
1 0.962000 0.349500 0.072000 0.119000
10 0.032000 0.098000 0.028000 0.044000
10 0.011000 0.197000 0.022000 0.046000
10 0.336000 0.011000 0.048000 0.022000
10 0.020000 0.144000 0.024000 0.044000
10 0.252000 0.627000 0.044000 0.038000
10 0.485500 0.703000 0.023000 0.030000
10 0.034500 0.944000 0.021000 0.044000
10 0.061000 0.950000 0.022000 0.040000
10 0.085000 0.954500 0.022000 0.045000
10 0.109500 0.962000 0.031000 0.044000
1 0.151000 0.592000 0.142000 0.088000
10 0.169500 0.978000 0.019000 0.036000
10 0.193500 0.982000 0.015000 0.036000
10 0.217000 0.985000 0.022000 0.030000
10 0.239500 0.985500 0.019000 0.027000
10 0.269000 0.988500 0.018000 0.021000
10 0.291500 0.007000 0.047000 0.014000
1 0.156500 0.513500 0.141000 0.095000
1 0.219000 0.281500 0.146000 0.143000
1 0.447000 0.374000 0.138000 0.092000
1 0.402500 0.839500 0.097000 0.135000
1 0.930000 0.656500 0.140000 0.117000
1 0.334000 0.788000 0.096000 0.132000
1 0.199000 0.401000 0.166000 0.166000
1 0.675000 0.901500 0.102000 0.135000
1 0.937000 0.904000 0.126000 0.104000
1 0.570000 0.896000 0.140000 0.140000
1 0.953000 0.042000 0.090000 0.084000
1 0.726500 0.423500 0.153000 0.111000
1 0.957000 0.595000 0.086000 0.082000
1 0.475000 0.874770 0.082000 0.141540
1 0.891500 0.848000 0.103000 0.084000
10 0.397000 0.753000 0.046000 0.054000
