1 0.884000 0.395000 0.120000 0.138000
1 0.432000 0.551000 0.192000 0.146000
1 0.057000 0.952000 0.110000 0.092000
1 0.485000 0.952000 0.110000 0.092000
10 0.779000 0.302000 0.022000 0.052000
10 0.781000 0.250000 0.026000 0.040000
1 0.513000 0.832000 0.066000 0.092000
10 0.799000 0.024000 0.018000 0.036000
1 0.643000 0.254000 0.074000 0.164000
1 0.193000 0.533000 0.126000 0.254000
10 0.789000 0.119000 0.022000 0.046000
1 0.846470 0.893000 0.156940 0.102000
1 0.639000 0.071000 0.102000 0.142000
1 0.212530 0.819790 0.101060 0.111580
