1 0.828000 0.074000 0.148000 0.140000
1 0.291000 0.934000 0.134000 0.128000
1 0.061000 0.845000 0.122000 0.134000
1 0.961000 0.167000 0.074000 0.126000
10 0.659000 0.154000 0.042000 0.036000
10 0.705000 0.182000 0.042000 0.036000
10 0.172000 0.761000 0.044000 0.042000
10 0.563000 0.100000 0.046000 0.036000
10 0.102000 0.651000 0.048000 0.038000
1 0.217000 0.112000 0.426000 0.224000
10 0.056000 0.627000 0.044000 0.042000
10 0.761000 0.212000 0.042000 0.036000
10 0.363000 0.717000 0.034000 0.046000
10 0.960000 0.320000 0.032000 0.032000
10 0.583000 0.985000 0.046000 0.026000
10 0.031000 0.731000 0.030000 0.038000
10 0.987000 0.349000 0.022000 0.038000
10 0.244000 0.798000 0.044000 0.040000
10 0.482000 0.052000 0.036000 0.032000
1 0.710000 0.597000 0.576000 0.738000
10 0.306000 0.767000 0.048000 0.046000
5 0.495000 0.877000 0.118000 0.078000
10 0.921000 0.305000 0.038000 0.038000
1 0.246000 0.555000 0.192000 0.370000
1 0.985000 0.039000 0.026000 0.078000
