1 0.593000 0.934000 0.162000 0.128000
1 0.435000 0.826000 0.114000 0.144000
1 0.598000 0.543000 0.172000 0.154000
1 0.739000 0.685000 0.138000 0.130000
1 0.360000 0.285000 0.128000 0.154000
1 0.906000 0.781000 0.184000 0.214000
1 0.079000 0.950000 0.158000 0.096000
1 0.287000 0.795000 0.114000 0.138000
1 0.401000 0.505000 0.094000 0.118000
1 0.419000 0.171000 0.110000 0.106000
1 0.472000 0.331000 0.120000 0.174000
10 0.724000 0.802000 0.052000 0.040000
10 0.641000 0.814000 0.042000 0.036000
1 0.931000 0.061000 0.134000 0.122000
1 0.108000 0.145000 0.216000 0.274000
10 0.460000 0.714000 0.044000 0.040000
10 0.826000 0.857000 0.052000 0.042000
10 0.874000 0.881000 0.036000 0.034000
10 0.909000 0.659000 0.034000 0.042000
2 0.176000 0.440000 0.080000 0.064000
10 0.687000 0.839000 0.050000 0.042000
10 0.635000 0.751000 0.050000 0.042000
2 0.250000 0.571000 0.044000 0.062000
10 0.209000 0.288000 0.030000 0.052000
10 0.177000 0.383000 0.030000 0.046000
1 0.080000 0.802000 0.156000 0.116000
10 0.064000 0.411000 0.044000 0.042000
10 0.902000 0.563000 0.036000 0.046000
10 0.553000 0.707000 0.042000 0.038000
1 0.045000 0.682000 0.090000 0.124000
10 0.941000 0.533000 0.034000 0.050000
10 0.951000 0.925000 0.042000 0.038000
10 0.362000 0.659000 0.056000 0.042000
6 0.113000 0.571000 0.042000 0.050000
10 0.913000 0.902000 0.042000 0.036000
2 0.158000 0.625000 0.072000 0.046000
6 0.504000 0.679000 0.056000 0.046000
10 0.256000 0.978000 0.032000 0.040000
2 0.079000 0.462000 0.050000 0.068000
10 0.204000 0.717000 0.024000 0.046000
10 0.952000 0.677000 0.036000 0.042000
10 0.021000 0.381000 0.042000 0.042000
10 0.992000 0.529000 0.012000 0.042000
6 0.312500 0.573500 0.057000 0.047000
1 0.987000 0.285000 0.022000 0.154000
10 0.244000 0.929000 0.028000 0.046000
1 0.483000 0.014000 0.134000 0.028000
10 0.315000 0.633000 0.050000 0.038000
10 0.211000 0.028000 0.050000 0.040000
10 0.091000 0.557000 0.034000 0.042000
10 0.985000 0.945000 0.026000 0.042000
1 0.339250 0.888880 0.102500 0.113760
1 0.454000 0.086000 0.120000 0.120000
