10 0.617000 0.156000 0.042000 0.044000
10 0.496000 0.120000 0.036000 0.040000
6 0.578000 0.114000 0.056000 0.056000
1 0.467000 0.347000 0.138000 0.150000
2 0.779000 0.823000 0.114000 0.054000
6 0.407000 0.702000 0.058000 0.028000
10 0.629000 0.273000 0.038000 0.038000
6 0.131000 0.675000 0.054000 0.026000
10 0.705000 0.726000 0.042000 0.028000
10 0.749000 0.730000 0.038000 0.028000
1 0.961000 0.897000 0.074000 0.122000
6 0.605000 0.216000 0.046000 0.044000
1 0.207000 0.190000 0.186000 0.304000
10 0.659000 0.724000 0.042000 0.024000
10 0.754000 0.901000 0.020000 0.046000
1 0.367000 0.883000 0.734000 0.230000
10 0.793000 0.736000 0.042000 0.028000
1 0.883000 0.918000 0.102000 0.160000
1 0.767000 0.621000 0.250000 0.190000
6 0.966000 0.750000 0.056000 0.028000
1 0.123000 0.559000 0.246000 0.166000
10 0.980000 0.777000 0.036000 0.026000
10 0.018000 0.982000 0.028000 0.032000
1 0.806000 0.186000 0.384000 0.372000
1 0.054000 0.188000 0.108000 0.168000
1 0.547000 0.536000 0.230000 0.316000
