1 0.843000 0.300000 0.310000 0.228000
1 0.807000 0.079000 0.198000 0.158000
1 0.764000 0.510000 0.120000 0.116000
10 0.592000 0.120000 0.048000 0.032000
1 0.273000 0.505000 0.546000 0.738000
10 0.677000 0.396000 0.022000 0.044000
1 0.544000 0.975000 0.204000 0.046000
10 0.247000 0.008000 0.038000 0.016000
10 0.735000 0.971000 0.026000 0.054000
2 0.689000 0.634000 0.074000 0.056000
10 0.680000 0.721000 0.028000 0.046000
10 0.722000 0.913000 0.028000 0.050000
10 0.656000 0.538000 0.028000 0.060000
10 0.663000 0.589000 0.022000 0.042000
1 0.332000 0.025000 0.320000 0.050000
5 0.039000 0.814000 0.078000 0.056000
1 0.923330 0.486000 0.146660 0.120000
