1 0.270000 0.345000 0.148000 0.126000
1 0.914000 0.642000 0.088000 0.120000
1 0.397000 0.709000 0.106000 0.106000
1 0.628000 0.631000 0.176000 0.118000
1 0.779000 0.545000 0.142000 0.114000
1 0.876000 0.041000 0.172000 0.082000
1 0.915000 0.445000 0.130000 0.134000
1 0.050000 0.486000 0.100000 0.148000
1 0.480000 0.114000 0.260000 0.160000
1 0.966000 0.798000 0.064000 0.116000
1 0.295000 0.791000 0.146000 0.130000
1 0.143000 0.378000 0.146000 0.156000
1 0.544000 0.816000 0.116000 0.124000
1 0.461000 0.584000 0.106000 0.096000
10 0.445000 0.992000 0.054000 0.012000
1 0.043000 0.835000 0.086000 0.154000
10 0.228000 0.619000 0.052000 0.038000
