10 0.508640 0.956600 0.049280 0.037200
1 0.757000 0.430000 0.486000 0.860000
6 0.293750 0.118690 0.067500 0.037380
10 0.448120 0.730780 0.044240 0.033560
6 0.424000 0.390000 0.036000 0.068000
10 0.811000 0.823000 0.034000 0.038000
10 0.438000 0.250000 0.048000 0.040000
10 0.484000 0.227000 0.048000 0.038000
10 0.454000 0.306000 0.048000 0.040000
10 0.305000 0.443000 0.030000 0.046000
10 0.427000 0.647000 0.050000 0.046000
10 0.324000 0.242000 0.048000 0.036000
1 0.206000 0.740000 0.404000 0.516000
10 0.477000 0.024000 0.030000 0.048000
6 0.338000 0.071000 0.048000 0.074000
10 0.080000 0.431000 0.032000 0.054000
10 0.960000 0.772000 0.032000 0.044000
6 0.278000 0.014000 0.064000 0.028000
10 0.503000 0.287000 0.046000 0.034000
10 0.396000 0.526000 0.048000 0.036000
6 0.709000 0.982000 0.042000 0.032000
5 0.204000 0.050000 0.064000 0.100000
10 0.601000 0.818000 0.054000 0.036000
10 0.535000 0.034000 0.046000 0.036000
6 0.477000 0.826000 0.054000 0.032000
10 0.350000 0.338000 0.060000 0.040000
6 0.339000 0.293000 0.058000 0.042000
10 0.499000 0.932000 0.046000 0.032000
10 0.502000 0.552000 0.048000 0.040000
10 0.367000 0.419000 0.046000 0.030000
