1 0.630000 0.075000 0.172000 0.122000
1 0.395000 0.095000 0.134000 0.126000
1 0.909000 0.186000 0.134000 0.144000
1 0.460000 0.528000 0.264000 0.192000
1 0.786000 0.121000 0.156000 0.114000
1 0.724000 0.556000 0.116000 0.128000
1 0.839000 0.839000 0.090000 0.098000
1 0.941000 0.841000 0.114000 0.130000
1 0.959000 0.585000 0.078000 0.126000
2 0.185000 0.530000 0.162000 0.068000
2 0.340000 0.634000 0.048000 0.084000
10 0.937000 0.689000 0.042000 0.030000
10 0.094000 0.658000 0.048000 0.032000
10 0.819000 0.724000 0.046000 0.032000
1 0.723000 0.832000 0.134000 0.128000
10 0.874000 0.733000 0.048000 0.034000
10 0.847000 0.676000 0.046000 0.028000
10 0.633000 0.698000 0.046000 0.028000
10 0.800000 0.670000 0.044000 0.028000
10 0.759000 0.714000 0.046000 0.032000
10 0.589000 0.689000 0.042000 0.026000
10 0.849000 0.038000 0.050000 0.036000
1 0.048000 0.776000 0.096000 0.444000
10 0.148000 0.486000 0.028000 0.052000
1 0.531000 0.841000 0.326000 0.314000
10 0.617000 0.642000 0.042000 0.020000
10 0.658000 0.012000 0.052000 0.024000
10 0.091000 0.628000 0.042000 0.028000
10 0.767000 0.027000 0.038000 0.022000
10 0.592000 0.008000 0.048000 0.016000
1 0.012000 0.351000 0.024000 0.190000
10 0.891000 0.004000 0.050000 0.008000
1 0.818280 0.425160 0.080560 0.182320
1 0.409610 0.371030 0.151220 0.154060
