1 0.740000 0.148000 0.212000 0.240000
6 0.469000 0.230000 0.062000 0.032000
10 0.565000 0.614000 0.042000 0.036000
10 0.062000 0.179000 0.032000 0.058000
1 0.122000 0.768000 0.204000 0.416000
10 0.484000 0.274000 0.040000 0.024000
10 0.786000 0.886000 0.036000 0.052000
10 0.078000 0.232000 0.028000 0.048000
10 0.114000 0.347000 0.028000 0.054000
10 0.097000 0.290000 0.030000 0.048000
10 0.720000 0.907000 0.032000 0.046000
10 0.135000 0.224000 0.034000 0.044000
10 0.156000 0.277000 0.032000 0.050000
10 0.443000 0.115000 0.046000 0.030000
10 0.129000 0.397000 0.030000 0.050000
10 0.527000 0.404000 0.038000 0.028000
2 0.289000 0.867000 0.078000 0.050000
10 0.851000 0.862000 0.038000 0.052000
10 0.188000 0.382000 0.028000 0.044000
10 0.044000 0.881000 0.024000 0.042000
10 0.172000 0.332000 0.028000 0.044000
1 0.957000 0.802000 0.082000 0.144000
10 0.173000 0.080000 0.030000 0.024000
10 0.463000 0.183000 0.050000 0.034000
10 0.046000 0.126000 0.036000 0.052000
10 0.006000 0.895000 0.012000 0.042000
1 0.631000 0.826000 0.626000 0.200000
10 0.608000 0.009000 0.040000 0.018000
10 0.276000 0.014000 0.032000 0.024000
1 0.382000 0.372000 0.344000 0.596000
1 0.016000 0.416000 0.032000 0.176000
1 0.840000 0.992000 0.180000 0.012000
1 0.185000 0.991000 0.154000 0.014000
