1 0.874000 0.901000 0.248000 0.194000
1 0.125000 0.100000 0.250000 0.200000
10 0.760000 0.634000 0.052000 0.056000
2 0.587000 0.950000 0.094000 0.096000
2 0.612000 0.832000 0.088000 0.092000
10 0.805000 0.685000 0.038000 0.038000
10 0.090000 0.533000 0.044000 0.050000
10 0.839000 0.550000 0.042000 0.048000
2 0.388000 0.932000 0.088000 0.080000
10 0.915000 0.481000 0.038000 0.038000
10 0.965000 0.529000 0.042000 0.042000
10 0.318000 0.798000 0.044000 0.052000
10 0.308000 0.865000 0.044000 0.046000
10 0.179000 0.712000 0.042000 0.048000
10 0.049000 0.487000 0.042000 0.050000
10 0.212000 0.756000 0.040000 0.052000
10 0.195000 0.654000 0.042000 0.040000
10 0.879000 0.516000 0.038000 0.040000
10 0.245000 0.793000 0.042000 0.042000
10 0.365000 0.849000 0.042000 0.042000
10 0.109000 0.636000 0.038000 0.040000
10 0.642000 0.748000 0.056000 0.056000
10 0.232000 0.700000 0.048000 0.052000
10 0.698000 0.987000 0.036000 0.022000
6 0.731000 0.762000 0.066000 0.064000
1 0.097000 0.716000 0.194000 0.344000
1 0.603000 0.137000 0.302000 0.274000
1 0.950000 0.101000 0.096000 0.186000
1 0.064000 0.982000 0.128000 0.032000
1 0.365000 0.491000 0.658000 0.450000
1 0.969000 0.642000 0.058000 0.364000
10 0.272000 0.823000 0.032000 0.038000
10 0.992000 0.491000 0.012000 0.034000
