1 0.892000 0.287000 0.120000 0.126000
1 0.050000 0.895000 0.100000 0.162000
1 0.225000 0.589000 0.122000 0.134000
1 0.553000 0.816000 0.106000 0.088000
1 0.587000 0.347000 0.110000 0.094000
1 0.244000 0.705000 0.084000 0.114000
1 0.587000 0.472000 0.122000 0.080000
1 0.784000 0.426000 0.116000 0.096000
1 0.327000 0.107000 0.294000 0.214000
1 0.518000 0.689000 0.092000 0.146000
1 0.222000 0.929000 0.148000 0.138000
1 0.894000 0.904000 0.116000 0.080000
1 0.071000 0.241000 0.086000 0.094000
1 0.052000 0.057000 0.104000 0.114000
1 0.736000 0.742000 0.092000 0.088000
1 0.056000 0.502000 0.104000 0.140000
1 0.897000 0.817000 0.122000 0.098000
1 0.966000 0.666000 0.064000 0.128000
6 0.661000 0.490000 0.026000 0.056000
10 0.823000 0.566000 0.046000 0.032000
1 0.966000 0.129000 0.064000 0.158000
10 0.775000 0.566000 0.042000 0.032000
10 0.918000 0.570000 0.044000 0.032000
1 0.860000 0.143000 0.112000 0.102000
1 0.037000 0.748000 0.074000 0.148000
1 0.228000 0.425000 0.112000 0.150000
1 0.867000 0.661000 0.126000 0.122000
1 0.633000 0.095000 0.110000 0.082000
10 0.828000 0.030000 0.056000 0.036000
10 0.715000 0.256000 0.022000 0.040000
1 0.773000 0.892000 0.138000 0.064000
10 0.779000 0.041000 0.042000 0.034000
10 0.102000 0.751000 0.020000 0.042000
10 0.962000 0.568000 0.048000 0.028000
2 0.722000 0.043000 0.064000 0.054000
10 0.157000 0.102000 0.018000 0.040000
10 0.621000 0.946000 0.022000 0.052000
1 0.589000 0.221000 0.126000 0.158000
1 0.360000 0.253000 0.060000 0.090000
1 0.978000 0.376000 0.040000 0.104000
10 0.714000 0.204000 0.024000 0.048000
10 0.715000 0.360000 0.022000 0.048000
10 0.115000 0.483000 0.022000 0.042000
10 0.118000 0.435000 0.020000 0.034000
1 0.052000 0.612000 0.104000 0.088000
1 0.212000 0.254000 0.068000 0.060000
1 0.541000 0.027000 0.110000 0.054000
10 0.902000 0.985000 0.048000 0.026000
10 0.280000 0.782000 0.040000 0.028000
10 0.124000 0.292000 0.024000 0.044000
1 0.603000 0.596000 0.098000 0.064000
