1 0.157000 0.706000 0.314000 0.356000
5 0.101000 0.316000 0.170000 0.080000
10 0.313000 0.608000 0.046000 0.040000
6 0.751000 0.728000 0.078000 0.060000
10 0.474000 0.559000 0.052000 0.046000
10 0.364000 0.635000 0.040000 0.050000
10 0.367000 0.763000 0.050000 0.046000
10 0.264000 0.585000 0.048000 0.042000
10 0.523000 0.471000 0.054000 0.046000
10 0.553000 0.381000 0.050000 0.042000
10 0.324000 0.827000 0.052000 0.038000
10 0.347000 0.520000 0.034000 0.052000
10 0.258000 0.261000 0.024000 0.050000
1 0.701000 0.932000 0.450000 0.132000
10 0.190000 0.256000 0.024000 0.052000
6 0.239000 0.982000 0.062000 0.032000
10 0.430000 0.649000 0.056000 0.042000
6 0.953000 0.843000 0.046000 0.078000
10 0.279000 0.902000 0.046000 0.036000
1 0.850000 0.451000 0.296000 0.790000
10 0.485000 0.978000 0.046000 0.040000
10 0.176000 0.532000 0.052000 0.036000
10 0.148000 0.255000 0.028000 0.050000
10 0.592000 0.320000 0.048000 0.040000
10 0.307000 0.502000 0.034000 0.052000
10 0.017000 0.881000 0.034000 0.050000
10 0.756000 0.012000 0.060000 0.024000
10 0.605000 0.276000 0.046000 0.040000
6 0.063000 0.398000 0.074000 0.072000
10 0.255000 0.939000 0.050000 0.046000
10 0.106000 0.559000 0.048000 0.038000
10 0.076000 0.909000 0.040000 0.050000
10 0.514000 0.937000 0.044000 0.042000
