1 0.531000 0.601000 0.194000 0.166000
1 0.311000 0.606000 0.126000 0.132000
1 0.747000 0.284000 0.142000 0.152000
1 0.813000 0.640000 0.234000 0.180000
1 0.371000 0.244000 0.134000 0.212000
1 0.133000 0.112000 0.114000 0.092000
1 0.755000 0.831000 0.166000 0.134000
1 0.521000 0.257000 0.126000 0.138000
1 0.876000 0.327000 0.124000 0.122000
10 0.338000 0.077000 0.060000 0.042000
10 0.335500 0.459000 0.043000 0.038000
10 0.224000 0.345000 0.024000 0.046000
10 0.209000 0.454000 0.034000 0.044000
1 0.938000 0.046000 0.124000 0.092000
10 0.895000 0.070000 0.034000 0.044000
10 0.845000 0.186000 0.046000 0.028000
10 0.185000 0.567000 0.026000 0.042000
10 0.139000 0.745000 0.030000 0.038000
6 0.524000 0.068000 0.056000 0.044000
10 0.240000 0.166000 0.032000 0.040000
10 0.826000 0.262000 0.020000 0.036000
10 0.362000 0.479000 0.048000 0.042000
10 0.989000 0.033000 0.018000 0.030000
10 0.228000 0.282000 0.028000 0.052000
10 0.195000 0.508000 0.034000 0.052000
10 0.131000 0.786000 0.034000 0.044000
10 0.232000 0.228000 0.028000 0.048000
6 0.146000 0.842000 0.028000 0.052000
10 0.900000 0.199000 0.032000 0.022000
1 0.331430 0.871140 0.162860 0.194280
1 0.941000 0.816000 0.118000 0.172000
1 0.915710 0.932000 0.131420 0.100000
1 0.759430 0.963710 0.242860 0.071420
11 0.583560 0.723170 0.131120 0.090340
