1 0.297000 0.339000 0.298000 0.274000
1 0.499000 0.931000 0.270000 0.134000
10 0.569000 0.198000 0.046000 0.040000
10 0.366000 0.068000 0.044000 0.036000
10 0.942000 0.729000 0.032000 0.042000
10 0.667000 0.262000 0.042000 0.036000
10 0.415000 0.100000 0.042000 0.036000
2 0.227000 0.029000 0.070000 0.058000
10 0.322000 0.038000 0.044000 0.036000
10 0.672000 0.974000 0.024000 0.032000
1 0.920000 0.531000 0.156000 0.318000
1 0.028000 0.472000 0.056000 0.108000
10 0.617000 0.231000 0.050000 0.046000
10 0.084000 0.906000 0.032000 0.036000
10 0.525000 0.168000 0.042000 0.036000
10 0.985000 0.920000 0.026000 0.056000
2 0.693000 0.309000 0.102000 0.074000
10 0.490000 0.145000 0.044000 0.034000
1 0.676000 0.123000 0.644000 0.246000
1 0.008000 0.097000 0.016000 0.178000
1 0.023000 0.945000 0.046000 0.106000
