1 0.678990 0.476310 0.461980 0.724620
10 0.631000 0.045000 0.034000 0.050000
10 0.967000 0.332000 0.038000 0.056000
10 0.909000 0.138000 0.034000 0.052000
10 0.495000 0.091000 0.034000 0.046000
10 0.385000 0.134000 0.026000 0.044000
10 0.890000 0.244000 0.040000 0.056000
10 0.477000 0.413000 0.030000 0.042000
10 0.448000 0.323000 0.032000 0.050000
10 0.357000 0.044000 0.026000 0.040000
10 0.541000 0.076000 0.038000 0.048000
10 0.417000 0.221000 0.030000 0.038000
10 0.809000 0.013000 0.038000 0.026000
10 0.367000 0.304000 0.034000 0.032000
10 0.462000 0.371000 0.028000 0.034000
10 0.418000 0.014000 0.028000 0.028000
1 0.821540 0.875580 0.335080 0.247160
5 0.511000 0.501000 0.042000 0.070000
5 0.981000 0.589220 0.038000 0.110440
10 0.396000 0.397000 0.036000 0.034000
