10 0.495000 0.379000 0.038000 0.050000
10 0.644000 0.074000 0.032000 0.044000
10 0.490000 0.070000 0.028000 0.040000
10 0.465000 0.122000 0.034000 0.052000
10 0.600000 0.927000 0.028000 0.034000
10 0.575000 0.245000 0.034000 0.046000
10 0.117000 0.862000 0.034000 0.032000
10 0.648000 0.947000 0.028000 0.046000
10 0.715000 0.966000 0.042000 0.056000
10 0.642000 0.023000 0.028000 0.038000
10 0.781000 0.701000 0.038000 0.050000
1 0.344000 0.052000 0.212000 0.104000
1 0.324000 0.742000 0.424000 0.512000
10 0.710000 0.661000 0.032000 0.038000
10 0.598000 0.203000 0.032000 0.038000
1 0.633000 0.769000 0.222000 0.246000
1 0.754000 0.231000 0.444000 0.462000
10 0.073000 0.941000 0.034000 0.034000
10 0.616000 0.605000 0.032000 0.046000
1 0.021000 0.817000 0.042000 0.162000
1 0.134660 0.563050 0.269320 0.394100
