1 0.374000 0.635000 0.120000 0.134000
1 0.571000 0.358000 0.106000 0.112000
1 0.461000 0.217000 0.094000 0.106000
1 0.043000 0.520000 0.086000 0.124000
1 0.691000 0.661000 0.134000 0.130000
1 0.274000 0.599000 0.100000 0.142000
1 0.809000 0.693000 0.110000 0.158000
1 0.926000 0.714000 0.120000 0.116000
1 0.577000 0.643000 0.102000 0.138000
1 0.097000 0.870000 0.110000 0.120000
1 0.610000 0.957000 0.120000 0.082000
1 0.957000 0.393000 0.082000 0.138000
1 0.895000 0.245000 0.106000 0.114000
1 0.668000 0.294000 0.104000 0.228000
1 0.856000 0.971000 0.120000 0.054000
10 0.149000 0.366000 0.046000 0.036000
1 0.156000 0.253000 0.104000 0.118000
1 0.941000 0.043000 0.114000 0.086000
10 0.316000 0.398000 0.056000 0.036000
1 0.728000 0.964000 0.108000 0.068000
1 0.187000 0.506000 0.090000 0.116000
10 0.545000 0.447000 0.046000 0.030000
10 0.920000 0.529000 0.056000 0.034000
10 0.488000 0.438000 0.052000 0.036000
1 0.582000 0.054000 0.092000 0.084000
10 0.819000 0.509000 0.046000 0.034000
1 0.035000 0.255000 0.070000 0.122000
1 0.413000 0.928000 0.110000 0.116000
10 0.867000 0.516000 0.042000 0.032000
1 0.971000 0.971000 0.054000 0.054000
1 0.340000 0.330000 0.068000 0.092000
1 0.235000 0.013000 0.130000 0.026000
1 0.014000 0.079000 0.028000 0.158000
6 0.254000 0.390000 0.052000 0.032000
1 0.257000 0.268000 0.122000 0.132000
1 0.482880 0.638000 0.113760 0.120000
