1 0.886000 0.625000 0.116000 0.102000
1 0.763000 0.448000 0.122000 0.120000
1 0.341000 0.146000 0.122000 0.076000
1 0.358000 0.805000 0.092000 0.138000
1 0.675000 0.320000 0.122000 0.120000
1 0.209000 0.382000 0.302000 0.220000
1 0.120000 0.818000 0.120000 0.092000
1 0.877000 0.879000 0.134000 0.102000
1 0.495000 0.765000 0.102000 0.114000
1 0.245000 0.828000 0.134000 0.084000
2 0.708000 0.127000 0.084000 0.074000
1 0.204000 0.109000 0.092000 0.122000
1 0.710000 0.883000 0.172000 0.166000
1 0.478000 0.052000 0.144000 0.104000
1 0.401000 0.377000 0.094000 0.106000
1 0.545000 0.352000 0.114000 0.104000
2 0.791000 0.231000 0.074000 0.074000
1 0.599000 0.152000 0.078000 0.068000
1 0.931000 0.259000 0.134000 0.162000
1 0.023000 0.842000 0.046000 0.120000
10 0.408000 0.196000 0.048000 0.024000
1 0.767000 0.020000 0.074000 0.040000
10 0.103000 0.216000 0.050000 0.028000
1 0.878000 0.028000 0.092000 0.056000
1 0.985000 0.775000 0.026000 0.070000
10 0.499000 0.197000 0.046000 0.022000
1 0.028000 0.307000 0.056000 0.102000
2 0.698000 0.209000 0.064000 0.086000
10 0.550000 0.197000 0.048000 0.022000
1 0.992000 0.068000 0.012000 0.120000
1 0.014000 0.020000 0.028000 0.040000
