1 0.428000 0.251000 0.236000 0.234000
1 0.726000 0.580000 0.204000 0.200000
5 0.575000 0.608000 0.106000 0.108000
1 0.072000 0.046000 0.144000 0.092000
10 0.953000 0.539000 0.038000 0.042000
10 0.289000 0.379000 0.042000 0.038000
1 0.880000 0.335000 0.236000 0.354000
10 0.809000 0.673000 0.046000 0.042000
10 0.888000 0.913000 0.036000 0.042000
10 0.248000 0.342000 0.040000 0.036000
10 0.823000 0.809000 0.046000 0.054000
2 0.717000 0.719000 0.054000 0.078000
10 0.846000 0.643000 0.036000 0.038000
6 0.081000 0.159000 0.054000 0.050000
10 0.471000 0.539000 0.042000 0.050000
10 0.899000 0.839000 0.042000 0.042000
10 0.550000 0.539000 0.036000 0.042000
10 0.946000 0.877000 0.032000 0.042000
10 0.916000 0.972000 0.036000 0.036000
10 0.393000 0.470000 0.038000 0.040000
10 0.213000 0.285000 0.054000 0.054000
1 0.931000 0.698000 0.134000 0.304000
6 0.459000 0.913000 0.046000 0.050000
1 0.572000 0.083000 0.408000 0.166000
10 0.339000 0.068000 0.046000 0.044000
1 0.732000 0.948000 0.172000 0.100000
10 0.754000 0.527000 0.036000 0.038000
10 0.006000 0.084000 0.012000 0.040000
1 0.984000 0.060000 0.028000 0.116000
10 0.420000 0.006000 0.036000 0.012000
1 0.234000 0.500000 0.456000 0.452000
6 0.980000 0.914000 0.036000 0.052000
