1 0.892000 0.307000 0.212000 0.222000
1 0.336000 0.048000 0.140000 0.096000
1 0.361000 0.948000 0.110000 0.100000
1 0.550000 0.367000 0.260000 0.374000
10 0.592000 0.082000 0.036000 0.052000
2 0.761000 0.432000 0.070000 0.060000
10 0.545000 0.719000 0.046000 0.050000
10 0.515000 0.030000 0.042000 0.048000
2 0.813000 0.528000 0.074000 0.064000
10 0.514000 0.975000 0.044000 0.046000
10 0.860000 0.634000 0.036000 0.056000
1 0.337000 0.814000 0.130000 0.184000
6 0.402000 0.742000 0.032000 0.080000
10 0.509000 0.929000 0.038000 0.046000
1 0.762000 0.702000 0.148000 0.204000
6 0.491000 0.802000 0.054000 0.052000
10 0.496000 0.844000 0.044000 0.052000
10 0.629000 0.248000 0.038000 0.048000
10 0.675000 0.337000 0.030000 0.042000
10 0.582000 0.925000 0.036000 0.046000
10 0.570000 0.853000 0.032000 0.042000
1 0.763000 0.125000 0.258000 0.250000
10 0.544000 0.084000 0.032000 0.040000
1 0.938000 0.943000 0.120000 0.110000
1 0.819000 0.844000 0.138000 0.116000
10 0.925000 0.811000 0.038000 0.050000
10 0.654000 0.299000 0.032000 0.038000
10 0.411000 0.805000 0.022000 0.054000
10 0.495000 0.770000 0.038000 0.032000
10 0.854000 0.681000 0.032000 0.042000
10 0.956000 0.870000 0.032000 0.028000
10 0.591000 0.984000 0.038000 0.028000
