1 0.406000 0.947000 0.100000 0.102000
1 0.612000 0.487000 0.124000 0.126000
1 0.245000 0.404000 0.114000 0.124000
1 0.277000 0.120000 0.250000 0.208000
1 0.186000 0.654000 0.120000 0.096000
1 0.429000 0.590000 0.118000 0.116000
1 0.739000 0.247000 0.194000 0.138000
1 0.596000 0.282000 0.112000 0.116000
10 0.814000 0.862000 0.048000 0.032000
10 0.094000 0.597000 0.048000 0.038000
1 0.812000 0.426000 0.116000 0.136000
2 0.867000 0.291000 0.058000 0.078000
1 0.612000 0.823000 0.144000 0.202000
10 0.927000 0.818000 0.042000 0.036000
1 0.300000 0.606000 0.120000 0.084000
10 0.555000 0.417000 0.046000 0.034000
1 0.172000 0.833000 0.088000 0.074000
10 0.411000 0.471000 0.042000 0.038000
10 0.860000 0.844000 0.044000 0.032000
1 0.522290 0.548510 0.128580 0.125020
10 0.467000 0.450000 0.042000 0.036000
1 0.765000 0.540000 0.106000 0.104000
10 0.368000 0.491000 0.040000 0.034000
10 0.624000 0.934000 0.048000 0.036000
1 0.904000 0.577000 0.108000 0.102000
10 0.671000 0.920000 0.046000 0.036000
10 0.541000 0.970000 0.046000 0.032000
1 0.964000 0.303000 0.068000 0.202000
1 0.037000 0.700000 0.074000 0.116000
10 0.564000 0.373000 0.036000 0.030000
10 0.982000 0.424000 0.032000 0.048000
1 0.514000 0.111000 0.108000 0.094000
10 0.491000 0.984000 0.046000 0.028000
10 0.828000 0.070000 0.028000 0.044000
1 0.307000 0.966000 0.102000 0.064000
1 0.026000 0.401000 0.052000 0.090000
1 0.931000 0.985000 0.098000 0.026000
10 0.749000 0.886000 0.038000 0.032000
1 0.131000 0.506000 0.098000 0.068000
1 0.936000 0.142000 0.124000 0.136000
10 0.964000 0.372000 0.032000 0.056000
1 0.465000 0.327000 0.122000 0.122000
10 0.934000 0.287000 0.028000 0.050000
10 0.709000 0.904000 0.042000 0.032000
1 0.833000 0.973000 0.102000 0.050000
1 0.991000 0.032000 0.014000 0.064000
1 0.897000 0.711000 0.202000 0.194000
1 0.025000 0.544000 0.050000 0.116000
1 0.465930 0.729850 0.279860 0.199700
