1 0.585000 0.242000 0.422000 0.416000
1 0.170000 0.763000 0.168000 0.230000
10 0.382000 0.599000 0.048000 0.050000
10 0.339000 0.548000 0.046000 0.052000
2 0.118000 0.218000 0.136000 0.136000
10 0.483000 0.697000 0.042000 0.046000
10 0.442000 0.654000 0.048000 0.052000
10 0.141000 0.411000 0.046000 0.062000
10 0.726000 0.883000 0.044000 0.046000
10 0.290000 0.497000 0.048000 0.050000
10 0.543000 0.742000 0.034000 0.040000
6 0.245000 0.016000 0.062000 0.032000
1 0.885000 0.279000 0.226000 0.450000
1 0.317000 0.922000 0.338000 0.152000
10 0.900000 0.091000 0.024000 0.026000
10 0.789000 0.943000 0.050000 0.054000
2 0.032000 0.654000 0.064000 0.052000
5 0.189000 0.062000 0.078000 0.084000
10 0.010000 0.973000 0.020000 0.042000
10 0.214000 0.094000 0.044000 0.048000
10 0.008000 0.927000 0.016000 0.042000
