1 0.326000 0.684000 0.160000 0.148000
1 0.315000 0.097000 0.118000 0.102000
1 0.888000 0.574000 0.148000 0.120000
1 0.826000 0.704000 0.116000 0.116000
1 0.667000 0.682000 0.106000 0.108000
1 0.158000 0.233000 0.144000 0.134000
1 0.892000 0.888000 0.092000 0.156000
1 0.082000 0.789000 0.108000 0.106000
1 0.335000 0.199000 0.070000 0.118000
1 0.654000 0.772000 0.096000 0.084000
1 0.288000 0.864000 0.144000 0.148000
1 0.546000 0.083000 0.100000 0.102000
1 0.971000 0.477000 0.054000 0.110000
10 0.150000 0.939000 0.028000 0.046000
10 0.117000 0.539000 0.026000 0.042000
10 0.149000 0.708000 0.030000 0.056000
10 0.159000 0.765000 0.030000 0.050000
1 0.971000 0.145000 0.054000 0.126000
10 0.128000 0.599000 0.028000 0.050000
10 0.173000 0.813000 0.030000 0.046000
1 0.807000 0.793000 0.090000 0.078000
1 0.938000 0.742000 0.120000 0.136000
1 0.608000 0.950000 0.080000 0.096000
1 0.628000 0.871000 0.084000 0.078000
10 0.138000 0.651000 0.024000 0.038000
1 0.510000 0.852000 0.100000 0.204000
1 0.025000 0.606000 0.050000 0.112000
1 0.020000 0.238000 0.040000 0.088000
1 0.906000 0.028000 0.140000 0.056000
6 0.791000 0.966000 0.046000 0.028000
10 0.742000 0.841000 0.024000 0.038000
1 0.010000 0.091000 0.020000 0.178000
10 0.091000 0.403000 0.034000 0.054000
1 0.992000 0.342000 0.012000 0.120000
