10 0.317000 0.474000 0.050000 0.036000
1 0.876000 0.623000 0.244000 0.742000
10 0.729000 0.544000 0.050000 0.032000
10 0.331000 0.372000 0.050000 0.032000
10 0.376000 0.127000 0.036000 0.026000
10 0.774000 0.315000 0.040000 0.030000
10 0.048000 0.053000 0.040000 0.030000
10 0.781000 0.268000 0.038000 0.032000
10 0.682000 0.812000 0.044000 0.032000
10 0.814000 0.529000 0.020000 0.042000
10 0.789000 0.172000 0.042000 0.028000
10 0.689000 0.761000 0.046000 0.034000
10 0.128000 0.079000 0.028000 0.042000
10 0.800000 0.076000 0.048000 0.032000
10 0.655000 0.989000 0.046000 0.022000
10 0.657000 0.956000 0.046000 0.032000
10 0.421000 0.477000 0.046000 0.030000
10 0.665000 0.912000 0.046000 0.028000
10 0.699000 0.708000 0.046000 0.028000
10 0.807000 0.571000 0.022000 0.042000
10 0.385000 0.075000 0.034000 0.034000
10 0.761000 0.371000 0.042000 0.026000
10 0.428000 0.447000 0.048000 0.030000
10 0.897000 0.045000 0.018000 0.050000
10 0.066000 0.010000 0.040000 0.020000
10 0.708060 0.682260 0.044120 0.032520
10 0.788000 0.687000 0.024000 0.050000
10 0.416000 0.507000 0.044000 0.030000
10 0.729000 0.596000 0.042000 0.028000
10 0.143000 0.021000 0.026000 0.042000
10 0.474000 0.012000 0.024000 0.024000
10 0.888000 0.096000 0.020000 0.036000
10 0.575000 0.428000 0.042000 0.028000
10 0.712000 0.636000 0.048000 0.032000
10 0.789000 0.223000 0.042000 0.026000
10 0.809000 0.045000 0.046000 0.026000
1 0.552450 0.177000 0.240900 0.354000
1 0.281660 0.696850 0.319320 0.205700
2 0.824740 0.350970 0.061480 0.057940
