6 0.095000 0.554000 0.062000 0.064000
10 0.410000 0.962000 0.040000 0.036000
6 0.316000 0.831000 0.048000 0.070000
5 0.210000 0.630000 0.092000 0.116000
10 0.353000 0.911000 0.038000 0.046000
10 0.409000 0.046000 0.042000 0.036000
1 0.843000 0.314000 0.218000 0.260000
10 0.881000 0.756000 0.030000 0.044000
10 0.346000 0.975000 0.052000 0.046000
10 0.304000 0.913000 0.028000 0.050000
2 0.751000 0.971000 0.050000 0.054000
6 0.060000 0.488000 0.064000 0.060000
2 0.580000 0.166000 0.136000 0.116000
1 0.931000 0.654000 0.134000 0.284000
10 0.265000 0.745000 0.038000 0.046000
1 0.466000 0.012000 0.212000 0.024000
10 0.403000 0.906000 0.030000 0.036000
5 0.067290 0.446880 0.070580 0.057760
