1 0.694000 0.793000 0.120000 0.126000
1 0.478000 0.683000 0.152000 0.162000
1 0.809000 0.846000 0.110000 0.120000
6 0.172000 0.608000 0.056000 0.068000
10 0.457000 0.400000 0.038000 0.044000
10 0.531000 0.197000 0.038000 0.050000
10 0.278000 0.795000 0.044000 0.038000
10 0.237000 0.717000 0.038000 0.046000
6 0.405000 0.283000 0.054000 0.066000
10 0.273000 0.563000 0.034000 0.046000
1 0.858000 0.578000 0.116000 0.120000
10 0.629000 0.075000 0.038000 0.050000
10 0.729000 0.626000 0.050000 0.040000
2 0.056000 0.839000 0.072000 0.070000
10 0.157000 0.725000 0.034000 0.046000
2 0.139000 0.890000 0.078000 0.068000
10 0.014000 0.647000 0.028000 0.046000
1 0.666000 0.422000 0.120000 0.108000
10 0.857000 0.684000 0.042000 0.028000
1 0.352000 0.897000 0.216000 0.150000
1 0.959000 0.936000 0.078000 0.124000
10 0.575000 0.559000 0.042000 0.038000
1 0.947000 0.057000 0.102000 0.114000
1 0.714000 0.982000 0.088000 0.032000
1 0.952000 0.585000 0.092000 0.154000
1 0.598000 0.508000 0.088000 0.092000
1 0.876000 0.321000 0.244000 0.338000
1 0.756000 0.552000 0.080000 0.088000
1 0.101000 0.054000 0.202000 0.108000
