1 0.601000 0.461000 0.150000 0.122000
1 0.451000 0.402000 0.114000 0.092000
1 0.341000 0.376000 0.122000 0.092000
1 0.955000 0.835000 0.086000 0.106000
1 0.271000 0.895000 0.130000 0.126000
1 0.947000 0.328000 0.102000 0.120000
1 0.791000 0.059000 0.130000 0.118000
1 0.467000 0.807000 0.174000 0.142000
1 0.964000 0.726000 0.068000 0.120000
1 0.313000 0.169000 0.126000 0.078000
1 0.054000 0.420000 0.108000 0.144000
1 0.050000 0.625000 0.100000 0.294000
1 0.037000 0.281000 0.074000 0.134000
1 0.335000 0.265000 0.158000 0.098000
2 0.182000 0.712000 0.108000 0.064000
1 0.846000 0.355000 0.112000 0.130000
1 0.911000 0.034000 0.102000 0.068000
10 0.607000 0.578000 0.042000 0.036000
10 0.164000 0.816000 0.044000 0.040000
2 0.069000 0.853000 0.046000 0.142000
2 0.843000 0.608000 0.106000 0.060000
10 0.127000 0.497000 0.026000 0.042000
10 0.883000 0.753000 0.026000 0.046000
1 0.045000 0.037000 0.090000 0.074000
1 0.650000 0.971000 0.088000 0.054000
2 0.126000 0.916000 0.072000 0.048000
10 0.353000 0.672000 0.042000 0.032000
1 0.361000 0.082000 0.250000 0.132000
10 0.816000 0.789000 0.024000 0.050000
10 0.826000 0.693000 0.024000 0.046000
1 0.755000 0.940000 0.070000 0.060000
10 0.814000 0.847000 0.020000 0.046000
10 0.820000 0.742000 0.024000 0.040000
1 0.975000 0.129000 0.046000 0.250000
2 0.322000 0.742000 0.076000 0.108000
10 0.099000 0.094000 0.018000 0.040000
5 0.899000 0.470000 0.078000 0.048000
1 0.684000 0.049000 0.092000 0.094000
10 0.878000 0.807000 0.028000 0.050000
1 0.941000 0.985000 0.114000 0.026000
1 0.484000 0.930000 0.124000 0.112000
1 0.771000 0.874000 0.046000 0.056000
10 0.872000 0.907000 0.024000 0.046000
10 0.009000 0.800000 0.018000 0.028000
10 0.168000 0.985000 0.020000 0.026000
1 0.350000 0.598000 0.108000 0.116000
10 0.135000 0.332000 0.026000 0.044000
10 0.813000 0.895000 0.018000 0.034000
1 0.032000 0.119000 0.064000 0.110000
6 0.798000 0.508000 0.052000 0.036000
1 0.520000 0.046670 0.092000 0.093340
1 0.602000 0.054670 0.084000 0.109340
1 0.724000 0.412000 0.124000 0.100000
6 0.678670 0.564000 0.057340 0.040000
