1 0.779000 0.601000 0.198000 0.138000
1 0.663000 0.762000 0.350000 0.260000
10 0.233000 0.682000 0.046000 0.040000
10 0.173000 0.470000 0.030000 0.048000
10 0.850000 0.757000 0.028000 0.042000
10 0.105000 0.715000 0.026000 0.042000
10 0.733000 0.895000 0.042000 0.034000
10 0.948000 0.529000 0.028000 0.042000
10 0.325000 0.782000 0.046000 0.036000
2 0.193000 0.707000 0.046000 0.082000
10 0.271000 0.149000 0.030000 0.046000
10 0.118000 0.862000 0.036000 0.068000
1 0.052000 0.765000 0.104000 0.466000
10 0.984000 0.581000 0.028000 0.042000
10 0.157000 0.525000 0.030000 0.050000
10 0.280000 0.702000 0.044000 0.028000
1 0.154000 0.035000 0.292000 0.070000
1 0.839000 0.388000 0.318000 0.372000
10 0.218000 0.310000 0.036000 0.068000
2 0.160000 0.621000 0.096000 0.050000
1 0.124000 0.290000 0.244000 0.548000
1 0.647000 0.065000 0.178000 0.130000
10 0.490000 0.791000 0.036000 0.038000
1 0.365000 0.521000 0.314000 0.494000
10 0.532000 0.811000 0.036000 0.034000
1 0.936000 0.846000 0.124000 0.296000
10 0.142000 0.575000 0.028000 0.042000
