1 0.352000 0.917000 0.192000 0.162000
6 0.138000 0.621000 0.068000 0.050000
10 0.636000 0.589000 0.040000 0.050000
10 0.071000 0.666000 0.042000 0.036000
6 0.659000 0.534000 0.042000 0.060000
10 0.066000 0.582000 0.048000 0.036000
10 0.484000 0.883000 0.040000 0.054000
1 0.897000 0.337000 0.202000 0.290000
1 0.945000 0.915000 0.106000 0.166000
10 0.795000 0.953000 0.054000 0.046000
1 0.110820 0.864650 0.221640 0.269300
1 0.043000 0.786000 0.086000 0.204000
1 0.537000 0.544000 0.210000 0.224000
10 0.597000 0.862000 0.046000 0.032000
10 0.199000 0.661000 0.038000 0.046000
10 0.559000 0.752000 0.038000 0.052000
2 0.568000 0.795000 0.084000 0.066000
10 0.245000 0.675000 0.046000 0.038000
10 0.610000 0.650000 0.036000 0.060000
10 0.680000 0.969000 0.056000 0.042000
6 0.512000 0.958000 0.040000 0.064000
10 0.648000 0.883000 0.056000 0.046000
10 0.633000 0.946000 0.046000 0.032000
6 0.888000 0.989000 0.048000 0.018000
1 0.638000 0.966000 0.332000 0.064000
1 0.663000 0.786000 0.106000 0.168000
10 0.737000 0.989000 0.050000 0.018000
1 0.768720 0.612110 0.153440 0.124220
1 0.607860 0.385870 0.199720 0.227740
1 0.679070 0.266370 0.146140 0.132740
1 0.751690 0.108390 0.203380 0.216780
1 0.405770 0.095680 0.159540 0.147360
1 0.329590 0.299950 0.135180 0.183900
1 0.281410 0.060980 0.110820 0.105960
1 0.358980 0.620810 0.161960 0.165620
1 0.827240 0.521760 0.142480 0.131520
1 0.063940 0.456380 0.127880 0.160760
1 0.138540 0.501500 0.129080 0.151000
1 0.266380 0.493790 0.188760 0.299580
1 0.221600 0.178200 0.191200 0.164400
