1 0.378000 0.694000 0.172000 0.156000
1 0.545000 0.250000 0.138000 0.160000
1 0.379000 0.487000 0.138000 0.146000
1 0.629000 0.547000 0.110000 0.110000
1 0.867000 0.442000 0.154000 0.140000
1 0.864000 0.651000 0.120000 0.102000
1 0.075000 0.883000 0.150000 0.230000
1 0.558000 0.836000 0.180000 0.148000
1 0.805000 0.190000 0.102000 0.124000
1 0.431000 0.076000 0.122000 0.148000
1 0.694000 0.945000 0.232000 0.106000
1 0.917000 0.802000 0.162000 0.172000
1 0.943000 0.052000 0.110000 0.104000
1 0.950000 0.968000 0.096000 0.060000
1 0.661000 0.029000 0.094000 0.058000
1 0.189000 0.180000 0.378000 0.248000
1 0.816000 0.307000 0.144000 0.122000
10 0.987000 0.120000 0.022000 0.040000
1 0.459000 0.984000 0.202000 0.028000
1 0.423000 0.197000 0.090000 0.082000
11 0.388880 0.926750 0.133760 0.097500
