1 0.520200 0.410180 0.416400 0.340360
6 0.126000 0.102000 0.044000 0.056000
10 0.134000 0.883000 0.032000 0.046000
10 0.552000 0.202000 0.032000 0.044000
10 0.431000 0.640000 0.038000 0.052000
10 0.408000 0.280000 0.032000 0.040000
10 0.249000 0.301000 0.042000 0.038000
10 0.353000 0.264000 0.042000 0.040000
10 0.599000 0.548000 0.034000 0.040000
1 0.255000 0.760000 0.330000 0.440000
10 0.025000 0.756000 0.034000 0.044000
10 0.557000 0.569000 0.034000 0.038000
10 0.952000 0.629000 0.036000 0.038000
10 0.696000 0.473000 0.032000 0.042000
10 0.187000 0.066000 0.030000 0.032000
1 0.687000 0.675000 0.430000 0.334000
1 0.041000 0.341000 0.082000 0.234000
10 0.242000 0.020000 0.028000 0.040000
2 0.039000 0.086000 0.042000 0.064000
1 0.021000 0.811000 0.042000 0.162000
1 0.057000 0.021000 0.114000 0.042000
1 0.355000 0.152000 0.426000 0.300000
10 0.006000 0.715000 0.012000 0.042000
10 0.963000 0.737000 0.046000 0.042000
5 0.629000 0.944000 0.066000 0.064000
