1 0.144000 0.373000 0.288000 0.270000
1 0.416000 0.210000 0.284000 0.416000
1 0.415000 0.681000 0.262000 0.338000
1 0.795000 0.254000 0.334000 0.324000
1 0.830000 0.629000 0.336000 0.426000
2 0.742000 0.948000 0.068000 0.100000
10 0.911000 0.248000 0.046000 0.048000
2 0.109000 0.170000 0.114000 0.096000
10 0.739000 0.432000 0.038000 0.036000
10 0.811000 0.454000 0.042000 0.044000
10 0.294000 0.310000 0.040000 0.040000
10 0.337000 0.443000 0.042000 0.038000
10 0.846000 0.420000 0.036000 0.036000
10 0.373000 0.476000 0.034000 0.032000
1 0.152000 0.682320 0.304000 0.356640
10 0.833000 0.918000 0.038000 0.032000
2 0.514000 0.560000 0.052000 0.084000
10 0.975000 0.187000 0.046000 0.046000
1 0.964000 0.046000 0.068000 0.092000
1 0.075000 0.048000 0.150000 0.096000
