1 0.683850 0.203000 0.627700 0.406000
10 0.266000 0.346000 0.052000 0.032000
6 0.105000 0.301000 0.062000 0.034000
1 0.280000 0.539000 0.412000 0.246000
2 0.016000 0.174000 0.032000 0.068000
6 0.016000 0.024000 0.032000 0.048000
1 0.367000 0.748000 0.734000 0.504000
1 0.240000 0.147000 0.176000 0.110000
5 0.480020 0.464430 0.180040 0.088860
1 0.827010 0.721930 0.226020 0.191860
1 0.804780 0.889730 0.165560 0.219460
1 0.943000 0.836000 0.114000 0.272000
1 0.585380 0.639120 0.266760 0.210240
1 0.046280 0.456980 0.092560 0.105960
