1 0.434000 0.796000 0.168000 0.296000
1 0.375000 0.524000 0.178000 0.248000
10 0.298000 0.872000 0.032000 0.052000
10 0.503000 0.434000 0.030000 0.052000
10 0.587000 0.797000 0.026000 0.042000
10 0.493000 0.372000 0.030000 0.052000
10 0.243000 0.587000 0.030000 0.046000
1 0.349000 0.234000 0.146000 0.252000
10 0.955000 0.217000 0.050000 0.030000
10 0.255000 0.666000 0.034000 0.048000
10 0.777000 0.454000 0.038000 0.024000
10 0.959000 0.165000 0.050000 0.030000
10 0.844000 0.186000 0.052000 0.040000
10 0.682000 0.251000 0.052000 0.030000
10 0.186000 0.287000 0.028000 0.054000
10 0.900000 0.975000 0.032000 0.046000
10 0.204000 0.390000 0.036000 0.044000
10 0.168000 0.216000 0.036000 0.048000
10 0.985000 0.243000 0.026000 0.038000
10 0.615000 0.943000 0.026000 0.046000
1 0.779000 0.924000 0.162000 0.148000
1 0.693340 0.738680 0.174680 0.285360
1 0.262000 0.059000 0.176000 0.118000
10 0.211000 0.432000 0.038000 0.052000
10 0.146000 0.153000 0.040000 0.062000
1 0.147000 0.911000 0.122000 0.158000
1 0.074000 0.685000 0.136000 0.130000
1 0.039000 0.226000 0.078000 0.148000
10 0.594000 0.837000 0.024000 0.038000
2 0.123000 0.504000 0.038000 0.092000
10 0.098000 0.006000 0.032000 0.012000
1 0.965000 0.650000 0.070000 0.296000
1 0.731930 0.150370 0.395860 0.300740
1 0.637760 0.459300 0.159520 0.302600
1 0.053980 0.388790 0.087960 0.173580
1 0.533000 0.957000 0.118000 0.086000
