1 0.602000 0.164000 0.148000 0.136000
1 0.546000 0.423000 0.128000 0.090000
1 0.910000 0.440000 0.176000 0.172000
1 0.738000 0.702000 0.116000 0.140000
1 0.892000 0.707000 0.148000 0.130000
1 0.511000 0.680000 0.106000 0.140000
1 0.247000 0.817000 0.166000 0.134000
1 0.670000 0.466000 0.084000 0.120000
1 0.328000 0.049000 0.144000 0.094000
1 0.120000 0.802000 0.076000 0.108000
1 0.628000 0.678000 0.120000 0.116000
1 0.287000 0.382000 0.170000 0.228000
1 0.465000 0.938000 0.150000 0.120000
1 0.330000 0.150000 0.120000 0.116000
1 0.134000 0.674000 0.088000 0.120000
1 0.041000 0.684000 0.082000 0.120000
1 0.098000 0.417000 0.172000 0.122000
2 0.400000 0.482000 0.084000 0.044000
10 0.502000 0.518000 0.048000 0.028000
10 0.297000 0.538000 0.042000 0.032000
2 0.380000 0.595000 0.072000 0.042000
10 0.551000 0.522000 0.046000 0.028000
10 0.401000 0.707000 0.026000 0.038000
10 0.925000 0.562000 0.038000 0.024000
10 0.388000 0.853000 0.028000 0.042000
10 0.133000 0.984000 0.050000 0.028000
10 0.497000 0.578000 0.050000 0.028000
10 0.687000 0.541000 0.050000 0.026000
10 0.013000 0.477000 0.026000 0.026000
10 0.757000 0.538000 0.042000 0.024000
1 0.899000 0.179000 0.198000 0.150000
10 0.728000 0.601000 0.040000 0.026000
10 0.447000 0.187000 0.030000 0.042000
6 0.374000 0.971000 0.028000 0.054000
10 0.394000 0.756000 0.028000 0.052000
1 0.992000 0.705000 0.012000 0.098000
10 0.200000 0.497000 0.044000 0.022000
1 0.982000 0.938000 0.032000 0.092000
1 0.078000 0.006000 0.144000 0.012000
1 0.007000 0.171000 0.014000 0.158000
1 0.610000 0.987000 0.128000 0.022000
