1 0.451000 0.459000 0.178000 0.254000
1 0.819000 0.166000 0.138000 0.080000
1 0.816000 0.071000 0.356000 0.142000
10 0.872000 0.664000 0.052000 0.032000
10 0.073000 0.120000 0.046000 0.032000
10 0.667000 0.492000 0.042000 0.032000
10 0.212000 0.376000 0.052000 0.032000
10 0.821000 0.821000 0.042000 0.034000
10 0.654000 0.543000 0.040000 0.034000
10 0.777000 0.569000 0.038000 0.038000
10 0.542000 0.777000 0.032000 0.046000
10 0.468000 0.780000 0.048000 0.032000
10 0.680000 0.879000 0.036000 0.038000
1 0.631000 0.407000 0.126000 0.102000
10 0.617000 0.577000 0.042000 0.046000
10 0.504000 0.663000 0.036000 0.042000
10 0.893000 0.614000 0.046000 0.028000
10 0.249000 0.316000 0.050000 0.032000
10 0.756000 0.621000 0.040000 0.042000
10 0.643000 0.711000 0.038000 0.046000
10 0.582000 0.751000 0.036000 0.042000
1 0.945000 0.221000 0.106000 0.130000
10 0.869000 0.692000 0.046000 0.024000
10 0.748000 0.453000 0.028000 0.046000
10 0.622000 0.816000 0.032000 0.032000
10 0.559000 0.615000 0.038000 0.038000
10 0.590000 0.951000 0.024000 0.042000
10 0.638000 0.971000 0.028000 0.046000
10 0.471000 0.834000 0.042000 0.024000
10 0.311000 0.236000 0.030000 0.044000
10 0.648000 0.804000 0.028000 0.036000
10 0.925000 0.507000 0.046000 0.030000
10 0.020000 0.111000 0.040000 0.030000
10 0.899000 0.586000 0.050000 0.028000
10 0.206000 0.217000 0.036000 0.046000
10 0.076000 0.197000 0.032000 0.038000
10 0.476000 0.858000 0.040000 0.024000
1 0.030000 0.037000 0.060000 0.074000
10 0.921000 0.534000 0.046000 0.024000
1 0.973000 0.647000 0.050000 0.158000
10 0.331000 0.450000 0.050000 0.036000
10 0.189000 0.419000 0.050000 0.026000
10 0.700000 0.760000 0.032000 0.024000
1 0.068000 0.707000 0.136000 0.270000
1 0.980000 0.954000 0.036000 0.088000
10 0.264000 0.224000 0.036000 0.044000
10 0.007000 0.178000 0.014000 0.032000
10 0.134000 0.209000 0.032000 0.042000
1 0.450000 0.079000 0.188000 0.158000
1 0.161000 0.054000 0.098000 0.108000
6 0.720240 0.973590 0.068480 0.047180
10 0.837000 0.772000 0.038000 0.028000
