1 0.202000 0.163000 0.132000 0.110000
1 0.910000 0.384000 0.120000 0.136000
1 0.255000 0.370000 0.098000 0.116000
1 0.842000 0.763000 0.128000 0.110000
1 0.508000 0.506000 0.120000 0.116000
1 0.087000 0.714000 0.106000 0.088000
1 0.544000 0.615000 0.144000 0.110000
1 0.916000 0.577000 0.120000 0.110000
1 0.522000 0.405000 0.100000 0.102000
1 0.663000 0.798000 0.106000 0.088000
1 0.240000 0.957000 0.148000 0.082000
1 0.657000 0.233000 0.082000 0.106000
1 0.955000 0.724000 0.086000 0.172000
1 0.037000 0.941000 0.074000 0.114000
10 0.087000 0.805000 0.054000 0.038000
6 0.807000 0.456000 0.034000 0.052000
10 0.701000 0.898000 0.042000 0.028000
1 0.503000 0.317000 0.094000 0.086000
1 0.460000 0.927000 0.144000 0.090000
10 0.311000 0.844000 0.046000 0.032000
1 0.281000 0.021000 0.130000 0.042000
1 0.120000 0.961000 0.104000 0.074000
10 0.358000 0.465000 0.028000 0.046000
10 0.863000 0.922000 0.050000 0.024000
1 0.721000 0.349000 0.130000 0.126000
1 0.340000 0.255000 0.100000 0.066000
1 0.874000 0.102000 0.248000 0.200000
10 0.776000 0.643000 0.028000 0.046000
10 0.756000 0.759000 0.024000 0.046000
10 0.036000 0.795000 0.048000 0.038000
1 0.624000 0.948000 0.112000 0.100000
10 0.487000 0.868000 0.042000 0.032000
10 0.331000 0.607000 0.026000 0.042000
10 0.312000 0.742000 0.024000 0.052000
10 0.816000 0.246000 0.024000 0.048000
10 0.325000 0.656000 0.018000 0.036000
10 0.796000 0.519000 0.028000 0.054000
1 0.276000 0.670000 0.108000 0.084000
10 0.349000 0.509000 0.018000 0.034000
1 0.887000 0.966000 0.166000 0.064000
6 0.413000 0.169000 0.030000 0.066000
1 0.413000 0.672000 0.098000 0.088000
10 0.139000 0.812000 0.050000 0.032000
10 0.580000 0.883000 0.040000 0.026000
1 0.016000 0.426000 0.032000 0.104000
1 0.117000 0.314000 0.094000 0.084000
10 0.263000 0.838000 0.054000 0.028000
1 0.980000 0.294000 0.036000 0.128000
10 0.436000 0.183000 0.024000 0.050000
10 0.786000 0.583000 0.028000 0.046000
6 0.174000 0.328000 0.024000 0.044000
1 0.251000 0.257000 0.066000 0.086000
1 0.054000 0.578000 0.108000 0.168000
1 0.399000 0.758000 0.102000 0.084000
10 0.442000 0.865000 0.052000 0.038000
1 0.658000 0.017000 0.060000 0.034000
