1 0.880000 0.855000 0.236000 0.286000
1 0.647000 0.704000 0.278000 0.320000
1 0.248000 0.377000 0.136000 0.158000
1 0.059000 0.170000 0.118000 0.264000
1 0.052000 0.478000 0.104000 0.200000
1 0.249000 0.760000 0.270000 0.348000
1 0.185000 0.121000 0.154000 0.194000
1 0.537000 0.169000 0.582000 0.334000
1 0.968000 0.476000 0.060000 0.136000
10 0.272000 0.957000 0.032000 0.038000
1 0.941000 0.234000 0.114000 0.288000
1 0.479000 0.458000 0.134000 0.176000
1 0.793170 0.510820 0.230340 0.213640
1 0.546680 0.904750 0.237360 0.185500
