1 0.763000 0.069000 0.130000 0.130000
1 0.136000 0.274000 0.272000 0.260000
1 0.580000 0.700000 0.180000 0.124000
1 0.428000 0.948000 0.128000 0.100000
1 0.862000 0.538000 0.272000 0.188000
1 0.308000 0.823000 0.152000 0.110000
1 0.928000 0.233000 0.116000 0.126000
10 0.596000 0.731000 0.048000 0.038000
10 0.186000 0.927000 0.044000 0.034000
10 0.187000 0.779000 0.046000 0.034000
10 0.443000 0.805000 0.046000 0.038000
1 0.184000 0.873000 0.124000 0.102000
10 0.083000 0.971000 0.050000 0.038000
1 0.449150 0.732020 0.138300 0.124040
10 0.493000 0.784000 0.038000 0.032000
1 0.544000 0.558000 0.168000 0.132000
10 0.158000 0.032000 0.044000 0.036000
10 0.314000 0.865000 0.044000 0.038000
10 0.205000 0.017000 0.050000 0.034000
1 0.474000 0.043000 0.236000 0.086000
1 0.300000 0.574000 0.212000 0.176000
1 0.910000 0.028000 0.120000 0.056000
1 0.606000 0.915000 0.212000 0.166000
1 0.987000 0.890000 0.022000 0.208000
1 0.096000 0.733000 0.192000 0.234000
1 0.723750 0.330180 0.115500 0.108360
