1 0.799000 0.097000 0.398000 0.190000
1 0.129000 0.221000 0.258000 0.374000
10 0.772000 0.855000 0.036000 0.046000
10 0.733000 0.881000 0.034000 0.042000
10 0.862000 0.802000 0.032000 0.040000
1 0.145000 0.793000 0.290000 0.386000
10 0.809000 0.941000 0.038000 0.050000
10 0.932000 0.865000 0.040000 0.046000
10 0.894000 0.887000 0.032000 0.046000
10 0.908000 0.777000 0.032000 0.046000
6 0.957000 0.848000 0.046000 0.060000
1 0.952000 0.619000 0.092000 0.150000
10 0.269000 0.180000 0.038000 0.044000
1 0.827000 0.471330 0.342000 0.190660
10 0.817000 0.989000 0.042000 0.018000
1 0.561330 0.588000 0.218660 0.340000
1 0.456670 0.862000 0.341340 0.228000
