1 0.849000 0.372000 0.210000 0.180000
1 0.687000 0.613000 0.170000 0.190000
1 0.132000 0.569000 0.196000 0.186000
10 0.078000 0.282000 0.044000 0.044000
1 0.645000 0.052000 0.198000 0.104000
10 0.220000 0.222000 0.036000 0.044000
10 0.023000 0.430000 0.034000 0.036000
10 0.189000 0.256000 0.034000 0.036000
10 0.148000 0.291000 0.036000 0.038000
10 0.268000 0.168000 0.036000 0.036000
1 0.323000 0.393000 0.286000 0.322000
10 0.599000 0.943000 0.022000 0.038000
1 0.973000 0.144000 0.050000 0.288000
1 0.943000 0.978000 0.110000 0.040000
1 0.426000 0.899000 0.172000 0.190000
11 0.239000 0.679000 0.094000 0.110000
10 0.474000 0.042000 0.044000 0.036000
1 0.538000 0.156000 0.152000 0.148000
10 0.044000 0.323000 0.032000 0.042000
