1 0.619000 0.401000 0.166000 0.146000
1 0.786000 0.279000 0.148000 0.190000
1 0.938000 0.798000 0.120000 0.244000
1 0.221000 0.436000 0.158000 0.152000
1 0.116000 0.081000 0.204000 0.162000
1 0.359000 0.797000 0.146000 0.162000
1 0.943000 0.032000 0.110000 0.064000
1 0.710000 0.052000 0.124000 0.104000
10 0.380000 0.109000 0.052000 0.038000
10 0.830000 0.816000 0.032000 0.052000
10 0.428000 0.151000 0.040000 0.046000
1 0.832000 0.971000 0.212000 0.054000
1 0.384000 0.978000 0.208000 0.040000
1 0.020000 0.464000 0.040000 0.128000
1 0.840000 0.574000 0.116000 0.164000
