6 0.203000 0.188000 0.050000 0.060000
6 0.784000 0.096000 0.060000 0.052000
10 0.879000 0.166000 0.038000 0.036000
6 0.291000 0.665000 0.058000 0.050000
6 0.718000 0.050000 0.060000 0.048000
10 0.765000 0.327000 0.042000 0.042000
6 0.839000 0.135000 0.050000 0.046000
10 0.798150 0.341930 0.040300 0.047860
10 0.835000 0.357000 0.034000 0.042000
10 0.689000 0.253000 0.046000 0.046000
10 0.576020 0.144710 0.032040 0.041420
1 0.435540 0.435030 0.487080 0.478060
10 0.611000 0.183000 0.046000 0.050000
6 0.519000 0.097000 0.054000 0.058000
6 0.666000 0.016000 0.056000 0.032000
10 0.592000 0.943000 0.048000 0.038000
10 0.640000 0.989000 0.060000 0.018000
6 0.513000 0.852000 0.046000 0.056000
6 0.548230 0.124180 0.048460 0.044360
5 0.344320 0.505960 0.208640 0.211920
5 0.383090 0.621390 0.114180 0.106780
10 0.631000 0.196920 0.042000 0.049840
10 0.746500 0.294850 0.041000 0.049700
10 0.667590 0.223230 0.043180 0.042460
5 0.657050 0.934550 0.086100 0.065100
10 0.721930 0.274560 0.047860 0.049120
