1 0.126000 0.401000 0.252000 0.446000
2 0.112000 0.659000 0.060000 0.086000
1 0.415890 0.349640 0.175780 0.139280
10 0.334000 0.293000 0.028000 0.046000
1 0.606000 0.321000 0.232000 0.170000
10 0.298000 0.396000 0.024000 0.036000
1 0.038320 0.792980 0.076640 0.261960
1 0.883000 0.917000 0.230000 0.162000
1 0.578000 0.453000 0.140000 0.102000
10 0.315000 0.352000 0.030000 0.044000
1 0.237000 0.964000 0.274000 0.068000
1 0.962000 0.214000 0.072000 0.352000
1 0.428000 0.820000 0.196000 0.116000
1 0.237740 0.163690 0.167480 0.139380
1 0.250000 0.064000 0.112000 0.096000
1 0.531000 0.959000 0.186000 0.078000
1 0.537000 0.041000 0.190000 0.082000
1 0.654190 0.178930 0.180380 0.145860
1 0.432740 0.235650 0.129480 0.123300
1 0.343410 0.533910 0.158820 0.155820
1 0.377190 0.437100 0.118380 0.106200
1 0.758170 0.373270 0.076340 0.102540
1 0.679320 0.644830 0.214640 0.173660
1 0.569440 0.852490 0.090880 0.088980
1 0.206270 0.885120 0.108540 0.102240
1 0.781460 0.194730 0.114920 0.117460
1 0.859250 0.245670 0.138500 0.143340
