10 0.292000 0.174000 0.036000 0.052000
6 0.057000 0.528000 0.042000 0.064000
4 0.792000 0.611000 0.416000 0.778000
10 0.601000 0.366000 0.038000 0.044000
10 0.056000 0.183000 0.036000 0.034000
10 0.013000 0.857000 0.026000 0.042000
10 0.054000 0.113000 0.040000 0.034000
10 0.353460 0.141940 0.038920 0.051880
10 0.372000 0.100000 0.028000 0.036000
10 0.401000 0.018000 0.026000 0.032000
10 0.020000 0.555000 0.028000 0.046000
10 0.161000 0.055000 0.038000 0.038000
1 0.046000 0.370000 0.092000 0.324000
10 0.035670 0.588000 0.031340 0.040000
2 0.246350 0.278020 0.092700 0.064040
1 0.490560 0.168360 0.113120 0.136720
4 0.454430 0.780570 0.532860 0.437140
4 0.754430 0.141430 0.432860 0.282860
