1 0.107000 0.549000 0.118000 0.122000
1 0.050000 0.193000 0.100000 0.106000
1 0.588000 0.229000 0.120000 0.114000
1 0.696000 0.085000 0.096000 0.130000
1 0.605000 0.508000 0.186000 0.140000
1 0.469000 0.213000 0.114000 0.122000
1 0.886000 0.516000 0.124000 0.132000
1 0.777000 0.230000 0.102000 0.092000
1 0.438000 0.496000 0.124000 0.136000
1 0.779000 0.484000 0.098000 0.104000
1 0.268000 0.200000 0.100000 0.116000
1 0.310000 0.420000 0.104000 0.092000
1 0.176000 0.213000 0.096000 0.110000
1 0.413000 0.941000 0.106000 0.114000
1 0.776000 0.878000 0.148000 0.120000
1 0.659000 0.955000 0.098000 0.086000
1 0.151000 0.891000 0.146000 0.126000
1 0.876000 0.961000 0.108000 0.074000
10 0.684000 0.318000 0.048000 0.028000
1 0.924000 0.235000 0.084000 0.098000
1 0.067000 0.027000 0.134000 0.054000
1 0.032000 0.928000 0.064000 0.116000
10 0.440000 0.370000 0.044000 0.032000
1 0.037000 0.433000 0.074000 0.114000
10 0.787000 0.381000 0.046000 0.034000
10 0.596000 0.315000 0.056000 0.030000
10 0.585000 0.373000 0.042000 0.030000
10 0.533000 0.312000 0.042000 0.028000
1 0.964000 0.765000 0.068000 0.078000
1 0.964000 0.964000 0.068000 0.068000
10 0.964000 0.329000 0.052000 0.030000
10 0.276000 0.361000 0.040000 0.026000
10 0.036000 0.292000 0.040000 0.024000
10 0.042000 0.353000 0.052000 0.034000
10 0.631000 0.375000 0.042000 0.030000
1 0.546000 0.952000 0.148000 0.092000
10 0.163000 0.297000 0.090000 0.030000
1 0.797000 0.702000 0.050000 0.064000
1 0.761000 0.013000 0.114000 0.026000
1 0.854000 0.234000 0.060000 0.092000
1 0.249000 0.526000 0.194000 0.132000
1 0.387000 0.014000 0.090000 0.028000
1 0.982000 0.235000 0.032000 0.110000
