1 0.417000 0.187000 0.150000 0.150000
1 0.871000 0.206000 0.254000 0.272000
1 0.059000 0.157000 0.118000 0.206000
1 0.337000 0.445000 0.158000 0.154000
1 0.121000 0.650000 0.202000 0.180000
10 0.410000 0.663000 0.024000 0.050000
10 0.665000 0.918000 0.046000 0.032000
10 0.088000 0.758000 0.048000 0.036000
1 0.046000 0.952000 0.092000 0.092000
10 0.571000 0.894000 0.042000 0.032000
10 0.423000 0.610000 0.030000 0.048000
10 0.269000 0.809000 0.046000 0.030000
10 0.180000 0.784000 0.044000 0.032000
6 0.519000 0.881000 0.054000 0.034000
10 0.226000 0.798000 0.040000 0.032000
10 0.613000 0.904000 0.042000 0.032000
2 0.322000 0.858000 0.036000 0.068000
10 0.046000 0.746000 0.036000 0.032000
1 0.952000 0.746140 0.092000 0.396280
10 0.444000 0.532000 0.024000 0.036000
1 0.425000 0.961000 0.166000 0.074000
10 0.513000 0.291000 0.026000 0.042000
10 0.505000 0.335000 0.026000 0.042000
10 0.478000 0.414000 0.028000 0.044000
1 0.236000 0.938000 0.132000 0.120000
1 0.078000 0.442000 0.156000 0.116000
2 0.394000 0.823000 0.072000 0.046000
10 0.524000 0.246000 0.024000 0.044000
10 0.631000 0.012000 0.030000 0.024000
10 0.135000 0.770000 0.042000 0.032000
6 0.927000 0.987000 0.042000 0.022000
10 0.014000 0.732000 0.028000 0.032000
1 0.599000 0.663000 0.206000 0.318000
1 0.578000 0.982000 0.120000 0.032000
2 0.435000 0.879000 0.046000 0.074000
10 0.767000 0.950000 0.046000 0.024000
10 0.879000 0.980000 0.046000 0.028000
10 0.488000 0.377000 0.024000 0.034000
1 0.474000 0.025000 0.124000 0.050000
10 0.716000 0.934000 0.036000 0.028000
1 0.675370 0.375750 0.218740 0.327500
1 0.374380 0.309750 0.188760 0.167500
1 0.293880 0.601630 0.203760 0.191260
2 0.364500 0.912000 0.085000 0.040000
