1 0.413000 0.061000 0.190000 0.122000
1 0.832000 0.247000 0.332000 0.134000
1 0.374000 0.786000 0.288000 0.196000
10 0.503000 0.689000 0.046000 0.030000
1 0.128000 0.927000 0.256000 0.142000
2 0.906000 0.853000 0.048000 0.098000
10 0.139000 0.467000 0.050000 0.038000
10 0.209000 0.495000 0.042000 0.034000
10 0.064000 0.209000 0.044000 0.030000
10 0.922000 0.409000 0.048000 0.034000
10 0.876000 0.788000 0.052000 0.040000
10 0.795000 0.411000 0.046000 0.034000
10 0.867000 0.407000 0.046000 0.026000
10 0.222000 0.634000 0.044000 0.028000
10 0.136000 0.267000 0.044000 0.034000
10 0.686000 0.453000 0.024000 0.046000
10 0.975000 0.415000 0.046000 0.034000
2 0.964000 0.942000 0.068000 0.060000
1 0.104000 0.689000 0.208000 0.250000
10 0.337000 0.957000 0.034000 0.046000
10 0.714000 0.454000 0.024000 0.044000
10 0.386000 0.982000 0.036000 0.036000
10 0.411000 0.969000 0.034000 0.046000
10 0.036000 0.564000 0.048000 0.036000
6 0.505000 0.605000 0.062000 0.038000
2 0.980000 0.820000 0.036000 0.060000
10 0.943000 0.779000 0.018000 0.034000
10 0.129000 0.190000 0.042000 0.036000
