10 0.775000 0.452000 0.042000 0.048000
5 0.407000 0.231000 0.070000 0.074000
10 0.844000 0.525000 0.040000 0.042000
10 0.671000 0.433000 0.046000 0.054000
10 0.405000 0.383000 0.038000 0.046000
6 0.626000 0.101000 0.052000 0.054000
10 0.890000 0.307000 0.040000 0.042000
10 0.705000 0.128000 0.042000 0.040000
10 0.801250 0.577000 0.050500 0.062000
10 0.283000 0.284000 0.046000 0.048000
10 0.883000 0.700000 0.046000 0.060000
10 0.751000 0.168000 0.042000 0.040000
10 0.919000 0.543000 0.042000 0.042000
10 0.573000 0.100000 0.038000 0.036000
10 0.691000 0.365000 0.042000 0.046000
10 0.394000 0.102000 0.040000 0.040000
10 0.470000 0.172000 0.044000 0.044000
10 0.408000 0.552000 0.040000 0.040000
10 0.829000 0.452000 0.042000 0.048000
10 0.742000 0.248000 0.040000 0.048000
1 0.371470 0.744190 0.358940 0.364380
10 0.549000 0.238000 0.046000 0.048000
10 0.522000 0.058000 0.044000 0.048000
10 0.519000 0.149000 0.050000 0.046000
10 0.837000 0.251000 0.038000 0.042000
10 0.223000 0.385000 0.034000 0.034000
10 0.611000 0.292000 0.046000 0.044000
10 0.374000 0.038000 0.048000 0.044000
10 0.844000 0.304000 0.040000 0.044000
10 0.300000 0.039000 0.040000 0.042000
10 0.899000 0.354000 0.034000 0.040000
10 0.104000 0.150000 0.044000 0.044000
10 0.980000 0.440000 0.036000 0.044000
10 0.573000 0.058000 0.038000 0.040000
10 0.849000 0.352000 0.042000 0.044000
6 0.577000 0.024000 0.046000 0.044000
10 0.934000 0.432000 0.036000 0.048000
10 0.803000 0.304000 0.042000 0.048000
6 0.942000 0.621000 0.060000 0.070000
10 0.460000 0.017000 0.044000 0.034000
10 0.107000 0.020000 0.042000 0.036000
10 0.793000 0.210000 0.042000 0.044000
10 0.711000 0.180000 0.046000 0.044000
10 0.987000 0.624000 0.022000 0.044000
10 0.656000 0.088000 0.036000 0.040000
10 0.761000 0.379000 0.034000 0.038000
1 0.920000 0.074000 0.156000 0.148000
10 0.516000 0.014000 0.040000 0.028000
10 0.232000 0.007000 0.044000 0.014000
1 0.179240 0.604290 0.358480 0.440580
1 0.502000 0.880000 0.444000 0.240000
