1 0.222600 0.794680 0.169200 0.149360
5 0.846000 0.146000 0.064000 0.100000
6 0.667660 0.390120 0.043320 0.068240
1 0.793000 0.716000 0.410000 0.472000
6 0.641000 0.402000 0.042000 0.060000
6 0.709000 0.371000 0.042000 0.070000
6 0.557000 0.433000 0.042000 0.066000
10 0.751000 0.344000 0.034000 0.048000
1 0.193000 0.522000 0.222000 0.316000
6 0.737000 0.123000 0.050000 0.038000
10 0.226000 0.932000 0.048000 0.032000
6 0.791000 0.236000 0.066000 0.040000
10 0.738000 0.487000 0.032000 0.050000
10 0.791000 0.476000 0.026000 0.040000
6 0.552000 0.658000 0.060000 0.032000
2 0.054000 0.585000 0.092000 0.050000
10 0.984000 0.285000 0.028000 0.050000
10 0.523000 0.612000 0.046000 0.032000
6 0.723000 0.026000 0.042000 0.052000
10 0.902000 0.228000 0.048000 0.036000
10 0.232000 0.989000 0.048000 0.018000
6 0.594000 0.701000 0.032000 0.050000
10 0.897000 0.476000 0.038000 0.028000
1 0.441000 0.223000 0.674000 0.446000
10 0.830000 0.461000 0.024000 0.030000
10 0.570000 0.549000 0.032000 0.046000
10 0.229000 0.962000 0.046000 0.028000
1 0.931000 0.132000 0.134000 0.260000
10 0.561000 0.707000 0.042000 0.038000
10 0.772000 0.205000 0.048000 0.038000
10 0.520000 0.559000 0.060000 0.038000
10 0.628000 0.527000 0.028000 0.046000
