1 0.125000 0.225000 0.110000 0.118000
2 0.939000 0.827000 0.074000 0.074000
10 0.228000 0.699000 0.044000 0.046000
1 0.082000 0.369000 0.164000 0.234000
2 0.791000 0.661000 0.074000 0.074000
2 0.719000 0.717000 0.062000 0.066000
10 0.577000 0.538000 0.046000 0.060000
10 0.641000 0.633000 0.042000 0.054000
10 0.548000 0.315000 0.040000 0.050000
10 0.555000 0.457000 0.038000 0.042000
10 0.035000 0.078000 0.042000 0.044000
10 0.680000 0.633000 0.036000 0.046000
10 0.509000 0.445000 0.034000 0.046000
1 0.969000 0.089000 0.058000 0.178000
10 0.913000 0.088000 0.022000 0.048000
2 0.968000 0.663000 0.060000 0.070000
10 0.515000 0.404000 0.042000 0.052000
1 0.420000 0.705000 0.184000 0.210000
1 0.029000 0.800000 0.058000 0.196000
1 0.237310 0.772460 0.186620 0.188920
1 0.238310 0.518850 0.272620 0.281700
1 0.085380 0.598000 0.170760 0.220000
4 0.547690 0.958760 0.215380 0.081520
1 0.205690 0.302460 0.135380 0.136920
1 0.137430 0.886180 0.118860 0.140360
10 0.605170 0.525500 0.030340 0.043000
10 0.637600 0.568970 0.039200 0.037940
