1 0.346000 0.765000 0.688000 0.466000
1 0.344000 0.086000 0.328000 0.172000
10 0.286000 0.643000 0.048000 0.038000
1 0.934000 0.826000 0.128000 0.292000
6 0.175000 0.639000 0.054000 0.046000
10 0.561000 0.268000 0.050000 0.044000
10 0.410000 0.200000 0.048000 0.032000
1 0.765000 0.120000 0.466000 0.240000
10 0.071000 0.705000 0.042000 0.034000
1 0.165380 0.471690 0.330760 0.235380
10 0.319000 0.536000 0.042000 0.036000
10 0.187000 0.124000 0.046000 0.040000
2 0.564000 0.494000 0.072000 0.068000
2 0.788000 0.251000 0.080000 0.070000
10 0.613000 0.541000 0.042000 0.046000
2 0.629000 0.291000 0.110000 0.066000
10 0.628000 0.229000 0.036000 0.030000
2 0.517000 0.176000 0.082000 0.068000
2 0.443000 0.215000 0.050000 0.074000
10 0.512000 0.013000 0.040000 0.026000
1 0.688460 0.905850 0.316920 0.187700
6 0.679380 0.614000 0.050760 0.060000
1 0.901690 0.262310 0.195380 0.224620
