1 0.880000 0.478000 0.236000 0.300000
10 0.107000 0.534000 0.042000 0.040000
10 0.739000 0.592000 0.046000 0.036000
10 0.289000 0.261000 0.034000 0.050000
10 0.917000 0.028000 0.042000 0.044000
10 0.364000 0.212000 0.040000 0.052000
10 0.978000 0.610000 0.032000 0.048000
10 0.932000 0.591000 0.032000 0.046000
10 0.465000 0.143000 0.034000 0.042000
10 0.643000 0.167000 0.046000 0.038000
10 0.213000 0.283000 0.034000 0.054000
10 0.190000 0.481000 0.040000 0.038000
2 0.874000 0.042000 0.056000 0.080000
10 0.325000 0.092000 0.038000 0.044000
10 0.605000 0.037000 0.038000 0.042000
2 0.177000 0.770000 0.082000 0.068000
10 0.597000 0.347000 0.046000 0.046000
10 0.402000 0.038000 0.036000 0.052000
10 0.502000 0.106000 0.040000 0.048000
10 0.976000 0.729000 0.028000 0.042000
10 0.724000 0.519000 0.032000 0.050000
10 0.816000 0.673000 0.024000 0.034000
8 0.309630 0.536250 0.211260 0.192500
10 0.229000 0.457000 0.042000 0.038000
10 0.024000 0.707000 0.036000 0.046000
10 0.265000 0.430000 0.038000 0.036000
1 0.605000 0.823000 0.334000 0.350000
10 0.122000 0.184000 0.036000 0.052000
10 0.066000 0.770000 0.048000 0.040000
10 0.299000 0.403000 0.038000 0.034000
6 0.168000 0.299000 0.036000 0.062000
10 0.174000 0.167000 0.024000 0.050000
10 0.008000 0.224000 0.016000 0.044000
10 0.606000 0.194000 0.036000 0.032000
10 0.669000 0.012000 0.042000 0.024000
6 0.402880 0.357500 0.061760 0.055000
10 0.019000 0.849000 0.038000 0.042000
10 0.470000 0.009000 0.040000 0.018000
10 0.023000 0.338000 0.030000 0.044000
10 0.568000 0.221000 0.036000 0.030000
10 0.042000 0.813000 0.036000 0.038000
2 0.928000 0.105000 0.060000 0.090000
10 0.844000 0.557000 0.032000 0.050000
