1 0.190000 0.901000 0.380000 0.194000
1 0.915000 0.652000 0.158000 0.156000
10 0.247000 0.343000 0.038000 0.038000
1 0.380000 0.536000 0.132000 0.128000
10 0.338000 0.229000 0.044000 0.054000
10 0.221000 0.126000 0.038000 0.044000
10 0.375000 0.797000 0.034000 0.042000
10 0.205000 0.373000 0.050000 0.050000
10 0.106000 0.039000 0.040000 0.050000
10 0.143000 0.064000 0.042000 0.044000
10 0.074000 0.205000 0.036000 0.038000
10 0.255000 0.529000 0.050000 0.050000
10 0.356000 0.367000 0.044000 0.046000
10 0.130000 0.311000 0.052000 0.050000
10 0.959000 0.253000 0.042000 0.042000
10 0.270000 0.172000 0.036000 0.044000
1 0.479000 0.222000 0.866000 0.444000
10 0.013000 0.118000 0.026000 0.044000
10 0.158000 0.268000 0.044000 0.044000
1 0.724000 0.833000 0.264000 0.314000
10 0.186000 0.232000 0.044000 0.044000
1 0.090000 0.677230 0.180000 0.398460
10 0.214060 0.270800 0.044120 0.057600
10 0.089120 0.184510 0.050240 0.049020
10 0.293320 0.185610 0.030640 0.039220
