1 0.194000 0.786000 0.388000 0.424000
1 0.961000 0.329000 0.074000 0.114000
1 0.812000 0.398000 0.124000 0.136000
1 0.681000 0.948000 0.162000 0.100000
1 0.860000 0.231000 0.120000 0.162000
1 0.207000 0.433920 0.178000 0.219840
1 0.500710 0.740150 0.113420 0.152300
6 0.484000 0.631000 0.024000 0.050000
1 0.045530 0.134540 0.091060 0.269080
1 0.952000 0.550000 0.092000 0.176000
1 0.323200 0.176020 0.218400 0.164040
1 0.551670 0.233850 0.127340 0.163700
1 0.694570 0.143290 0.229140 0.182580
1 0.446910 0.882290 0.141820 0.172580
1 0.412080 0.458420 0.200160 0.176840
1 0.729480 0.321610 0.122960 0.119220
1 0.918810 0.792690 0.161620 0.217380
1 0.891680 0.471130 0.163360 0.134260
1 0.264630 0.290730 0.149260 0.145460
