1 0.478000 0.402000 0.124000 0.132000
1 0.927000 0.920000 0.142000 0.148000
1 0.538000 0.668000 0.156000 0.136000
1 0.610000 0.075000 0.148000 0.134000
1 0.313000 0.061000 0.182000 0.122000
1 0.640000 0.194000 0.144000 0.116000
1 0.146000 0.366000 0.152000 0.140000
1 0.354000 0.540000 0.128000 0.104000
10 0.327000 0.408000 0.034000 0.040000
2 0.154000 0.654000 0.052000 0.108000
1 0.087000 0.500000 0.138000 0.116000
10 0.215000 0.514000 0.030000 0.044000
10 0.077000 0.657000 0.046000 0.038000
1 0.088000 0.859000 0.140000 0.102000
2 0.291000 0.921000 0.050000 0.110000
10 0.201000 0.884000 0.046000 0.028000
11 0.583000 0.462000 0.046000 0.056000
10 0.377000 0.152000 0.030000 0.044000
10 0.380000 0.786000 0.064000 0.048000
10 0.467000 0.941000 0.042000 0.034000
10 0.276000 0.380000 0.028000 0.040000
10 0.338000 0.948000 0.040000 0.028000
10 0.262000 0.702000 0.048000 0.036000
1 0.696000 0.412000 0.144000 0.104000
1 0.684000 0.959000 0.128000 0.078000
10 0.250000 0.634000 0.052000 0.028000
10 0.283000 0.255000 0.042000 0.030000
1 0.916000 0.533000 0.100000 0.090000
1 0.067000 0.733000 0.134000 0.126000
10 0.235000 0.229000 0.054000 0.042000
10 0.197000 0.837000 0.022000 0.046000
1 0.135000 0.952000 0.078000 0.092000
10 0.256000 0.661000 0.036000 0.026000
10 0.473000 0.992000 0.054000 0.012000
10 0.425000 0.980000 0.046000 0.036000
1 0.991000 0.240000 0.014000 0.092000
10 0.032000 0.634000 0.036000 0.028000
1 0.340000 0.984000 0.148000 0.028000
1 0.008000 0.955000 0.016000 0.086000
1 0.076000 0.054000 0.152000 0.108000
