1 0.223000 0.451000 0.310000 0.410000
1 0.774000 0.163000 0.244000 0.222000
1 0.853000 0.945000 0.290000 0.106000
10 0.873000 0.622000 0.046000 0.032000
10 0.971000 0.651000 0.046000 0.038000
10 0.510000 0.300000 0.032000 0.056000
10 0.797000 0.543000 0.042000 0.030000
10 0.745000 0.546000 0.046000 0.028000
10 0.845000 0.545000 0.042000 0.026000
10 0.437000 0.316000 0.026000 0.048000
10 0.898000 0.552000 0.028000 0.024000
10 0.703000 0.545000 0.038000 0.026000
10 0.452000 0.360000 0.028000 0.048000
10 0.053000 0.149000 0.042000 0.026000
10 0.469000 0.421000 0.022000 0.034000
