5 0.702000 0.555000 0.092000 0.118000
1 0.723000 0.254000 0.226000 0.280000
10 0.879000 0.761000 0.038000 0.042000
1 0.863000 0.543000 0.226000 0.170000
10 0.542000 0.147000 0.032000 0.050000
1 0.908000 0.685000 0.180000 0.138000
1 0.089000 0.692000 0.122000 0.116000
10 0.670000 0.361000 0.036000 0.050000
6 0.629000 0.272000 0.038000 0.052000
2 0.362000 0.107000 0.088000 0.086000
10 0.737000 0.651000 0.042000 0.046000
10 0.705000 0.440000 0.034000 0.044000
10 0.800000 0.733000 0.036000 0.042000
10 0.507000 0.339000 0.042000 0.050000
10 0.950000 0.851000 0.040000 0.046000
10 0.516000 0.088000 0.032000 0.048000
1 0.381000 0.037000 0.134000 0.074000
1 0.628000 0.749000 0.232000 0.326000
10 0.540000 0.383000 0.028000 0.038000
1 0.145000 0.325000 0.290000 0.522000
10 0.972000 0.962000 0.028000 0.036000
2 0.549000 0.219000 0.122000 0.110000
2 0.499000 0.027000 0.082000 0.054000
10 0.774000 0.696000 0.024000 0.024000
