1 0.237000 0.703000 0.474000 0.286000
10 0.384000 0.591000 0.028000 0.046000
6 0.429020 0.603360 0.034040 0.054720
6 0.449000 0.610000 0.034000 0.056000
10 0.503100 0.810410 0.046200 0.032820
10 0.511000 0.779000 0.058000 0.042000
10 0.614000 0.583000 0.028000 0.046000
10 0.836000 0.051000 0.028000 0.046000
10 0.156000 0.483000 0.032000 0.050000
10 0.636000 0.536000 0.032000 0.048000
10 0.492000 0.633000 0.032000 0.046000
1 0.671780 0.153300 0.211560 0.290600
10 0.758000 0.244000 0.028000 0.044000
10 0.816000 0.180000 0.032000 0.044000
10 0.658000 0.488000 0.032000 0.048000
10 0.814000 0.100000 0.036000 0.052000
10 0.698000 0.387000 0.028000 0.050000
10 0.175370 0.502140 0.026740 0.052280
10 0.197450 0.513530 0.038900 0.051060
10 0.237280 0.528930 0.042560 0.049860
10 0.222410 0.516320 0.032820 0.048640
10 0.258000 0.533000 0.028000 0.042000
10 0.849000 0.244000 0.042000 0.032000
10 0.483000 0.855000 0.050000 0.038000
10 0.116000 0.554000 0.040000 0.028000
10 0.439000 0.948000 0.046000 0.036000
10 0.856000 0.013000 0.028000 0.026000
10 0.450750 0.931020 0.053500 0.034040
10 0.460000 0.900000 0.036000 0.032000
10 0.853000 0.161000 0.034000 0.050000
10 0.536000 0.649000 0.028000 0.042000
10 0.716000 0.336000 0.028000 0.048000
10 0.360000 0.660000 0.036000 0.028000
10 0.422000 0.987000 0.044000 0.022000
10 0.089000 0.456000 0.030000 0.044000
10 0.028000 0.432000 0.028000 0.040000
1 0.561080 0.401410 0.206160 0.306820
10 0.673000 0.436000 0.034000 0.044000
10 0.957000 0.013000 0.046000 0.026000
10 0.300410 0.549280 0.032820 0.042560
10 0.320000 0.559000 0.028000 0.046000
10 0.069000 0.532000 0.042000 0.028000
1 0.899000 0.806000 0.202000 0.320000
10 0.317000 0.640000 0.038000 0.024000
10 0.282410 0.540320 0.032820 0.048640
