1 0.108000 0.680000 0.168000 0.176000
1 0.111000 0.934000 0.222000 0.128000
1 0.671000 0.531000 0.386000 0.314000
1 0.524000 0.758000 0.124000 0.148000
1 0.711000 0.179000 0.438000 0.274000
10 0.746000 0.745000 0.032000 0.046000
1 0.498000 0.950000 0.112000 0.096000
1 0.973000 0.490000 0.050000 0.108000
1 0.348000 0.175000 0.236000 0.350000
10 0.656000 0.913000 0.028000 0.042000
1 0.860000 0.968000 0.196000 0.060000
10 0.770000 0.701000 0.032000 0.042000
1 0.964000 0.622000 0.068000 0.116000
1 0.975000 0.105000 0.046000 0.202000
10 0.991000 0.220000 0.014000 0.036000
1 0.215000 0.544000 0.290000 0.176000
6 0.029000 0.420000 0.054000 0.024000
1 0.014000 0.112000 0.028000 0.224000
1 0.984000 0.931000 0.028000 0.078000
1 0.416250 0.458740 0.124500 0.109480
