1 0.318270 0.036020 0.132540 0.072040
1 0.745590 0.804010 0.175180 0.160020
1 0.493000 0.306000 0.198000 0.164000
1 0.261000 0.670000 0.198000 0.184000
1 0.735000 0.093000 0.398000 0.186000
1 0.596000 0.906000 0.184000 0.184000
1 0.068000 0.922000 0.136000 0.152000
1 0.075000 0.438000 0.146000 0.152000
10 0.182000 0.761000 0.036000 0.050000
2 0.056000 0.786000 0.080000 0.112000
1 0.315000 0.292000 0.142000 0.136000
1 0.176000 0.028000 0.180000 0.056000
10 0.643000 0.440000 0.038000 0.044000
2 0.458000 0.091000 0.128000 0.054000
1 0.451000 0.904000 0.114000 0.144000
6 0.642000 0.291000 0.036000 0.070000
10 0.040000 0.529000 0.032000 0.050000
10 0.937000 0.211000 0.050000 0.034000
1 0.027000 0.289000 0.054000 0.102000
10 0.025000 0.677000 0.034000 0.050000
1 0.018000 0.180000 0.036000 0.132000
10 0.687000 0.236000 0.050000 0.036000
1 0.271000 0.856000 0.198000 0.176000
10 0.612000 0.298000 0.024000 0.052000
10 0.475000 0.032000 0.030000 0.048000
10 0.783000 0.178000 0.042000 0.028000
1 0.680000 0.545000 0.232000 0.234000
1 0.943000 0.650000 0.110000 0.172000
1 0.961000 0.931000 0.074000 0.134000
1 0.402000 0.991000 0.172000 0.014000
1 0.924000 0.383000 0.148000 0.110000
1 0.049000 0.006000 0.086000 0.012000
