1 0.777000 0.685000 0.446000 0.250000
1 0.253690 0.070780 0.235380 0.141560
6 0.876000 0.370000 0.068000 0.048000
1 0.235000 0.529000 0.130000 0.098000
1 0.745000 0.137000 0.102000 0.102000
1 0.287000 0.168000 0.174000 0.068000
6 0.678000 0.522000 0.060000 0.044000
1 0.085000 0.133000 0.146000 0.082000
10 0.733000 0.433000 0.050000 0.034000
10 0.793000 0.434000 0.042000 0.036000
10 0.906000 0.415000 0.048000 0.034000
6 0.028000 0.813000 0.056000 0.046000
10 0.806000 0.747000 0.024000 0.050000
10 0.854000 0.441000 0.060000 0.042000
10 0.934000 0.346000 0.036000 0.032000
1 0.248000 0.441000 0.112000 0.098000
1 0.938000 0.152000 0.120000 0.300000
10 0.647000 0.042000 0.038000 0.056000
10 0.115000 0.770000 0.050000 0.040000
10 0.682000 0.613000 0.024000 0.050000
10 0.477000 0.611000 0.062000 0.046000
10 0.640000 0.343000 0.024000 0.034000
2 0.129000 0.677000 0.086000 0.070000
10 0.584000 0.153000 0.024000 0.050000
10 0.934000 0.634000 0.028000 0.056000
10 0.582000 0.096000 0.020000 0.052000
10 0.989000 0.362000 0.018000 0.036000
1 0.172000 0.931000 0.336000 0.134000
6 0.740000 0.494000 0.064000 0.040000
2 0.647000 0.438000 0.082000 0.048000
10 0.644000 0.096000 0.024000 0.044000
10 0.640000 0.386000 0.024000 0.052000
1 0.076000 0.494000 0.152000 0.528000
6 0.160000 0.183000 0.024000 0.050000
6 0.645000 0.220000 0.034000 0.068000
10 0.578000 0.410000 0.020000 0.036000
1 0.680000 0.913000 0.636000 0.162000
10 0.585000 0.004000 0.022000 0.008000
1 0.537000 0.294000 0.090000 0.096000
