1 0.308000 0.209000 0.136000 0.118000
1 0.795000 0.699000 0.186000 0.166000
1 0.733000 0.886000 0.126000 0.180000
1 0.486000 0.702000 0.128000 0.176000
1 0.571000 0.328000 0.134000 0.144000
1 0.257000 0.547000 0.142000 0.162000
1 0.080000 0.187000 0.128000 0.118000
1 0.891000 0.303000 0.134000 0.142000
1 0.269000 0.356000 0.118000 0.112000
1 0.465000 0.850000 0.114000 0.120000
1 0.192000 0.800000 0.160000 0.268000
1 0.583000 0.183000 0.130000 0.114000
1 0.344000 0.071000 0.148000 0.126000
1 0.936000 0.603000 0.124000 0.142000
1 0.052000 0.452000 0.104000 0.120000
1 0.621000 0.061000 0.126000 0.122000
1 0.082000 0.306000 0.136000 0.112000
1 0.777000 0.065000 0.178000 0.130000
1 0.943000 0.805000 0.110000 0.138000
1 0.437000 0.952000 0.126000 0.092000
1 0.640000 0.506000 0.124000 0.124000
10 0.674000 0.182000 0.056000 0.036000
1 0.753000 0.421000 0.186000 0.150000
1 0.134000 0.961000 0.120000 0.074000
1 0.027000 0.610000 0.054000 0.184000
10 0.722000 0.114000 0.028000 0.044000
10 0.552000 0.948000 0.024000 0.048000
10 0.967000 0.350000 0.038000 0.040000
10 0.911000 0.872000 0.038000 0.032000
10 0.673000 0.989000 0.050000 0.018000
10 0.619000 0.258000 0.038000 0.036000
1 0.017000 0.908000 0.034000 0.124000
1 0.076000 0.013000 0.148000 0.026000
10 0.510000 0.987000 0.044000 0.022000
1 0.532750 0.541430 0.129500 0.126860
