1 0.289000 0.377000 0.430000 0.458000
10 0.548000 0.444000 0.040000 0.048000
10 0.656000 0.594000 0.036000 0.032000
1 0.844000 0.760000 0.228000 0.256000
1 0.915000 0.388000 0.166000 0.296000
10 0.152000 0.886000 0.036000 0.040000
10 0.407000 0.607000 0.034000 0.042000
10 0.237000 0.675000 0.038000 0.046000
10 0.106000 0.747000 0.040000 0.042000
10 0.442000 0.557000 0.036000 0.050000
10 0.268000 0.633000 0.036000 0.046000
10 0.140000 0.707000 0.036000 0.038000
10 0.188000 0.918000 0.028000 0.024000
10 0.312000 0.658000 0.032000 0.032000
1 0.675000 0.924000 0.250000 0.148000
10 0.978000 0.018000 0.040000 0.036000
10 0.298000 0.719000 0.036000 0.042000
10 0.114000 0.854000 0.028000 0.032000
10 0.709000 0.495000 0.022000 0.026000
