1 0.206000 0.712000 0.184000 0.140000
1 0.927000 0.496000 0.142000 0.096000
1 0.864000 0.594000 0.120000 0.108000
1 0.361000 0.899000 0.094000 0.098000
1 0.046000 0.888000 0.092000 0.112000
1 0.907000 0.385000 0.138000 0.106000
1 0.642000 0.750000 0.120000 0.092000
1 0.538000 0.512000 0.300000 0.152000
1 0.633000 0.924000 0.122000 0.148000
1 0.379000 0.724000 0.102000 0.116000
10 0.417000 0.578000 0.054000 0.028000
10 0.524000 0.715000 0.024000 0.042000
10 0.514000 0.827000 0.028000 0.046000
10 0.506000 0.929000 0.024000 0.046000
1 0.230000 0.973000 0.132000 0.050000
10 0.379000 0.619000 0.046000 0.026000
1 0.420000 0.987000 0.064000 0.022000
1 0.909000 0.948000 0.098000 0.084000
