1 0.640000 0.343000 0.116000 0.102000
1 0.347000 0.322000 0.142000 0.132000
1 0.121000 0.073000 0.102000 0.098000
1 0.738000 0.247000 0.116000 0.134000
1 0.633000 0.150000 0.094000 0.084000
1 0.409000 0.442000 0.106000 0.096000
1 0.313000 0.795000 0.146000 0.102000
1 0.603000 0.566000 0.090000 0.096000
1 0.402000 0.565000 0.112000 0.166000
1 0.352000 0.171000 0.104000 0.090000
1 0.293000 0.513000 0.110000 0.074000
1 0.053000 0.304000 0.078000 0.120000
1 0.139000 0.324000 0.094000 0.100000
1 0.035000 0.601000 0.070000 0.130000
1 0.374000 0.096000 0.140000 0.076000
1 0.125000 0.225000 0.078000 0.062000
10 0.289000 0.903000 0.034000 0.042000
10 0.233000 0.813000 0.034000 0.046000
10 0.117000 0.821000 0.026000 0.042000
1 0.201000 0.596000 0.102000 0.112000
1 0.101000 0.955000 0.202000 0.086000
10 0.263000 0.858000 0.034000 0.052000
10 0.487000 0.577000 0.026000 0.046000
10 0.557000 0.064000 0.034000 0.044000
10 0.157000 0.865000 0.030000 0.038000
10 0.245000 0.989000 0.034000 0.018000
1 0.055000 0.016000 0.062000 0.032000
10 0.315000 0.948000 0.030000 0.036000
1 0.441000 0.915000 0.198000 0.166000
1 0.219000 0.064000 0.066000 0.128000
10 0.345000 0.992000 0.030000 0.012000
1 0.578000 0.875000 0.084000 0.074000
1 0.724000 0.486000 0.096000 0.056000
1 0.109970 0.599010 0.087940 0.126020
