1 0.254000 0.245000 0.212000 0.246000
1 0.617000 0.041000 0.126000 0.082000
1 0.945000 0.149000 0.106000 0.090000
12 0.469000 0.957000 0.182000 0.082000
1 0.460000 0.204000 0.236000 0.224000
10 0.008000 0.657000 0.016000 0.046000
1 0.934000 0.716000 0.128000 0.296000
1 0.315000 0.757000 0.626000 0.338000
1 0.043000 0.294000 0.086000 0.308000
1 0.904000 0.962000 0.188000 0.072000
1 0.307710 0.078290 0.151420 0.148580
10 0.246000 0.019000 0.028000 0.038000
1 0.814000 0.089000 0.076000 0.078000
1 0.863000 0.017000 0.190000 0.034000
1 0.774040 0.658190 0.304080 0.268380
1 0.091880 0.100820 0.183760 0.201640
1 0.648140 0.170570 0.124280 0.177140
