6 0.114000 0.656000 0.044000 0.056000
6 0.106000 0.835000 0.056000 0.042000
10 0.575000 0.508000 0.042000 0.036000
10 0.391000 0.207000 0.046000 0.030000
2 0.582000 0.151000 0.056000 0.086000
10 0.783000 0.628000 0.042000 0.036000
10 0.311000 0.224000 0.042000 0.028000
10 0.127000 0.085000 0.046000 0.030000
10 0.051000 0.903000 0.046000 0.042000
10 0.171000 0.252000 0.046000 0.032000
2 0.562000 0.035000 0.052000 0.070000
2 0.235000 0.224000 0.070000 0.088000
1 0.558000 0.704000 0.884000 0.592000
6 0.497000 0.191000 0.062000 0.038000
10 0.514000 0.019000 0.044000 0.026000
2 0.800000 0.059000 0.048000 0.106000
1 0.094000 0.052000 0.188000 0.104000
1 0.978000 0.149000 0.040000 0.134000
2 0.218150 0.098150 0.072300 0.072300
1 0.073840 0.466770 0.147680 0.341540
1 0.753180 0.474820 0.182360 0.197640
8 0.679420 0.077460 0.178840 0.154920
