1 0.908000 0.054000 0.180000 0.108000
1 0.229000 0.915000 0.174000 0.166000
10 0.308000 0.731000 0.044000 0.038000
10 0.739000 0.795000 0.038000 0.046000
10 0.689000 0.851000 0.038000 0.046000
1 0.301000 0.509000 0.350000 0.330000
10 0.529000 0.680000 0.042000 0.048000
10 0.856000 0.885000 0.036000 0.050000
10 0.895000 0.821000 0.034000 0.050000
10 0.559000 0.788000 0.038000 0.040000
10 0.391000 0.761000 0.046000 0.034000
10 0.472000 0.387000 0.040000 0.058000
10 0.209000 0.689000 0.046000 0.038000
10 0.139000 0.665000 0.050000 0.038000
10 0.260000 0.708000 0.044000 0.036000
10 0.653000 0.897000 0.042000 0.054000
10 0.086000 0.642000 0.044000 0.036000
10 0.552000 0.610000 0.032000 0.048000
10 0.375000 0.110000 0.030000 0.048000
1 0.769000 0.401000 0.458000 0.234000
2 0.343000 0.769000 0.054000 0.070000
10 0.505000 0.475000 0.026000 0.038000
1 0.504000 0.065000 0.184000 0.130000
10 0.538000 0.844000 0.032000 0.060000
5 0.458000 0.948000 0.068000 0.100000
6 0.829000 0.940000 0.042000 0.060000
10 0.391000 0.157000 0.034000 0.054000
2 0.552000 0.565000 0.080000 0.042000
10 0.051000 0.017000 0.038000 0.034000
10 0.800000 0.987000 0.036000 0.022000
10 0.520000 0.518000 0.032000 0.044000
1 0.097000 0.795000 0.194000 0.222000
10 0.506000 0.908000 0.040000 0.052000
10 0.935000 0.809000 0.038000 0.054000
10 0.343000 0.019000 0.026000 0.034000
1 0.313000 0.247000 0.210000 0.194000
