1 0.237000 0.201000 0.118000 0.114000
1 0.128000 0.472000 0.144000 0.136000
1 0.326000 0.365000 0.120000 0.106000
1 0.295000 0.627000 0.130000 0.126000
1 0.498000 0.253000 0.132000 0.134000
1 0.790000 0.652000 0.112000 0.112000
1 0.372000 0.833000 0.120000 0.130000
1 0.471000 0.591000 0.110000 0.094000
1 0.451000 0.144000 0.106000 0.104000
1 0.065000 0.315000 0.130000 0.194000
1 0.598000 0.407000 0.108000 0.106000
1 0.714000 0.952000 0.124000 0.092000
1 0.124000 0.115000 0.144000 0.162000
1 0.812000 0.753000 0.108000 0.102000
1 0.927000 0.883000 0.142000 0.166000
10 0.531000 0.439000 0.038000 0.046000
10 0.589000 0.529000 0.034000 0.042000
10 0.376000 0.192000 0.036000 0.044000
2 0.618000 0.102000 0.088000 0.068000
10 0.802000 0.858000 0.040000 0.052000
10 0.477000 0.441000 0.030000 0.042000
10 0.345000 0.147000 0.034000 0.050000
10 0.361000 0.260000 0.038000 0.048000
10 0.788000 0.925000 0.040000 0.054000
1 0.772000 0.032000 0.148000 0.064000
10 0.722000 0.827000 0.036000 0.038000
10 0.724000 0.729000 0.032000 0.042000
10 0.658000 0.635000 0.032000 0.042000
10 0.451000 0.312000 0.034000 0.044000
1 0.323000 0.731000 0.114000 0.094000
10 0.613000 0.654000 0.042000 0.052000
6 0.665000 0.740000 0.046000 0.056000
10 0.698000 0.784000 0.036000 0.040000
10 0.285000 0.053000 0.030000 0.042000
10 0.962000 0.242000 0.044000 0.028000
10 0.772000 0.814000 0.036000 0.048000
1 0.361000 0.024000 0.114000 0.048000
1 0.495000 0.976000 0.118000 0.044000
10 0.872000 0.966000 0.040000 0.056000
1 0.975000 0.404000 0.046000 0.216000
2 0.749000 0.151000 0.046000 0.066000
10 0.857000 0.219000 0.042000 0.026000
1 0.643000 0.872000 0.094000 0.088000
10 0.992000 0.259000 0.012000 0.030000
1 0.392240 0.537870 0.128480 0.111740
1 0.751180 0.582850 0.106360 0.101700
1 0.443670 0.907530 0.159340 0.143060
1 0.229690 0.531000 0.143380 0.158000
