1 0.275000 0.309000 0.178000 0.162000
1 0.183000 0.948000 0.110000 0.100000
1 0.832000 0.971000 0.140000 0.054000
1 0.338000 0.039000 0.276000 0.078000
10 0.390000 0.326000 0.052000 0.032000
1 0.966000 0.791000 0.056000 0.066000
1 0.035000 0.551000 0.070000 0.118000
1 0.023000 0.950000 0.046000 0.096000
10 0.916000 0.243000 0.028000 0.050000
10 0.904000 0.351000 0.024000 0.046000
1 0.046000 0.747000 0.092000 0.106000
10 0.244000 0.464000 0.024000 0.044000
1 0.448000 0.968000 0.120000 0.060000
1 0.439000 0.439000 0.166000 0.106000
10 0.948000 0.350000 0.028000 0.048000
1 0.600000 0.965000 0.096000 0.070000
1 0.989000 0.944000 0.018000 0.064000
1 0.088000 0.216000 0.060000 0.088000
1 0.944000 0.980000 0.084000 0.036000
10 0.385000 0.272000 0.046000 0.028000
10 0.476000 0.271000 0.048000 0.030000
1 0.601380 0.868770 0.090760 0.081540
1 0.450570 0.665570 0.197140 0.167140
1 0.971000 0.514000 0.058000 0.124000
