1 0.357000 0.123000 0.266000 0.246000
1 0.889000 0.900000 0.130000 0.116000
1 0.615000 0.083000 0.258000 0.166000
1 0.786000 0.604000 0.400000 0.292000
6 0.412000 0.755000 0.044000 0.070000
10 0.398000 0.846000 0.048000 0.036000
10 0.568000 0.488000 0.048000 0.040000
10 0.353000 0.849000 0.042000 0.034000
10 0.356000 0.765000 0.032000 0.042000
10 0.260000 0.805000 0.032000 0.046000
10 0.337000 0.903000 0.034000 0.042000
10 0.410000 0.939000 0.048000 0.038000
10 0.214000 0.821000 0.028000 0.042000
1 0.202000 0.957000 0.400000 0.082000
10 0.289000 0.915000 0.026000 0.038000
6 0.473000 0.775000 0.054000 0.042000
10 0.428000 0.985000 0.048000 0.026000
10 0.941000 0.964000 0.050000 0.032000
10 0.007000 0.899000 0.014000 0.042000
10 0.129000 0.849000 0.030000 0.050000
10 0.187000 0.833000 0.030000 0.046000
1 0.841000 0.980000 0.222000 0.036000
2 0.515770 0.645090 0.127540 0.174180
1 0.836490 0.832790 0.124980 0.089580
