6 0.930000 0.654000 0.044000 0.064000
10 0.541000 0.186000 0.042000 0.036000
1 0.329500 0.604000 0.659000 0.792000
10 0.620000 0.358000 0.036000 0.028000
10 0.606000 0.252000 0.052000 0.032000
10 0.635000 0.467000 0.042000 0.038000
10 0.899000 0.708000 0.026000 0.044000
10 0.769000 0.493000 0.046000 0.026000
10 0.450000 0.156000 0.060000 0.032000
10 0.844000 0.493000 0.024000 0.038000
10 0.642000 0.182000 0.056000 0.032000
10 0.624000 0.387000 0.032000 0.030000
10 0.687000 0.746000 0.046000 0.032000
10 0.588000 0.177000 0.048000 0.030000
10 0.677000 0.681000 0.022000 0.018000
10 0.068000 0.167000 0.060000 0.034000
10 0.644000 0.494000 0.040000 0.024000
10 0.646000 0.515000 0.044000 0.022000
10 0.805000 0.798000 0.030000 0.044000
10 0.944000 0.447000 0.036000 0.050000
10 0.691000 0.769000 0.046000 0.026000
10 0.761000 0.469000 0.050000 0.034000
10 0.672000 0.660000 0.040000 0.024000
10 0.800000 0.207000 0.048000 0.030000
10 0.706000 0.195000 0.052000 0.034000
10 0.918860 0.581170 0.033720 0.050340
10 0.988000 0.514000 0.020000 0.040000
10 0.399000 0.222000 0.046000 0.028000
10 0.435000 0.083000 0.050000 0.042000
10 0.695000 0.790000 0.038000 0.024000
10 0.639000 0.424000 0.030000 0.028000
10 0.753000 0.201000 0.042000 0.030000
10 0.451000 0.229000 0.054000 0.030000
10 0.717000 0.953500 0.062000 0.035000
1 0.083000 0.046000 0.130000 0.092000
1 0.294500 0.060000 0.145000 0.120000
1 0.851000 0.101000 0.142000 0.202000
2 0.188460 0.084770 0.096920 0.041540
10 0.175500 0.046000 0.019000 0.040000
2 0.934000 0.377000 0.132000 0.070000
2 0.850500 0.266500 0.061000 0.105000
2 0.951500 0.132500 0.095000 0.061000
2 0.856500 0.918000 0.133000 0.072000
2 0.227230 0.152920 0.058460 0.093840
