5 0.164000 0.246000 0.072000 0.176000
10 0.191000 0.434000 0.038000 0.056000
10 0.647000 0.311000 0.038000 0.050000
10 0.256000 0.661000 0.036000 0.054000
10 0.176000 0.132000 0.036000 0.048000
10 0.783000 0.120000 0.042000 0.032000
10 0.301000 0.816000 0.030000 0.052000
10 0.327000 0.762000 0.034000 0.056000
5 0.346000 0.971000 0.064000 0.054000
10 0.755000 0.022000 0.042000 0.036000
6 0.962130 0.816130 0.036260 0.056260
6 0.982000 0.804000 0.032000 0.056000
10 0.039000 0.886000 0.022000 0.032000
10 0.295000 0.629000 0.038000 0.054000
10 0.128000 0.075000 0.028000 0.042000
10 0.214000 0.282000 0.036000 0.060000
10 0.974000 0.869000 0.032000 0.046000
10 0.770000 0.987000 0.040000 0.022000
10 0.227000 0.561000 0.034000 0.050000
10 0.767000 0.070000 0.046000 0.032000
10 0.004000 0.922000 0.008000 0.032000
