1 0.119000 0.246000 0.238000 0.344000
5 0.647000 0.296000 0.110000 0.048000
10 0.844000 0.925000 0.040000 0.046000
10 0.245000 0.735000 0.054000 0.046000
6 0.476000 0.861000 0.056000 0.046000
10 0.442000 0.913000 0.040000 0.050000
10 0.967000 0.288000 0.050000 0.040000
10 0.589000 0.364000 0.034000 0.048000
6 0.536000 0.334000 0.036000 0.044000
6 0.338000 0.784000 0.076000 0.060000
10 0.886000 0.535000 0.040000 0.046000
10 0.564000 0.830000 0.056000 0.044000
10 0.543000 0.755000 0.034000 0.042000
10 0.693000 0.837000 0.038000 0.046000
5 0.475000 0.197000 0.114000 0.050000
6 0.339000 0.273000 0.070000 0.054000
10 0.110000 0.749000 0.036000 0.046000
6 0.534000 0.895000 0.060000 0.050000
10 0.035000 0.044000 0.046000 0.040000
1 0.637430 0.052000 0.222860 0.104000
5 0.934000 0.462000 0.112000 0.052000
10 0.552000 0.976000 0.040000 0.044000
6 0.975000 0.601000 0.046000 0.046000
10 0.059000 0.472000 0.038000 0.048000
6 0.351000 0.398000 0.054000 0.044000
10 0.487000 0.941000 0.042000 0.050000
10 0.371000 0.355000 0.046000 0.038000
10 0.014000 0.959000 0.028000 0.042000
6 0.719000 0.439000 0.034000 0.046000
10 0.336000 0.859000 0.036000 0.046000
5 0.821000 0.398000 0.114000 0.048000
10 0.582000 0.922000 0.036000 0.032000
10 0.923000 0.969000 0.034000 0.050000
6 0.678000 0.975000 0.060000 0.046000
2 0.103000 0.948000 0.150000 0.100000
10 0.978000 0.989000 0.040000 0.018000
10 0.007220 0.586820 0.014440 0.025640
6 0.420000 0.828000 0.072000 0.056000
10 0.403000 0.888000 0.030000 0.044000
1 0.681000 0.643000 0.634000 0.538000
10 0.296000 0.281000 0.044000 0.038000
6 0.626000 0.947000 0.052000 0.046000
10 0.243000 0.164000 0.054000 0.044000
5 0.883850 0.428970 0.115700 0.049940
10 0.326670 0.233840 0.045340 0.035680
10 0.366210 0.254130 0.052420 0.040260
10 0.510490 0.955360 0.036980 0.046720
10 0.976980 0.603630 0.045960 0.051260
10 0.530520 0.894460 0.049040 0.040920
10 0.720420 0.442390 0.032840 0.040780
10 0.313820 0.844860 0.039640 0.053720
5 0.703580 0.328760 0.123160 0.061520
5 0.533370 0.230500 0.130740 0.065000
5 0.576380 0.263980 0.116760 0.059960
10 0.743150 0.454690 0.034300 0.041380
10 0.877900 0.942430 0.039800 0.048860
5 0.347190 0.130430 0.114380 0.048860
5 0.400790 0.163050 0.113580 0.054100
10 0.328930 0.317780 0.045860 0.035560
5 0.759300 0.358330 0.118600 0.068660
10 0.384570 0.333990 0.041140 0.031980
6 0.017780 0.447690 0.035560 0.063380
5 0.293980 0.095120 0.115960 0.050240
10 0.077600 0.485410 0.031200 0.042820
