1 0.531000 0.136000 0.166000 0.132000
1 0.386000 0.473000 0.228000 0.198000
1 0.211000 0.864000 0.154000 0.120000
1 0.796000 0.698000 0.092000 0.132000
1 0.745000 0.483000 0.138000 0.142000
5 0.958000 0.372000 0.064000 0.124000
1 0.909000 0.047000 0.126000 0.090000
1 0.130000 0.059000 0.112000 0.066000
10 0.555000 0.477000 0.046000 0.030000
1 0.735000 0.864000 0.110000 0.084000
10 0.557000 0.530000 0.050000 0.032000
1 0.959000 0.710000 0.078000 0.404000
2 0.872000 0.703000 0.088000 0.066000
2 0.916000 0.458000 0.092000 0.068000
1 0.037000 0.873000 0.074000 0.158000
1 0.915000 0.966000 0.166000 0.064000
1 0.807000 0.282000 0.098000 0.120000
2 0.800000 0.799000 0.044000 0.074000
1 0.052000 0.973000 0.104000 0.050000
10 0.529000 0.602000 0.050000 0.028000
10 0.391000 0.637000 0.026000 0.046000
10 0.313000 0.109000 0.026000 0.026000
1 0.262000 0.081000 0.164000 0.162000
1 0.027000 0.133000 0.054000 0.194000
1 0.622000 0.339000 0.216000 0.130000
1 0.169000 0.645000 0.230000 0.182000
10 0.388000 0.677000 0.024000 0.034000
1 0.389000 0.950000 0.090000 0.096000
10 0.348000 0.641000 0.024000 0.050000
1 0.633000 0.980000 0.250000 0.036000
1 0.019000 0.429000 0.038000 0.142000
1 0.482000 0.716000 0.164000 0.092000
1 0.106000 0.205000 0.092000 0.066000
