1 0.509000 0.351000 0.306000 0.286000
1 0.620000 0.804000 0.148000 0.168000
1 0.543000 0.052000 0.134000 0.104000
1 0.156000 0.112000 0.104000 0.124000
1 0.668000 0.157000 0.164000 0.134000
1 0.770000 0.890000 0.160000 0.152000
1 0.879000 0.580000 0.138000 0.152000
1 0.041000 0.063000 0.082000 0.126000
1 0.359000 0.037000 0.118000 0.074000
1 0.264000 0.351000 0.112000 0.130000
1 0.853000 0.046000 0.290000 0.092000
1 0.945000 0.758000 0.106000 0.120000
6 0.735000 0.038000 0.046000 0.060000
1 0.976000 0.397000 0.044000 0.162000
1 0.991000 0.927000 0.014000 0.142000
1 0.250000 0.016000 0.108000 0.032000
1 0.578770 0.668320 0.157540 0.136640
1 0.186260 0.222130 0.164520 0.128260
