1 0.213000 0.059000 0.234000 0.118000
1 0.420000 0.841000 0.248000 0.314000
1 0.698000 0.029000 0.112000 0.058000
1 0.568000 0.092000 0.160000 0.184000
1 0.807000 0.028000 0.126000 0.056000
1 0.978000 0.435000 0.040000 0.250000
1 0.050690 0.430310 0.097380 0.160620
10 0.276000 0.982000 0.028000 0.032000
1 0.416460 0.510770 0.156920 0.161540
1 0.163080 0.474770 0.146160 0.161540
1 0.277540 0.498460 0.143080 0.156920
1 0.553690 0.500920 0.135380 0.153840
1 0.677380 0.497540 0.130760 0.163080
1 0.793380 0.483230 0.130760 0.158460
1 0.908310 0.461540 0.124620 0.163080
1 0.375850 0.088150 0.127700 0.112300
