1 0.494000 0.816000 0.352000 0.200000
10 0.853000 0.154000 0.034000 0.048000
10 0.788000 0.284000 0.032000 0.052000
6 0.890000 0.479000 0.052000 0.034000
10 0.689000 0.392000 0.046000 0.032000
10 0.928000 0.074000 0.032000 0.044000
10 0.593000 0.254000 0.042000 0.036000
10 0.733000 0.407000 0.042000 0.030000
10 0.749000 0.152000 0.038000 0.044000
10 0.661000 0.340000 0.046000 0.040000
10 0.768000 0.110000 0.028000 0.048000
10 0.571000 0.298000 0.050000 0.036000
10 0.729000 0.319000 0.042000 0.034000
10 0.682000 0.074000 0.040000 0.036000
10 0.654000 0.133000 0.040000 0.038000
10 0.719000 0.017000 0.042000 0.034000
1 0.952000 0.671000 0.092000 0.194000
10 0.610000 0.438000 0.036000 0.020000
10 0.623000 0.194000 0.046000 0.040000
10 0.814000 0.021000 0.036000 0.042000
1 0.639000 0.566000 0.470000 0.264000
10 0.897000 0.173000 0.030000 0.046000
10 0.751000 0.481000 0.042000 0.026000
6 0.910000 0.543000 0.056000 0.034000
6 0.705000 0.464000 0.050000 0.032000
10 0.904000 0.017000 0.032000 0.034000
10 0.947000 0.494000 0.046000 0.028000
1 0.730000 0.976000 0.212000 0.044000
1 0.966000 0.368000 0.064000 0.272000
1 0.837000 0.895000 0.130000 0.170000
10 0.699000 0.278000 0.046000 0.040000
10 0.878000 0.217000 0.028000 0.042000
1 0.513000 0.120000 0.214000 0.240000
10 0.991000 0.509000 0.014000 0.026000
1 0.353330 0.413670 0.294660 0.455340
1 0.152000 0.793000 0.304000 0.414000
