1 0.273000 0.630000 0.142000 0.144000
1 0.499000 0.093000 0.138000 0.118000
1 0.255000 0.364000 0.122000 0.148000
1 0.955000 0.544000 0.086000 0.088000
1 0.517000 0.573000 0.114000 0.102000
1 0.516000 0.297000 0.140000 0.122000
1 0.890000 0.775000 0.116000 0.162000
1 0.642000 0.758000 0.092000 0.120000
1 0.772000 0.367000 0.104000 0.106000
1 0.235000 0.143000 0.214000 0.086000
1 0.074000 0.443000 0.108000 0.158000
1 0.964000 0.458000 0.068000 0.092000
10 0.514000 0.894000 0.044000 0.032000
10 0.860000 0.950000 0.056000 0.032000
10 0.913000 0.960000 0.050000 0.032000
10 0.197000 0.837000 0.038000 0.026000
1 0.975000 0.356000 0.046000 0.128000
10 0.406000 0.872000 0.052000 0.032000
10 0.344000 0.920000 0.052000 0.028000
10 0.356000 0.864000 0.044000 0.028000
10 0.803000 0.939000 0.050000 0.030000
10 0.311000 0.856000 0.046000 0.028000
10 0.626000 0.912000 0.052000 0.028000
1 0.973000 0.229000 0.050000 0.114000
1 0.037000 0.156000 0.074000 0.148000
1 0.049000 0.975000 0.094000 0.046000
1 0.076000 0.695000 0.152000 0.226000
1 0.980000 0.077000 0.036000 0.150000
1 0.046000 0.013000 0.092000 0.026000
1 0.976000 0.779000 0.044000 0.142000
10 0.159000 0.212000 0.022000 0.048000
10 0.729000 0.984000 0.042000 0.028000
10 0.200000 0.212000 0.032000 0.052000
1 0.989000 0.654000 0.018000 0.116000
1 0.196000 0.946150 0.188000 0.104300
1 0.345000 0.964000 0.086000 0.068000
10 0.553000 0.954000 0.050000 0.032000
10 0.805000 0.989000 0.066000 0.018000
1 0.315000 0.021000 0.094000 0.042000
1 0.716920 0.779690 0.093840 0.155380
