1 0.238000 0.264000 0.476000 0.444000
10 0.766000 0.370000 0.032000 0.044000
6 0.911000 0.696020 0.038000 0.060040
6 0.737000 0.606000 0.050000 0.064000
6 0.641000 0.524000 0.042000 0.060000
10 0.454000 0.146000 0.036000 0.048000
10 0.966000 0.675000 0.036000 0.046000
10 0.478000 0.194000 0.032000 0.044000
10 0.017590 0.753810 0.027180 0.047620
10 0.038100 0.739750 0.032200 0.055500
10 0.125000 0.694000 0.034000 0.056000
6 0.821890 0.757940 0.047780 0.071880
10 0.160000 0.727000 0.036000 0.046000
10 0.059000 0.724000 0.038000 0.052000
10 0.396000 0.027000 0.036000 0.054000
10 0.171000 0.663000 0.030000 0.042000
10 0.781000 0.661000 0.038000 0.054000
1 0.461000 0.853000 0.446000 0.290000
10 0.770000 0.294000 0.032000 0.044000
10 0.823000 0.399000 0.030000 0.046000
10 0.070000 0.777000 0.032000 0.038000
1 0.899000 0.203000 0.198000 0.402000
10 0.112000 0.751000 0.032000 0.050000
10 0.941000 0.624000 0.034000 0.048000
10 0.419000 0.072000 0.030000 0.048000
10 0.705000 0.169000 0.034000 0.050000
10 0.612000 0.458600 0.040000 0.057200
