2 0.709000 0.530000 0.042000 0.104000
5 0.961000 0.285000 0.074000 0.078000
10 0.037000 0.417000 0.038000 0.050000
10 0.748000 0.802000 0.028000 0.060000
1 0.219000 0.119000 0.274000 0.234000
10 0.858000 0.857000 0.024000 0.050000
10 0.869000 0.561000 0.026000 0.050000
10 0.881000 0.161000 0.022000 0.038000
10 0.865000 0.675000 0.026000 0.038000
10 0.024000 0.789000 0.024000 0.042000
10 0.131000 0.448000 0.026000 0.048000
10 0.309000 0.589000 0.018000 0.042000
10 0.645000 0.597000 0.022000 0.046000
10 0.865000 0.615000 0.026000 0.046000
10 0.411000 0.457000 0.022000 0.042000
10 0.860000 0.795000 0.028000 0.054000
6 0.238000 0.589000 0.028000 0.062000
10 0.536000 0.468000 0.020000 0.044000
10 0.659000 0.466000 0.022000 0.044000
10 0.483000 0.459000 0.022000 0.046000
10 0.610000 0.469000 0.028000 0.046000
10 0.235000 0.456000 0.022000 0.048000
10 0.585000 0.469000 0.022000 0.042000
10 0.285000 0.580000 0.026000 0.044000
10 0.310000 0.455000 0.020000 0.042000
10 0.703000 0.297000 0.046000 0.034000
10 0.636000 0.468000 0.024000 0.048000
1 0.225000 0.766000 0.258000 0.208000
10 0.004000 0.385000 0.008000 0.046000
10 0.555000 0.469000 0.018000 0.038000
10 0.285000 0.454000 0.030000 0.048000
