1 0.688000 0.362000 0.112000 0.132000
1 0.343000 0.714000 0.114000 0.116000
1 0.795000 0.360000 0.110000 0.120000
1 0.442000 0.374000 0.140000 0.136000
1 0.902000 0.345000 0.100000 0.114000
1 0.216000 0.913000 0.128000 0.126000
1 0.309000 0.376000 0.110000 0.152000
1 0.089000 0.661000 0.122000 0.110000
1 0.703000 0.897000 0.122000 0.202000
1 0.467000 0.694000 0.118000 0.120000
1 0.955000 0.161000 0.086000 0.138000
1 0.584000 0.634000 0.116000 0.112000
1 0.580000 0.846000 0.136000 0.084000
1 0.569000 0.302000 0.102000 0.092000
1 0.860000 0.948000 0.100000 0.100000
1 0.465000 0.962000 0.114000 0.072000
1 0.947000 0.837000 0.102000 0.150000
1 0.224000 0.657000 0.076000 0.094000
1 0.078000 0.435000 0.128000 0.114000
1 0.208000 0.345000 0.100000 0.118000
1 0.324000 0.957000 0.108000 0.082000
1 0.943000 0.596000 0.110000 0.092000
1 0.699000 0.738000 0.130000 0.124000
10 0.737000 0.507000 0.042000 0.030000
10 0.421000 0.479000 0.046000 0.026000
10 0.232000 0.552000 0.048000 0.032000
10 0.430000 0.532000 0.044000 0.028000
1 0.978000 0.299000 0.040000 0.122000
10 0.821000 0.445000 0.050000 0.026000
10 0.652000 0.516000 0.064000 0.032000
1 0.959000 0.701000 0.078000 0.106000
10 0.186000 0.554000 0.044000 0.028000
10 0.782000 0.502000 0.056000 0.032000
1 0.014000 0.911000 0.028000 0.138000
10 0.610000 0.396000 0.028000 0.044000
1 0.339000 0.830000 0.130000 0.068000
10 0.370000 0.441000 0.020000 0.042000
1 0.462000 0.076000 0.916000 0.152000
1 0.809000 0.684000 0.122000 0.220000
