1 0.230000 0.308000 0.148000 0.144000
1 0.403000 0.149000 0.150000 0.118000
1 0.593000 0.895000 0.098000 0.126000
1 0.170000 0.535000 0.116000 0.122000
1 0.175000 0.889000 0.106000 0.130000
1 0.174000 0.686000 0.124000 0.116000
1 0.167000 0.793000 0.110000 0.070000
1 0.341000 0.902000 0.118000 0.120000
1 0.700000 0.642000 0.116000 0.112000
1 0.791000 0.269000 0.166000 0.162000
1 0.890000 0.955000 0.180000 0.086000
10 0.687000 0.807000 0.042000 0.034000
10 0.507000 0.251000 0.030000 0.046000
10 0.610000 0.770000 0.048000 0.040000
1 0.577000 0.511000 0.102000 0.126000
10 0.590000 0.045000 0.032000 0.050000
10 0.844000 0.820000 0.044000 0.032000
10 0.568000 0.094000 0.028000 0.048000
10 0.947000 0.844000 0.046000 0.032000
1 0.379000 0.698000 0.126000 0.128000
1 0.585000 0.304000 0.154000 0.180000
10 0.599000 0.645000 0.034000 0.042000
10 0.524000 0.195000 0.032000 0.042000
10 0.436000 0.552000 0.024000 0.052000
1 0.151000 0.136000 0.110000 0.144000
1 0.772000 0.943000 0.064000 0.074000
1 0.888000 0.755000 0.092000 0.106000
1 0.966000 0.772000 0.064000 0.104000
10 0.477000 0.374000 0.026000 0.040000
1 0.688000 0.948000 0.120000 0.100000
10 0.008000 0.895000 0.016000 0.042000
1 0.375000 0.978000 0.090000 0.040000
6 0.457000 0.728000 0.030000 0.060000
10 0.488000 0.476000 0.016000 0.032000
1 0.201000 0.008000 0.106000 0.016000
1 0.650720 0.582150 0.121440 0.124300
