10 0.054000 0.236000 0.036000 0.048000
1 0.349000 0.254000 0.318000 0.196000
1 0.177000 0.847000 0.274000 0.302000
10 0.158000 0.420000 0.036000 0.048000
10 0.810000 0.839000 0.036000 0.046000
10 0.812000 0.229000 0.056000 0.054000
10 0.111000 0.200000 0.030000 0.048000
10 0.603000 0.186000 0.054000 0.040000
10 0.009000 0.153000 0.018000 0.034000
5 0.729500 0.191000 0.087000 0.058000
5 0.409500 0.023000 0.111000 0.046000
10 0.400500 0.980500 0.033000 0.037000
10 0.328000 0.796500 0.028000 0.045000
10 0.305500 0.750500 0.035000 0.049000
10 0.204460 0.500940 0.024920 0.029880
10 0.347500 0.847500 0.031000 0.055000
10 0.188000 0.633000 0.044000 0.034000
10 0.573000 0.010000 0.026000 0.020000
10 0.106000 0.321500 0.028000 0.039000
10 0.598000 0.117000 0.032000 0.030000
10 0.079000 0.277500 0.030000 0.043000
10 0.378500 0.930500 0.025000 0.029000
10 0.134500 0.377500 0.029000 0.043000
10 0.031500 0.196000 0.035000 0.048000
10 0.151000 0.290000 0.014000 0.016000
10 0.187000 0.471000 0.026000 0.030000
10 0.289500 0.704000 0.039000 0.052000
10 0.366000 0.892500 0.032000 0.049000
10 0.895000 0.841000 0.034000 0.030000
1 0.051000 0.508000 0.102000 0.108000
1 0.705000 0.674000 0.590000 0.140000
10 0.417000 0.469500 0.018000 0.055000
1 0.088000 0.573500 0.144000 0.115000
