1 0.211000 0.334000 0.150000 0.144000
1 0.452000 0.492000 0.160000 0.124000
1 0.179000 0.666000 0.130000 0.100000
1 0.481000 0.961000 0.090000 0.074000
1 0.107000 0.153000 0.214000 0.186000
1 0.874000 0.107000 0.156000 0.158000
10 0.474000 0.614000 0.052000 0.036000
1 0.906000 0.622000 0.140000 0.172000
1 0.399000 0.860000 0.130000 0.128000
10 0.849000 0.798000 0.050000 0.040000
10 0.034000 0.393000 0.044000 0.042000
10 0.819000 0.445000 0.038000 0.046000
10 0.700000 0.841000 0.024000 0.046000
2 0.643000 0.698000 0.046000 0.072000
1 0.959000 0.488000 0.078000 0.104000
1 0.566000 0.867000 0.080000 0.078000
1 0.626000 0.541000 0.164000 0.158000
10 0.703000 0.987000 0.038000 0.022000
1 0.369000 0.982000 0.126000 0.032000
10 0.957000 0.380000 0.038000 0.048000
1 0.571000 0.048000 0.182000 0.096000
10 0.989000 0.403000 0.018000 0.058000
10 0.007000 0.367000 0.014000 0.034000
1 0.081000 0.607000 0.110000 0.106000
1 0.718090 0.235410 0.132180 0.118820
1 0.304340 0.753050 0.184680 0.158100
1 0.564410 0.386730 0.100820 0.101460
1 0.066070 0.786900 0.120140 0.117800
