1 0.806000 0.864000 0.384000 0.260000
1 0.214000 0.092000 0.172000 0.160000
1 0.195000 0.619000 0.122000 0.138000
2 0.601000 0.122000 0.082000 0.072000
10 0.573000 0.251000 0.046000 0.042000
10 0.779000 0.599000 0.050000 0.042000
2 0.686000 0.131000 0.060000 0.082000
1 0.596000 0.324000 0.120000 0.128000
1 0.203000 0.821000 0.102000 0.098000
1 0.124000 0.353000 0.244000 0.230000
1 0.326000 0.738000 0.204000 0.144000
10 0.679000 0.668000 0.046000 0.040000
10 0.353000 0.401000 0.042000 0.034000
10 0.454000 0.820000 0.040000 0.032000
1 0.881000 0.218000 0.234000 0.252000
10 0.611000 0.631000 0.046000 0.042000
1 0.400000 0.928000 0.268000 0.144000
10 0.379000 0.874000 0.038000 0.028000
10 0.110000 0.529000 0.040000 0.034000
10 0.863000 0.053000 0.050000 0.042000
10 0.539000 0.758000 0.042000 0.036000
2 0.928000 0.467000 0.060000 0.094000
10 0.183000 0.934000 0.038000 0.036000
10 0.512000 0.295000 0.040000 0.038000
10 0.821000 0.084000 0.042000 0.032000
10 0.557000 0.098000 0.042000 0.048000
1 0.274630 0.555380 0.141260 0.138760
10 0.271000 0.460000 0.038000 0.036000
10 0.520000 0.693000 0.040000 0.038000
6 0.601120 0.714500 0.066240 0.053000
10 0.260000 0.959000 0.044000 0.042000
1 0.083000 0.913000 0.166000 0.170000
10 0.300000 0.932000 0.036000 0.040000
10 0.116000 0.980000 0.040000 0.036000
1 0.097450 0.688010 0.170900 0.176020
10 0.032000 0.623000 0.048000 0.046000
10 0.516000 0.058000 0.048000 0.040000
1 0.672000 0.045000 0.180000 0.090000
10 0.336000 0.828000 0.044000 0.036000
10 0.208000 0.985000 0.044000 0.026000
10 0.563000 0.661000 0.038000 0.038000
1 0.534000 0.570000 0.152000 0.156000
10 0.361000 0.021000 0.034000 0.026000
1 0.895000 0.665000 0.154000 0.102000
10 0.474000 0.044000 0.036000 0.032000
10 0.282000 0.007000 0.044000 0.014000
10 0.408000 0.032000 0.044000 0.028000
1 0.039000 0.751000 0.078000 0.154000
10 0.321000 0.012000 0.042000 0.024000
1 0.397000 0.145000 0.106000 0.142000
1 0.349250 0.513250 0.142500 0.142500
10 0.500430 0.787230 0.052860 0.050460
1 0.675560 0.472070 0.187120 0.180140
