5 0.622440 0.891980 0.084880 0.075960
10 0.092170 0.864290 0.024340 0.048580
1 0.900000 0.276000 0.088000 0.108000
1 0.883000 0.487000 0.122000 0.142000
1 0.210000 0.594000 0.092000 0.108000
1 0.370000 0.626000 0.128000 0.116000
1 0.694000 0.144000 0.092000 0.104000
1 0.375000 0.394000 0.138000 0.108000
1 0.865000 0.635000 0.094000 0.162000
1 0.479000 0.909000 0.130000 0.134000
1 0.274000 0.180000 0.092000 0.100000
1 0.168000 0.835000 0.108000 0.162000
1 0.532000 0.050000 0.112000 0.100000
1 0.617000 0.726000 0.234000 0.212000
1 0.805000 0.932000 0.186000 0.132000
1 0.589000 0.273000 0.106000 0.090000
10 0.613000 0.939000 0.042000 0.046000
1 0.428000 0.054000 0.104000 0.100000
1 0.344000 0.954000 0.140000 0.088000
10 0.907000 0.904000 0.046000 0.040000
1 0.424000 0.493000 0.128000 0.122000
10 0.749000 0.398000 0.026000 0.048000
10 0.100000 0.464000 0.028000 0.052000
10 0.804000 0.071000 0.020000 0.042000
6 0.748000 0.570000 0.028000 0.060000
1 0.276000 0.050000 0.104000 0.100000
1 0.154000 0.454000 0.064000 0.044000
1 0.701000 0.048000 0.078000 0.096000
10 0.800000 0.424000 0.020000 0.040000
10 0.805000 0.304000 0.018000 0.044000
10 0.105000 0.172000 0.026000 0.044000
10 0.745000 0.271000 0.018000 0.042000
10 0.091000 0.903000 0.026000 0.042000
10 0.093000 0.774000 0.022000 0.040000
10 0.045000 0.107000 0.022000 0.042000
10 0.800000 0.522000 0.020000 0.044000
10 0.798000 0.589000 0.024000 0.042000
10 0.749000 0.627000 0.018000 0.042000
1 0.301000 0.295000 0.066000 0.098000
1 0.190000 0.314000 0.144000 0.080000
10 0.089000 0.969000 0.022000 0.050000
10 0.042000 0.980000 0.028000 0.036000
10 0.048000 0.055000 0.024000 0.054000
1 0.957000 0.793000 0.082000 0.098000
1 0.176000 0.054000 0.108000 0.108000
1 0.550000 0.143000 0.056000 0.086000
1 0.182000 0.696000 0.084000 0.116000
1 0.014000 0.849000 0.028000 0.098000
10 0.266000 0.973000 0.020000 0.042000
1 0.987000 0.375000 0.022000 0.110000
10 0.040000 0.874000 0.028000 0.056000
1 0.959000 0.018000 0.078000 0.036000
10 0.040000 0.932000 0.024000 0.044000
10 0.820000 0.744000 0.032000 0.036000
10 0.751000 0.052000 0.022000 0.052000
10 0.042000 0.324000 0.028000 0.044000
10 0.039000 0.765000 0.022000 0.034000
10 0.095000 0.626000 0.018000 0.040000
1 0.989000 0.594000 0.018000 0.068000
1 0.980000 0.186000 0.036000 0.092000
1 0.017000 0.073000 0.034000 0.090000
10 0.747000 0.317000 0.022000 0.054000
1 0.853000 0.071000 0.058000 0.094000
10 0.043000 0.182000 0.022000 0.048000
1 0.968000 0.985000 0.060000 0.026000
6 0.054000 0.009000 0.032000 0.018000
1 0.014000 0.164000 0.028000 0.076000
