1 0.133000 0.092000 0.126000 0.144000
1 0.335000 0.416000 0.154000 0.204000
1 0.039000 0.432000 0.078000 0.136000
1 0.677000 0.179000 0.098000 0.102000
1 0.832000 0.430000 0.120000 0.112000
1 0.501000 0.649000 0.134000 0.126000
1 0.179000 0.832000 0.098000 0.092000
1 0.084000 0.662000 0.104000 0.120000
1 0.398000 0.943000 0.096000 0.110000
10 0.518000 0.309000 0.028000 0.042000
10 0.560000 0.205000 0.028000 0.038000
1 0.271000 0.572000 0.142000 0.120000
6 0.343650 0.732230 0.035300 0.060460
10 0.865000 0.556000 0.046000 0.032000
1 0.438000 0.170000 0.116000 0.100000
1 0.814000 0.154000 0.128000 0.092000
10 0.594000 0.114000 0.032000 0.044000
1 0.122000 0.924000 0.132000 0.148000
10 0.540000 0.255000 0.036000 0.050000
1 0.226000 0.737000 0.124000 0.154000
1 0.454850 0.089540 0.129700 0.103080
1 0.484000 0.035000 0.140000 0.070000
2 0.461000 0.411000 0.078000 0.054000
10 0.982000 0.128000 0.032000 0.032000
1 0.680000 0.580000 0.120000 0.136000
1 0.897000 0.027000 0.130000 0.054000
1 0.955000 0.214000 0.086000 0.116000
1 0.957000 0.968000 0.082000 0.060000
1 0.980000 0.877000 0.036000 0.106000
10 0.254000 0.934000 0.032000 0.048000
1 0.735000 0.106000 0.066000 0.104000
10 0.852000 0.089000 0.028000 0.022000
1 0.681860 0.357950 0.211720 0.111900
1 0.658860 0.272990 0.117720 0.097980
1 0.938540 0.463920 0.121080 0.135840
1 0.938540 0.708030 0.121080 0.152060
1 0.410320 0.243350 0.100640 0.074700
1 0.462980 0.742750 0.121960 0.117500
1 0.682160 0.852130 0.088320 0.084260
