10 0.659000 0.219000 0.042000 0.034000
1 0.212000 0.881000 0.304000 0.234000
10 0.216000 0.772000 0.044000 0.036000
1 0.468930 0.714050 0.361860 0.316100
10 0.306000 0.698000 0.040000 0.036000
10 0.409000 0.464000 0.042000 0.044000
10 0.603000 0.227000 0.050000 0.038000
10 0.959000 0.244000 0.042000 0.028000
2 0.532000 0.417000 0.064000 0.090000
6 0.090830 0.686660 0.065660 0.049320
10 0.147000 0.645000 0.050000 0.042000
2 0.032000 0.847000 0.064000 0.130000
1 0.287000 0.083000 0.330000 0.138000
6 0.775000 0.122000 0.058000 0.040000
10 0.369000 0.491000 0.038000 0.034000
1 0.793000 0.499000 0.410000 0.314000
1 0.249000 0.414940 0.494000 0.261880
6 0.837770 0.103310 0.067540 0.038620
