1 0.862000 0.596000 0.272000 0.804000
2 0.725000 0.205000 0.074000 0.054000
2 0.672000 0.137000 0.052000 0.082000
1 0.230180 0.455800 0.256360 0.339600
10 0.212000 0.290000 0.036000 0.044000
10 0.150000 0.390000 0.028000 0.032000
1 0.163000 0.865000 0.162000 0.094000
10 0.312000 0.123000 0.028000 0.038000
10 0.100000 0.473000 0.028000 0.042000
10 0.028000 0.597000 0.040000 0.046000
10 0.740000 0.323000 0.020000 0.046000
2 0.408000 0.032000 0.072000 0.064000
1 0.196000 0.059000 0.300000 0.118000
1 0.730000 0.054000 0.536000 0.108000
6 0.010000 0.643000 0.020000 0.046000
1 0.034000 0.969000 0.068000 0.058000
1 0.107360 0.433240 0.214720 0.438480
10 0.102510 0.478170 0.033020 0.044340
10 0.153050 0.393350 0.030100 0.038700
1 0.827920 0.060730 0.339840 0.121460
6 0.012030 0.630240 0.020060 0.024480
1 0.419050 0.204430 0.178100 0.208860
1 0.268450 0.846100 0.524900 0.304200
10 0.857120 0.125490 0.042240 0.018980
10 0.931750 0.232210 0.035500 0.024420
6 0.066240 0.423540 0.028480 0.023080
1 0.541500 0.779380 0.271000 0.426760
6 0.060930 0.344090 0.025860 0.020180
10 0.905490 0.227630 0.022980 0.015260
10 0.981000 0.186000 0.038000 0.020000
6 0.121400 0.337910 0.026800 0.023820
1 0.460020 0.490650 0.212040 0.341300
10 0.968790 0.184520 0.013580 0.017040
1 0.600450 0.381600 0.128900 0.179200
6 0.033610 0.405160 0.027220 0.022320
10 0.695450 0.835780 0.014900 0.031560
6 0.147500 0.284640 0.027000 0.021280
10 0.687360 0.935380 0.018720 0.034760
10 0.737820 0.384390 0.027640 0.040780
1 0.588430 0.236040 0.200860 0.140080
