1 0.218000 0.661000 0.136000 0.150000
1 0.172000 0.222000 0.136000 0.188000
1 0.431000 0.222000 0.110000 0.116000
1 0.634000 0.774000 0.140000 0.116000
1 0.547000 0.510000 0.118000 0.124000
1 0.772000 0.244000 0.120000 0.116000
1 0.776000 0.549000 0.084000 0.170000
1 0.037000 0.184000 0.074000 0.096000
1 0.056000 0.763000 0.112000 0.174000
1 0.583000 0.242000 0.214000 0.168000
1 0.916000 0.969000 0.120000 0.058000
1 0.779000 0.818000 0.078000 0.120000
1 0.287000 0.203000 0.062000 0.134000
1 0.447000 0.029000 0.106000 0.058000
10 0.044000 0.909000 0.052000 0.034000
1 0.336000 0.448000 0.068000 0.096000
1 0.945000 0.601000 0.106000 0.130000
1 0.251000 0.909000 0.158000 0.134000
1 0.966000 0.050000 0.064000 0.100000
1 0.086000 0.361000 0.172000 0.154000
1 0.140000 0.008000 0.108000 0.016000
1 0.023000 0.959000 0.046000 0.078000
1 0.270000 0.448000 0.060000 0.088000
1 0.991000 0.832000 0.014000 0.112000
10 0.486000 0.409000 0.020000 0.042000
1 0.219000 0.987000 0.122000 0.022000
1 0.450000 0.948000 0.152000 0.100000
1 0.957000 0.264000 0.082000 0.124000
1 0.419100 0.443000 0.102200 0.090000
1 0.138660 0.840270 0.185320 0.184540
1 0.722080 0.800100 0.072160 0.108200
1 0.852670 0.830290 0.073340 0.108580
1 0.924930 0.830490 0.093860 0.088980
1 0.359690 0.203270 0.067380 0.118540
