10 0.407000 0.118000 0.046000 0.036000
10 0.680000 0.675000 0.036000 0.046000
1 0.795000 0.925000 0.406000 0.146000
6 0.621000 0.712000 0.050000 0.064000
10 0.609000 0.932000 0.046000 0.032000
10 0.932000 0.064000 0.040000 0.036000
6 0.615000 0.318000 0.038000 0.052000
6 0.352000 0.158000 0.048000 0.044000
10 0.741000 0.089000 0.042000 0.030000
10 0.760000 0.214000 0.032000 0.028000
1 0.491000 0.016000 0.202000 0.032000
1 0.678000 0.424000 0.640000 0.372000
10 0.638000 0.106000 0.036000 0.040000
5 0.752770 0.739380 0.061540 0.110760
5 0.755380 0.644000 0.070760 0.080000
5 0.778620 0.621380 0.069240 0.090760
5 0.811230 0.608150 0.058460 0.092300
5 0.839540 0.583690 0.063080 0.095380
5 0.870150 0.575230 0.052300 0.098460
5 0.903230 0.550460 0.058460 0.076920
6 0.645230 0.310150 0.038460 0.052300
6 0.779690 0.154770 0.055380 0.041540
