1 0.208000 0.357000 0.132000 0.122000
1 0.897000 0.426000 0.138000 0.132000
1 0.774000 0.214000 0.096000 0.116000
1 0.166000 0.474000 0.116000 0.108000
1 0.652000 0.573000 0.092000 0.094000
1 0.900080 0.836380 0.188160 0.168760
1 0.486000 0.696000 0.108000 0.096000
1 0.376000 0.032000 0.112000 0.064000
1 0.927000 0.132000 0.142000 0.152000
1 0.900000 0.584000 0.088000 0.080000
1 0.597000 0.289000 0.130000 0.142000
1 0.202000 0.955000 0.088000 0.086000
1 0.032000 0.313000 0.064000 0.134000
1 0.198380 0.056690 0.216760 0.113380
1 0.651000 0.843380 0.130000 0.134760
1 0.492000 0.163000 0.072000 0.090000
1 0.400000 0.357000 0.076000 0.074000
1 0.374000 0.925000 0.196000 0.146000
1 0.510000 0.382000 0.100000 0.092000
10 0.663000 0.405000 0.042000 0.050000
1 0.369000 0.202000 0.126000 0.132000
1 0.982000 0.361000 0.032000 0.114000
1 0.821000 0.980000 0.134000 0.036000
1 0.641860 0.038420 0.131720 0.076840
1 0.486650 0.040240 0.133300 0.080480
1 0.434750 0.634860 0.093500 0.097720
1 0.746000 0.961000 0.116000 0.078000
1 0.763490 0.691060 0.146980 0.130120
1 0.646850 0.958890 0.085700 0.081780
1 0.846340 0.210750 0.104680 0.109500
1 0.173080 0.258800 0.118160 0.105600
1 0.052300 0.144770 0.104600 0.181540
1 0.089450 0.750640 0.178900 0.197280
1 0.488570 0.843480 0.141140 0.142960
