1 0.841000 0.841000 0.138000 0.138000
1 0.137000 0.363000 0.274000 0.238000
1 0.721000 0.254000 0.314000 0.236000
10 0.524000 0.563000 0.032000 0.046000
1 0.149000 0.061000 0.282000 0.122000
10 0.300000 0.095000 0.048000 0.034000
10 0.271000 0.906000 0.038000 0.036000
10 0.628000 0.045000 0.056000 0.038000
10 0.118000 0.219000 0.036000 0.054000
10 0.421000 0.805000 0.034000 0.046000
10 0.568000 0.310000 0.036000 0.048000
10 0.858000 0.424000 0.032000 0.044000
10 0.895000 0.443000 0.034000 0.046000
10 0.481000 0.055000 0.038000 0.030000
10 0.672000 0.346000 0.032000 0.044000
10 0.201000 0.248000 0.030000 0.048000
10 0.409000 0.224000 0.046000 0.032000
10 0.427000 0.180000 0.046000 0.032000
10 0.810000 0.608000 0.028000 0.052000
10 0.077000 0.901000 0.026000 0.046000
1 0.957000 0.901000 0.082000 0.130000
10 0.547000 0.502000 0.042000 0.048000
10 0.205000 0.965000 0.026000 0.042000
10 0.013000 0.172000 0.026000 0.044000
10 0.610000 0.322000 0.028000 0.044000
1 0.386250 0.584870 0.244500 0.329740
1 0.862000 0.966000 0.144000 0.064000
1 0.293250 0.811000 0.182500 0.190000
10 0.221000 0.881000 0.050000 0.034000
10 0.636000 0.607000 0.024000 0.042000
10 0.104000 0.907000 0.028000 0.046000
1 0.009000 0.617000 0.018000 0.182000
1 0.928000 0.329000 0.144000 0.186000
