1 0.636000 0.359000 0.272000 0.206000
1 0.809000 0.079000 0.230000 0.158000
1 0.915000 0.398000 0.166000 0.212000
1 0.316000 0.910000 0.244000 0.176000
1 0.478000 0.729000 0.384000 0.274000
10 0.472000 0.219000 0.040000 0.054000
10 0.554000 0.074000 0.036000 0.044000
10 0.599000 0.508000 0.050000 0.028000
10 0.377000 0.111000 0.042000 0.038000
10 0.638000 0.557000 0.056000 0.034000
2 0.477000 0.148000 0.062000 0.088000
10 0.425000 0.297000 0.034000 0.046000
2 0.236000 0.489000 0.052000 0.094000
10 0.675000 0.516000 0.054000 0.032000
6 0.178000 0.479000 0.056000 0.034000
10 0.367000 0.042000 0.042000 0.036000
2 0.296000 0.583000 0.092000 0.074000
1 0.849260 0.753920 0.166520 0.283840
10 0.841000 0.585000 0.046000 0.022000
10 0.420000 0.142000 0.044000 0.040000
10 0.409000 0.073000 0.042000 0.038000
10 0.543000 0.547000 0.034000 0.022000
1 0.941000 0.747000 0.114000 0.190000
1 0.235000 0.217000 0.394000 0.430000
10 0.806000 0.582000 0.032000 0.020000
1 0.903000 0.976000 0.190000 0.044000
1 0.082000 0.705690 0.164000 0.315380
2 0.412000 0.403000 0.076000 0.078000
6 0.536000 0.500000 0.056000 0.028000
2 0.455450 0.501630 0.042900 0.083260
