1 0.894000 0.475000 0.208000 0.214000
1 0.115000 0.857000 0.230000 0.282000
1 0.676000 0.714000 0.296000 0.228000
1 0.339000 0.594000 0.286000 0.200000
1 0.924000 0.842000 0.148000 0.260000
10 0.851000 0.597000 0.054000 0.038000
10 0.342000 0.090000 0.032000 0.044000
2 0.254000 0.293000 0.088000 0.074000
1 0.954000 0.213000 0.088000 0.198000
6 0.387000 0.493000 0.058000 0.038000
10 0.587000 0.509000 0.046000 0.034000
10 0.712000 0.547000 0.056000 0.042000
10 0.941000 0.628000 0.042000 0.028000
10 0.012000 0.745000 0.024000 0.046000
1 0.652490 0.945000 0.224980 0.106000
1 0.041000 0.521000 0.082000 0.270000
10 0.980000 0.644000 0.036000 0.032000
10 0.365000 0.423000 0.046000 0.030000
1 0.167000 0.133000 0.322000 0.266000
6 0.036000 0.678000 0.040000 0.052000
10 0.628000 0.520000 0.036000 0.032000
10 0.695000 0.601000 0.042000 0.026000
10 0.790000 0.633000 0.036000 0.026000
10 0.661000 0.531000 0.046000 0.038000
1 0.578000 0.214000 0.464000 0.428000
5 0.324770 0.186310 0.081540 0.124620
1 0.391000 0.962000 0.258000 0.076000
