1 0.266000 0.909000 0.140000 0.154000
1 0.446000 0.405000 0.132000 0.122000
1 0.367000 0.283000 0.138000 0.122000
1 0.693000 0.439000 0.138000 0.150000
1 0.052000 0.640000 0.104000 0.152000
1 0.514000 0.218000 0.136000 0.136000
1 0.129000 0.179000 0.130000 0.134000
1 0.943000 0.550000 0.110000 0.148000
10 0.945000 0.354000 0.042000 0.040000
1 0.756000 0.954000 0.152000 0.088000
1 0.299000 0.693000 0.126000 0.138000
1 0.484000 0.802000 0.132000 0.160000
1 0.898000 0.857000 0.148000 0.126000
1 0.853000 0.629000 0.118000 0.166000
10 0.127000 0.423000 0.046000 0.038000
1 0.947000 0.158000 0.102000 0.100000
1 0.455000 0.081000 0.190000 0.162000
1 0.252000 0.494000 0.132000 0.176000
1 0.282000 0.187000 0.148000 0.102000
1 0.471000 0.931000 0.158000 0.134000
10 0.686000 0.759000 0.032000 0.046000
1 0.975000 0.756000 0.046000 0.124000
1 0.564000 0.746000 0.128000 0.124000
1 0.815000 0.267000 0.162000 0.206000
1 0.050000 0.955000 0.100000 0.086000
1 0.585850 0.514460 0.127700 0.156920
1 0.585540 0.316000 0.123080 0.120000
