1 0.719000 0.673000 0.170000 0.134000
1 0.796000 0.340000 0.120000 0.148000
1 0.934000 0.884000 0.128000 0.148000
6 0.109000 0.036000 0.062000 0.040000
1 0.587000 0.338000 0.094000 0.108000
1 0.441000 0.241000 0.142000 0.122000
1 0.083000 0.929000 0.134000 0.110000
2 0.480000 0.916000 0.048000 0.084000
1 0.966000 0.627000 0.064000 0.106000
1 0.499000 0.044000 0.110000 0.084000
1 0.247000 0.888000 0.082000 0.072000
10 0.726000 0.176000 0.056000 0.036000
10 0.746000 0.209000 0.032000 0.030000
1 0.883000 0.629000 0.110000 0.110000
1 0.346000 0.526000 0.172000 0.068000
10 0.920000 0.225000 0.036000 0.030000
1 0.966000 0.439000 0.064000 0.130000
1 0.532000 0.978000 0.100000 0.040000
1 0.385000 0.028000 0.098000 0.056000
1 0.887000 0.109000 0.222000 0.170000
1 0.276000 0.200000 0.120000 0.144000
1 0.673000 0.423000 0.114000 0.118000
10 0.322000 0.116000 0.044000 0.024000
1 0.328000 0.402000 0.092000 0.132000
2 0.210000 0.014000 0.120000 0.028000
1 0.104000 0.307000 0.208000 0.274000
2 0.520000 0.901000 0.032000 0.074000
1 0.322000 0.833000 0.132000 0.138000
10 0.560000 0.810000 0.028000 0.028000
1 0.556160 0.737700 0.096320 0.127400
1 0.620000 0.703510 0.108000 0.127020
1 0.850000 0.939000 0.120000 0.122000
1 0.746540 0.930030 0.109080 0.104060
1 0.667230 0.953930 0.090460 0.091860
1 0.510330 0.322480 0.088660 0.100960
1 0.725130 0.087560 0.130260 0.111120
