10 0.271000 0.643000 0.054000 0.038000
10 0.437000 0.851000 0.046000 0.038000
1 0.849000 0.698000 0.302000 0.316000
10 0.141000 0.587000 0.046000 0.030000
10 0.958000 0.973000 0.056000 0.042000
2 0.853000 0.886000 0.090000 0.080000
10 0.747000 0.948000 0.042000 0.036000
10 0.190000 0.609000 0.064000 0.046000
1 0.086000 0.770000 0.172000 0.208000
1 0.391640 0.924000 0.335280 0.148000
10 0.671000 0.964000 0.046000 0.032000
10 0.965000 0.770000 0.042000 0.040000
2 0.008000 0.492000 0.016000 0.040000
4 0.600000 0.304000 0.800000 0.608000
4 0.150000 0.102310 0.300000 0.204620
1 0.661490 0.735760 0.210980 0.195520
