1 0.572980 0.256350 0.237960 0.192700
1 0.418610 0.326280 0.189220 0.176560
1 0.361960 0.131290 0.163920 0.230580
1 0.061000 0.116000 0.122000 0.232000
1 0.074000 0.488000 0.148000 0.228000
10 0.643000 0.126000 0.038000 0.036000
10 0.767000 0.131000 0.046000 0.038000
10 0.185000 0.769000 0.042000 0.050000
10 0.726000 0.067000 0.044000 0.038000
2 0.266000 0.445000 0.100000 0.054000
10 0.814000 0.314000 0.048000 0.036000
10 0.525000 0.472000 0.042000 0.040000
1 0.242000 0.950000 0.136000 0.096000
1 0.712000 0.545000 0.220000 0.194000
1 0.425000 0.672000 0.194000 0.208000
2 0.110000 0.945000 0.092000 0.042000
10 0.683000 0.010000 0.042000 0.020000
1 0.580000 0.968000 0.200000 0.060000
6 0.863000 0.248000 0.078000 0.076000
10 0.612000 0.091000 0.040000 0.034000
1 0.821000 0.023000 0.338000 0.046000
6 0.576000 0.552000 0.032000 0.052000
