1 0.112000 0.836000 0.224000 0.324000
1 0.673000 0.264000 0.394000 0.528000
1 0.719000 0.846000 0.274000 0.304000
2 0.759000 0.561000 0.074000 0.078000
1 0.925000 0.571000 0.150000 0.426000
10 0.916000 0.389000 0.028000 0.034000
2 0.294000 0.259000 0.100000 0.054000
6 0.915000 0.299000 0.046000 0.054000
10 0.971000 0.813000 0.046000 0.046000
1 0.100000 0.381000 0.200000 0.614000
2 0.506000 0.900000 0.088000 0.088000
10 0.980000 0.313000 0.036000 0.042000
10 0.805000 0.657000 0.038000 0.038000
10 0.883000 0.729000 0.038000 0.042000
2 0.758000 0.643000 0.064000 0.074000
10 0.343000 0.597000 0.026000 0.046000
10 0.985000 0.210000 0.026000 0.036000
2 0.662000 0.561000 0.056000 0.070000
10 0.701000 0.559000 0.042000 0.046000
2 0.440000 0.348000 0.064000 0.084000
1 0.939470 0.115610 0.106940 0.111220
1 0.934000 0.054000 0.128000 0.108000
6 0.502000 0.389000 0.068000 0.082000
6 0.359000 0.747000 0.030000 0.078000
2 0.251000 0.890000 0.070000 0.040000
10 0.360000 0.908000 0.024000 0.032000
10 0.582000 0.765000 0.036000 0.034000
10 0.930000 0.774000 0.036000 0.040000
1 0.920670 0.928830 0.157340 0.141660
