10 0.217000 0.531000 0.042000 0.046000
10 0.470000 0.110000 0.044000 0.040000
10 0.215000 0.461000 0.046000 0.038000
10 0.210000 0.394000 0.044000 0.040000
10 0.193000 0.111000 0.042000 0.038000
10 0.400000 0.100000 0.040000 0.036000
10 0.419000 0.379000 0.034000 0.038000
10 0.293000 0.665000 0.046000 0.046000
10 0.468000 0.048000 0.048000 0.040000
10 0.283000 0.312000 0.046000 0.048000
10 0.403000 0.208000 0.038000 0.044000
10 0.205000 0.288000 0.038000 0.044000
10 0.326500 0.210750 0.045000 0.037500
10 0.323000 0.175000 0.042000 0.038000
10 0.281000 0.143000 0.046000 0.042000
10 0.280000 0.208000 0.040000 0.032000
10 0.286000 0.874120 0.040000 0.036240
10 0.294000 0.839000 0.044000 0.042000
10 0.292000 0.805130 0.040000 0.046260
10 0.293000 0.767000 0.042000 0.038000
10 0.328000 0.310000 0.044000 0.040000
10 0.510000 0.038000 0.044000 0.040000
10 0.336000 0.800000 0.040000 0.044000
10 0.223000 0.638000 0.026000 0.044000
10 0.336000 0.387000 0.044000 0.050000
10 0.292000 0.522000 0.044000 0.044000
10 0.336000 0.871000 0.040000 0.042000
10 0.292000 0.592000 0.044000 0.036000
10 0.222000 0.583000 0.028000 0.046000
10 0.338000 0.945000 0.044000 0.042000
10 0.334000 0.731000 0.048000 0.046000
10 0.293000 0.388000 0.042000 0.036000
10 0.253000 0.726000 0.018000 0.048000
10 0.294000 0.454000 0.044000 0.044000
10 0.520000 0.111000 0.040000 0.038000
10 0.400000 0.324000 0.040000 0.036000
10 0.578000 0.040000 0.020000 0.028000
10 0.598000 0.163000 0.024000 0.030000
10 0.522000 0.184000 0.044000 0.044000
10 0.589000 0.091000 0.022000 0.026000
10 0.324000 0.587000 0.016000 0.038000
10 0.589000 0.117000 0.022000 0.034000
10 0.985000 0.987000 0.026000 0.022000
