1 0.661000 0.394000 0.306000 0.356000
1 0.337000 0.924000 0.258000 0.148000
1 0.610000 0.711000 0.128000 0.250000
1 0.941000 0.663000 0.114000 0.374000
1 0.082000 0.724000 0.164000 0.440000
10 0.357000 0.046000 0.046000 0.044000
10 0.470000 0.561000 0.020000 0.050000
1 0.242550 0.358370 0.329100 0.348740
10 0.491000 0.773000 0.026000 0.046000
10 0.476000 0.640000 0.028000 0.052000
10 0.461000 0.443000 0.026000 0.050000
10 0.464000 0.501000 0.024000 0.050000
10 0.481000 0.696000 0.026000 0.052000
10 0.454000 0.393000 0.024000 0.046000
10 0.446000 0.349000 0.028000 0.042000
2 0.526000 0.865000 0.068000 0.038000
10 0.511000 0.957000 0.022000 0.046000
1 0.135000 0.082000 0.270000 0.164000
10 0.394000 0.086000 0.040000 0.044000
10 0.498000 0.821000 0.020000 0.042000
1 0.018000 0.270000 0.036000 0.208000
10 0.515000 0.991000 0.022000 0.014000
10 0.445000 0.311000 0.026000 0.038000
10 0.422000 0.164000 0.032000 0.048000
10 0.502440 0.918380 0.020880 0.032760
10 0.435470 0.261100 0.022940 0.050200
10 0.432910 0.212950 0.025820 0.045900
