10 0.062000 0.903000 0.048000 0.042000
6 0.795120 0.889730 0.050240 0.063460
10 0.816000 0.837000 0.040000 0.046000
10 0.017000 0.877000 0.034000 0.042000
10 0.252000 0.230000 0.044000 0.044000
10 0.295000 0.149000 0.042000 0.042000
10 0.259000 0.191000 0.042000 0.038000
10 0.227000 0.325000 0.038000 0.030000
10 0.367000 0.354000 0.042000 0.040000
10 0.370000 0.110000 0.032000 0.036000
10 0.470000 0.070000 0.036000 0.044000
10 0.972000 0.613000 0.036000 0.050000
10 0.347000 0.074000 0.042000 0.036000
10 0.203000 0.279000 0.038000 0.038000
5 0.063000 0.534000 0.090000 0.080000
5 0.752000 0.954000 0.076000 0.092000
1 0.765610 0.290920 0.467220 0.409840
10 0.950000 0.489000 0.040000 0.030000
10 0.353000 0.312000 0.046000 0.040000
10 0.971000 0.781000 0.046000 0.046000
6 0.483000 0.232000 0.062000 0.048000
10 0.975000 0.894000 0.046000 0.032000
1 0.177000 0.150000 0.354000 0.300000
1 0.892000 0.984000 0.212000 0.028000
10 0.980000 0.449000 0.036000 0.034000
5 0.902000 0.730000 0.072000 0.092000
10 0.989000 0.568000 0.018000 0.048000
10 0.592000 0.007000 0.036000 0.014000
10 0.175000 0.432000 0.022000 0.024000
10 0.511000 0.128000 0.058000 0.040000
10 0.992000 0.694000 0.012000 0.036000
10 0.205000 0.553000 0.050000 0.042000
10 0.357000 0.156000 0.034000 0.028000
1 0.451240 0.745580 0.490480 0.411160
1 0.303000 0.867000 0.462000 0.266000
1 0.631220 0.491560 0.494440 0.415120
1 0.053080 0.413380 0.106160 0.250760
