1 0.858000 0.108000 0.272000 0.216000
1 0.735000 0.504000 0.138000 0.120000
10 0.120000 0.925000 0.032000 0.046000
1 0.865000 0.670000 0.122000 0.112000
1 0.955000 0.868000 0.086000 0.116000
1 0.097000 0.160000 0.194000 0.212000
10 0.274000 0.415000 0.044000 0.030000
1 0.294000 0.915000 0.100000 0.110000
1 0.691000 0.925000 0.134000 0.138000
1 0.135000 0.696000 0.106000 0.152000
1 0.613000 0.061000 0.246000 0.122000
1 0.968000 0.650000 0.060000 0.172000
1 0.840000 0.919000 0.116000 0.106000
10 0.102000 0.971000 0.032000 0.046000
10 0.869000 0.987000 0.046000 0.022000
10 0.038380 0.444080 0.044760 0.032160
10 0.918000 0.994000 0.052000 0.008000
1 0.593540 0.698620 0.223080 0.189240
1 0.359230 0.815540 0.138460 0.123080
1 0.181850 0.280770 0.347700 0.201540
10 0.081530 0.429290 0.047060 0.030580
1 0.352120 0.644470 0.108240 0.112940
