1 0.342000 0.703000 0.120000 0.130000
1 0.217000 0.386000 0.118000 0.112000
1 0.248000 0.493000 0.124000 0.094000
1 0.295000 0.594000 0.082000 0.108000
1 0.187000 0.237000 0.102000 0.098000
10 0.272000 0.158000 0.028000 0.044000
10 0.405000 0.499000 0.026000 0.046000
10 0.258000 0.104000 0.024000 0.036000
10 0.475000 0.846000 0.034000 0.056000
1 0.032000 0.080000 0.064000 0.128000
1 0.358000 0.973000 0.124000 0.050000
10 0.244000 0.053000 0.024000 0.042000
1 0.612000 0.701000 0.116000 0.106000
10 0.286000 0.209000 0.028000 0.042000
1 0.326000 0.899000 0.144000 0.106000
10 0.267000 0.749000 0.026000 0.046000
1 0.607000 0.853000 0.126000 0.210000
1 0.175000 0.088000 0.106000 0.136000
10 0.300000 0.258000 0.028000 0.052000
1 0.048000 0.752000 0.096000 0.116000
10 0.350000 0.823000 0.028000 0.038000
10 0.563000 0.523000 0.038000 0.046000
1 0.024000 0.966000 0.048000 0.064000
1 0.143000 0.009000 0.102000 0.018000
