6 0.807000 0.041000 0.062000 0.046000
6 0.867000 0.114000 0.062000 0.044000
1 0.726000 0.149000 0.248000 0.190000
10 0.751000 0.062000 0.042000 0.032000
10 0.703000 0.030000 0.046000 0.032000
5 0.916000 0.096000 0.064000 0.052000
10 0.971000 0.119000 0.054000 0.046000
10 0.985000 0.158000 0.026000 0.032000
10 0.863000 0.072000 0.050000 0.036000
1 0.289000 0.093000 0.578000 0.186000
5 0.749000 0.024000 0.074000 0.048000
1 0.934000 0.248000 0.128000 0.128000
1 0.351000 0.636000 0.702000 0.708000
1 0.922000 0.013000 0.152000 0.026000
