2 0.472000 0.518000 0.148000 0.052000
6 0.707000 0.450000 0.066000 0.036000
10 0.119000 0.767000 0.022000 0.046000
1 0.664000 0.163000 0.356000 0.326000
2 0.395000 0.433000 0.046000 0.098000
1 0.281000 0.768000 0.186000 0.388000
10 0.134000 0.464000 0.032000 0.052000
10 0.399000 0.763000 0.026000 0.046000
10 0.444000 0.045000 0.032000 0.058000
2 0.543000 0.412000 0.078000 0.080000
10 0.391000 0.816000 0.026000 0.044000
1 0.096000 0.948000 0.192000 0.100000
6 0.080000 0.462000 0.032000 0.060000
10 0.502320 0.664640 0.048640 0.033280
10 0.503000 0.638000 0.046000 0.028000
10 0.492000 0.714000 0.040000 0.024000
10 0.402000 0.717000 0.028000 0.038000
2 0.472000 0.353000 0.048000 0.038000
10 0.050000 0.462000 0.028000 0.048000
10 0.474900 0.834490 0.041800 0.020980
10 0.474000 0.809000 0.036000 0.026000
10 0.335890 0.454070 0.027780 0.040140
10 0.357000 0.460000 0.022000 0.036000
10 0.386000 0.863000 0.024000 0.050000
10 0.008000 0.462000 0.016000 0.040000
10 0.225650 0.456780 0.027300 0.049560
10 0.247000 0.458000 0.022000 0.048000
10 0.557000 0.470000 0.042000 0.044000
10 0.378000 0.913000 0.028000 0.050000
10 0.373000 0.973000 0.030000 0.050000
10 0.107000 0.467000 0.030000 0.050000
6 0.525000 0.439000 0.050000 0.038000
10 0.299760 0.460330 0.035520 0.052660
10 0.511840 0.566180 0.039680 0.024360
10 0.455110 0.977580 0.046220 0.027160
1 0.590000 0.842000 0.148000 0.316000
1 0.375170 0.132930 0.134340 0.261860
1 0.126840 0.218210 0.253680 0.152420
1 0.403600 0.313900 0.111200 0.099800
1 0.274750 0.301050 0.141500 0.114100
1 0.093900 0.571380 0.107800 0.094760
