1 0.559000 0.594000 0.362000 0.432000
1 0.181000 0.109000 0.326000 0.214000
10 0.146000 0.795000 0.036000 0.038000
6 0.132000 0.641000 0.048000 0.070000
6 0.076000 0.623000 0.048000 0.074000
10 0.870000 0.911000 0.036000 0.054000
10 0.631000 0.819000 0.034000 0.046000
10 0.185000 0.668000 0.042000 0.060000
10 0.310000 0.029000 0.048000 0.034000
10 0.426000 0.125000 0.048000 0.034000
10 0.269000 0.847000 0.038000 0.046000
6 0.215000 0.671000 0.042000 0.066000
10 0.557000 0.117000 0.050000 0.034000
5 0.727020 0.967750 0.070040 0.055500
10 0.761000 0.980000 0.034000 0.036000
10 0.336000 0.724000 0.040000 0.068000
10 0.355000 0.100000 0.050000 0.036000
1 0.175000 0.501000 0.350000 0.310000
1 0.957000 0.164000 0.082000 0.208000
1 0.311360 0.886890 0.622720 0.225780
10 0.854000 0.992000 0.060000 0.012000
5 0.318000 0.842610 0.052000 0.069220
5 0.505640 0.923710 0.079280 0.063420
5 0.405700 0.870370 0.067400 0.064740
6 0.604430 0.939070 0.052860 0.058140
6 0.052430 0.771800 0.052860 0.043600
6 0.044450 0.733770 0.048900 0.051540
1 0.832000 0.392000 0.336000 0.344000
1 0.848000 0.740000 0.304000 0.348000
10 0.697380 0.163900 0.042760 0.031800
6 0.638660 0.948660 0.057320 0.053320
