10 0.552790 0.286390 0.045580 0.024780
10 0.607730 0.287130 0.059460 0.026260
1 0.774000 0.823000 0.144000 0.146000
1 0.737000 0.161000 0.134000 0.098000
1 0.909000 0.552000 0.162000 0.200000
1 0.590000 0.634000 0.208000 0.204000
1 0.056000 0.574000 0.112000 0.148000
1 0.061000 0.438000 0.122000 0.132000
1 0.410000 0.744000 0.152000 0.212000
1 0.832000 0.387000 0.140000 0.138000
1 0.420000 0.428000 0.144000 0.224000
1 0.846000 0.045000 0.120000 0.090000
1 0.952000 0.048000 0.092000 0.096000
1 0.071000 0.052000 0.142000 0.104000
2 0.207000 0.119000 0.098000 0.046000
10 0.867000 0.286000 0.042000 0.028000
10 0.079000 0.233000 0.042000 0.046000
10 0.719000 0.283000 0.042000 0.030000
10 0.667000 0.282000 0.042000 0.032000
10 0.772000 0.286000 0.048000 0.028000
10 0.592000 0.776000 0.036000 0.036000
1 0.390000 0.959000 0.144000 0.078000
10 0.205000 0.324000 0.026000 0.052000
10 0.608000 0.237000 0.052000 0.026000
10 0.344000 0.483000 0.036000 0.042000
10 0.269000 0.375000 0.026000 0.038000
6 0.244000 0.656000 0.028000 0.064000
2 0.295000 0.168000 0.070000 0.040000
10 0.237000 0.819040 0.030000 0.050080
1 0.631000 0.037000 0.170000 0.074000
10 0.311000 0.663000 0.026000 0.050000
2 0.284000 0.610000 0.092000 0.048000
10 0.243000 0.744000 0.026000 0.056000
10 0.984000 0.803000 0.028000 0.050000
1 0.969000 0.158000 0.058000 0.132000
6 0.310000 0.324000 0.036000 0.064000
10 0.960000 0.923000 0.032000 0.062000
1 0.729000 0.539000 0.070000 0.114000
1 0.059000 0.892000 0.118000 0.212000
10 0.232000 0.967000 0.028000 0.054000
10 0.974000 0.859000 0.024000 0.046000
1 0.586000 0.920000 0.252000 0.156000
10 0.208000 0.434000 0.028000 0.056000
1 0.404000 0.156000 0.148000 0.148000
10 0.308000 0.389000 0.024000 0.058000
1 0.064000 0.691000 0.096000 0.098000
10 0.305000 0.715000 0.026000 0.042000
1 0.545240 0.364980 0.142480 0.105960
1 0.947840 0.391760 0.103680 0.131520
2 0.124440 0.195840 0.032880 0.087680
1 0.058460 0.335230 0.116920 0.086460
1 0.037140 0.284980 0.074280 0.105960
1 0.570880 0.174370 0.065760 0.104740
1 0.411940 0.042620 0.155880 0.085240
1 0.683850 0.749330 0.143700 0.154660
10 0.507820 0.286140 0.039640 0.024280
