1 0.851000 0.439000 0.138000 0.130000
1 0.768000 0.146000 0.120000 0.120000
1 0.938000 0.312000 0.120000 0.124000
1 0.162000 0.297000 0.140000 0.134000
1 0.444000 0.553000 0.120000 0.122000
1 0.556000 0.397000 0.128000 0.110000
1 0.663000 0.834000 0.134000 0.116000
2 0.454000 0.825000 0.072000 0.078000
1 0.332000 0.712000 0.160000 0.156000
1 0.694000 0.698000 0.148000 0.140000
10 0.651000 0.453000 0.038000 0.046000
1 0.055000 0.610000 0.106000 0.112000
2 0.957000 0.124000 0.074000 0.084000
10 0.373000 0.893000 0.034000 0.038000
1 0.225000 0.190000 0.126000 0.108000
10 0.876000 0.194000 0.040000 0.044000
1 0.575000 0.749000 0.098000 0.110000
10 0.739000 0.331000 0.038000 0.050000
1 0.039000 0.107000 0.078000 0.086000
10 0.509000 0.705000 0.034000 0.050000
10 0.539000 0.661000 0.042000 0.046000
1 0.078000 0.452000 0.124000 0.152000
1 0.436000 0.955000 0.116000 0.086000
10 0.495000 0.844000 0.034000 0.040000
1 0.119000 0.827000 0.130000 0.102000
10 0.985000 0.191000 0.026000 0.038000
10 0.631000 0.987000 0.034000 0.022000
1 0.029000 0.032000 0.058000 0.064000
1 0.621000 0.293000 0.126000 0.122000
10 0.347000 0.929000 0.034000 0.046000
1 0.766000 0.975000 0.116000 0.046000
1 0.989000 0.533000 0.018000 0.118000
1 0.966000 0.927000 0.064000 0.106000
1 0.703000 0.041000 0.110000 0.082000
1 0.156000 0.941000 0.148000 0.114000
10 0.989000 0.017000 0.018000 0.034000
10 0.287000 0.994000 0.038000 0.008000
1 0.481540 0.477400 0.175080 0.122800
1 0.235110 0.792930 0.170220 0.173860
