10 0.570630 0.872910 0.033260 0.057820
10 0.693750 0.479910 0.035500 0.023820
1 0.804950 0.660650 0.389900 0.341300
10 0.834020 0.499600 0.056040 0.031200
10 0.880570 0.509900 0.049140 0.027800
10 0.786950 0.493540 0.053900 0.031080
3 0.458010 0.593900 0.212020 0.311800
10 0.560890 0.724980 0.033780 0.033960
10 0.451650 0.419190 0.055300 0.030380
6 0.598630 0.641490 0.033260 0.078980
10 0.168500 0.539670 0.053000 0.035340
3 0.271980 0.578660 0.183960 0.325320
3 0.428000 0.885000 0.192000 0.230000
3 0.243260 0.866600 0.198520 0.265200
