1 0.670000 0.931000 0.232000 0.134000
1 0.396000 0.547000 0.136000 0.134000
1 0.272000 0.264000 0.172000 0.172000
1 0.224000 0.922000 0.176000 0.144000
2 0.909000 0.496000 0.126000 0.100000
10 0.510000 0.348000 0.044000 0.048000
10 0.627000 0.848000 0.042000 0.032000
1 0.527000 0.752000 0.242000 0.236000
6 0.888000 0.941000 0.056000 0.070000
1 0.114000 0.424000 0.228000 0.328000
10 0.977000 0.729000 0.046000 0.042000
10 0.465000 0.943000 0.046000 0.038000
10 0.945000 0.679000 0.050000 0.038000
1 0.920000 0.252770 0.156000 0.385540
10 0.573000 0.874000 0.046000 0.028000
1 0.326000 0.779000 0.160000 0.198000
10 0.257000 0.770000 0.034000 0.040000
2 0.731000 0.620000 0.102000 0.092000
1 0.795000 0.032000 0.194000 0.064000
6 0.954000 0.767000 0.060000 0.046000
10 0.518000 0.485000 0.044000 0.054000
1 0.032000 0.987000 0.064000 0.022000
1 0.152900 0.181770 0.253800 0.239540
10 0.963880 0.700710 0.051760 0.049420
