10 0.106000 0.022000 0.048000 0.036000
10 0.234000 0.758000 0.060000 0.048000
10 0.272000 0.941000 0.044000 0.058000
10 0.150000 0.706000 0.040000 0.036000
10 0.285000 0.785000 0.050000 0.042000
10 0.484000 0.969000 0.040000 0.034000
10 0.531000 0.938000 0.054000 0.048000
1 0.821000 0.857000 0.278000 0.282000
1 0.901720 0.202720 0.195440 0.361440
1 0.828660 0.549990 0.245320 0.367980
1 0.554130 0.049950 0.240260 0.099900
1 0.263480 0.154610 0.214960 0.149220
1 0.372670 0.602520 0.269340 0.177040
1 0.257420 0.300370 0.094840 0.108740
1 0.085350 0.884960 0.170700 0.229920
10 0.525600 0.638340 0.039200 0.036680
10 0.451500 0.754860 0.043000 0.041720
10 0.477600 0.714340 0.039200 0.036680
10 0.603700 0.505810 0.035400 0.031620
10 0.553500 0.791810 0.043000 0.031620
10 0.562860 0.766340 0.041720 0.036680
10 0.651600 0.426440 0.039200 0.032880
1 0.357340 0.047420 0.146680 0.094840
