10 0.246000 0.157000 0.036000 0.050000
10 0.822000 0.636000 0.028000 0.032000
10 0.029000 0.116000 0.050000 0.040000
10 0.948000 0.286000 0.044000 0.036000
10 0.442150 0.487460 0.040300 0.046920
10 0.105000 0.056000 0.030000 0.036000
10 0.417000 0.443000 0.042000 0.058000
10 0.321000 0.281000 0.034000 0.046000
10 0.375000 0.370000 0.030000 0.036000
10 0.011000 0.222000 0.022000 0.052000
1 0.069010 0.806810 0.138020 0.205620
1 0.567000 0.165000 0.210000 0.182000
1 0.897000 0.062000 0.158000 0.124000
1 0.030000 0.382000 0.060000 0.128000
1 0.718000 0.083000 0.176000 0.162000
1 0.279000 0.102000 0.086000 0.096000
1 0.543000 0.931000 0.082000 0.098000
10 0.073410 0.191220 0.038820 0.058440
1 0.722930 0.369230 0.213860 0.178460
10 0.474770 0.538160 0.033540 0.040320
1 0.876370 0.488580 0.140740 0.149160
10 0.344770 0.320800 0.037540 0.049600
1 0.441290 0.703430 0.142580 0.130860
1 0.692270 0.620810 0.120540 0.125620
1 0.760000 0.056080 0.096000 0.100160
1 0.950770 0.224520 0.081540 0.097040
1 0.907410 0.938700 0.142820 0.121400
1 0.438830 0.320470 0.073660 0.080940
10 0.435380 0.406780 0.018760 0.025560
1 0.510640 0.812990 0.105280 0.125980
1 0.959000 0.700000 0.082000 0.196000
1 0.509840 0.457340 0.083680 0.110680
1 0.656890 0.719340 0.109780 0.110680
1 0.694240 0.812140 0.112480 0.132280
1 0.203140 0.751830 0.186280 0.227660
1 0.578330 0.444300 0.092660 0.112600
