6 0.433000 0.452000 0.062000 0.048000
10 0.440000 0.046000 0.040000 0.036000
1 0.667000 0.399000 0.266000 0.218000
10 0.426000 0.022000 0.044000 0.040000
10 0.658000 0.607000 0.044000 0.038000
2 0.885500 0.608000 0.095000 0.080000
10 0.910000 0.517000 0.036000 0.042000
1 0.337080 0.880000 0.306160 0.240000
10 0.481000 0.975000 0.034000 0.038000
1 0.357850 0.613690 0.227700 0.195380
10 0.406000 0.511000 0.052000 0.038000
1 0.671000 0.127000 0.314000 0.254000
10 0.636000 0.177000 0.032000 0.046000
1 0.505540 0.724310 0.243080 0.244620
10 0.510000 0.563000 0.044000 0.034000
10 0.560000 0.591000 0.048000 0.034000
1 0.090000 0.517230 0.180000 0.238460
10 0.120000 0.394000 0.048000 0.032000
10 0.612000 0.615000 0.044000 0.034000
1 0.163500 0.256000 0.151000 0.136000
1 0.296500 0.319500 0.209000 0.139000
1 0.736500 0.490000 0.141000 0.112000
1 0.914500 0.367000 0.125000 0.142000
1 0.518500 0.282500 0.145000 0.213000
1 0.782500 0.922000 0.377000 0.156000
1 0.140000 0.082000 0.276000 0.164000
2 0.756500 0.719500 0.129000 0.099000
2 0.907000 0.707000 0.090000 0.090000
2 0.709000 0.622000 0.086000 0.092000
2 0.867000 0.804000 0.054000 0.044000
1 0.963000 0.287000 0.074000 0.142000
1 0.210460 0.559080 0.156920 0.186160
1 0.052310 0.734150 0.104620 0.232300
