1 0.222000 0.472000 0.252000 0.284000
1 0.570000 0.119000 0.124000 0.166000
1 0.500000 0.499000 0.136000 0.214000
1 0.133000 0.057000 0.210000 0.114000
10 0.527000 0.856000 0.038000 0.020000
1 0.936000 0.061000 0.124000 0.122000
1 0.966000 0.276000 0.064000 0.176000
10 0.820000 0.840000 0.060000 0.032000
10 0.714000 0.846000 0.052000 0.028000
1 0.649000 0.560000 0.098000 0.128000
1 0.744000 0.497000 0.128000 0.134000
1 0.400000 0.161000 0.164000 0.290000
1 0.019000 0.401000 0.038000 0.206000
10 0.608000 0.851000 0.040000 0.026000
1 0.716000 0.039000 0.120000 0.078000
1 0.948000 0.524000 0.100000 0.248000
1 0.844770 0.483690 0.101540 0.175380
