1 0.286000 0.941000 0.140000 0.114000
1 0.677000 0.552000 0.126000 0.128000
1 0.786000 0.356000 0.168000 0.176000
1 0.085000 0.794000 0.114000 0.116000
1 0.219000 0.680000 0.138000 0.148000
1 0.526000 0.698000 0.124000 0.112000
10 0.064000 0.415000 0.036000 0.034000
1 0.820000 0.098000 0.116000 0.116000
10 0.496000 0.512000 0.044000 0.040000
10 0.456000 0.550000 0.044000 0.048000
10 0.100000 0.448000 0.044000 0.040000
10 0.901000 0.811000 0.046000 0.042000
10 0.275000 0.763000 0.042000 0.046000
2 0.334000 0.637000 0.068000 0.074000
10 0.158000 0.874000 0.044000 0.048000
10 0.137000 0.482000 0.038000 0.036000
10 0.713000 0.436000 0.046000 0.048000
10 0.652000 0.180000 0.028000 0.032000
10 0.527000 0.555000 0.038000 0.038000
10 0.763000 0.048000 0.038000 0.040000
10 0.615000 0.466000 0.038000 0.040000
1 0.453000 0.791000 0.130000 0.110000
10 0.216000 0.557000 0.032000 0.034000
6 0.021000 0.372000 0.042000 0.052000
10 0.195000 0.835000 0.042000 0.042000
10 0.638000 0.116000 0.028000 0.040000
10 0.960000 0.945000 0.040000 0.042000
10 0.253000 0.590000 0.030000 0.032000
1 0.023000 0.920000 0.046000 0.120000
10 0.973000 0.893000 0.042000 0.038000
6 0.555000 0.230000 0.038000 0.056000
1 0.313000 0.159000 0.382000 0.314000
10 0.923000 0.763000 0.042000 0.038000
10 0.590000 0.230000 0.024000 0.056000
6 0.992000 0.710000 0.012000 0.052000
10 0.985000 0.978000 0.026000 0.040000
10 0.286000 0.624000 0.032000 0.036000
10 0.992000 0.819000 0.012000 0.046000
10 0.118000 0.923000 0.036000 0.042000
1 0.064000 0.061000 0.128000 0.122000
1 0.054000 0.550000 0.108000 0.100000
