1 0.120000 0.641000 0.164000 0.162000
2 0.474000 0.381000 0.116000 0.102000
1 0.198000 0.505000 0.116000 0.110000
2 0.677000 0.082000 0.114000 0.092000
10 0.893000 0.795000 0.038000 0.046000
1 0.909000 0.194000 0.154000 0.136000
10 0.754000 0.253000 0.036000 0.046000
10 0.872000 0.907000 0.040000 0.046000
10 0.365000 0.195000 0.042000 0.042000
1 0.432000 0.111000 0.164000 0.166000
10 0.286000 0.496000 0.032000 0.044000
1 0.819000 0.366000 0.342000 0.284000
6 0.678000 0.348000 0.052000 0.060000
6 0.319000 0.157000 0.042000 0.046000
5 0.561000 0.183000 0.106000 0.122000
10 0.925000 0.763000 0.038000 0.038000
10 0.978000 0.811000 0.040000 0.042000
10 0.921000 0.945000 0.046000 0.042000
10 0.900000 0.007000 0.032000 0.014000
10 0.953000 0.671000 0.038000 0.046000
10 0.925000 0.831000 0.030000 0.042000
1 0.753000 0.676000 0.482000 0.416000
10 0.906000 0.987000 0.036000 0.022000
5 0.053000 0.900000 0.066000 0.088000
10 0.164000 0.989000 0.040000 0.018000
1 0.009000 0.853000 0.018000 0.114000
10 0.967000 0.987000 0.046000 0.022000
