1 0.460000 0.251000 0.144000 0.130000
1 0.940000 0.362000 0.116000 0.148000
1 0.552000 0.430000 0.152000 0.140000
1 0.083000 0.698000 0.162000 0.196000
1 0.635000 0.567000 0.154000 0.162000
1 0.353000 0.635000 0.138000 0.134000
1 0.251000 0.477000 0.186000 0.174000
1 0.583000 0.201000 0.130000 0.142000
1 0.936000 0.943000 0.124000 0.110000
1 0.962000 0.639000 0.072000 0.130000
10 0.408000 0.424000 0.040000 0.040000
10 0.345000 0.329000 0.030000 0.034000
10 0.659000 0.788000 0.042000 0.052000
1 0.245000 0.744000 0.146000 0.120000
10 0.923000 0.056000 0.042000 0.044000
10 0.953000 0.102000 0.038000 0.048000
1 0.787000 0.157000 0.130000 0.130000
1 0.638000 0.971000 0.156000 0.054000
10 0.890000 0.017000 0.040000 0.034000
1 0.929000 0.503000 0.138000 0.122000
1 0.851000 0.719000 0.110000 0.126000
10 0.987000 0.165000 0.022000 0.058000
1 0.491000 0.818000 0.098000 0.092000
