2 0.786000 0.394000 0.084000 0.128000
2 0.904000 0.454000 0.116000 0.072000
6 0.967000 0.766000 0.038000 0.060000
1 0.397000 0.064000 0.106000 0.128000
10 0.259000 0.541000 0.042000 0.038000
10 0.723000 0.371000 0.042000 0.034000
10 0.302000 0.862000 0.032000 0.052000
1 0.651000 0.785000 0.630000 0.426000
1 0.910000 0.149000 0.176000 0.246000
10 0.198000 0.514000 0.048000 0.036000
10 0.415000 0.483000 0.042000 0.034000
6 0.853000 0.322000 0.050000 0.044000
1 0.412000 0.394000 0.152000 0.128000
10 0.948000 0.715000 0.028000 0.042000
10 0.939000 0.511000 0.030000 0.050000
10 0.958000 0.559000 0.028000 0.046000
6 0.982000 0.264000 0.032000 0.048000
10 0.350000 0.973000 0.036000 0.050000
1 0.138000 0.219100 0.272000 0.234200
2 0.041000 0.317000 0.082000 0.066000
10 0.305000 0.499000 0.046000 0.038000
1 0.914000 0.013000 0.144000 0.026000
10 0.978000 0.606000 0.032000 0.056000
10 0.365000 0.484000 0.042000 0.024000
1 0.054000 0.978000 0.108000 0.040000
1 0.204520 0.388700 0.261040 0.185400
1 0.091480 0.071360 0.182960 0.142720
1 0.626200 0.210480 0.468400 0.404960
