1 0.168000 0.457000 0.324000 0.278000
1 0.315000 0.143000 0.282000 0.286000
1 0.698000 0.469000 0.176000 0.170000
1 0.876000 0.530000 0.244000 0.224000
6 0.834000 0.605000 0.060000 0.046000
10 0.735000 0.957000 0.046000 0.046000
6 0.701000 0.573000 0.078000 0.054000
10 0.415000 0.529000 0.042000 0.042000
1 0.039000 0.120000 0.078000 0.208000
10 0.325000 0.404000 0.050000 0.060000
10 0.899000 0.636000 0.034000 0.032000
1 0.651000 0.128000 0.462000 0.256000
10 0.390000 0.493000 0.032000 0.030000
2 0.154000 0.135000 0.064000 0.046000
1 0.035000 0.837000 0.070000 0.314000
1 0.837000 0.876000 0.322000 0.244000
1 0.555000 0.890000 0.278000 0.216000
10 0.243000 0.292000 0.026000 0.020000
10 0.016000 0.338000 0.032000 0.036000
