1 0.182150 0.319330 0.128300 0.126660
1 0.107760 0.388450 0.155520 0.152900
1 0.659000 0.696000 0.162000 0.144000
1 0.524000 0.543000 0.116000 0.126000
1 0.165000 0.837000 0.146000 0.138000
1 0.753000 0.368000 0.158000 0.156000
1 0.656000 0.864000 0.140000 0.140000
1 0.422000 0.915000 0.172000 0.158000
1 0.772000 0.043000 0.092000 0.086000
1 0.950000 0.950000 0.096000 0.096000
1 0.270000 0.247000 0.148000 0.146000
10 0.905000 0.819000 0.042000 0.046000
10 0.305000 0.062000 0.038000 0.032000
10 0.833000 0.881000 0.038000 0.042000
1 0.452000 0.094000 0.168000 0.172000
10 0.345000 0.033000 0.038000 0.038000
10 0.978000 0.761000 0.040000 0.042000
10 0.436000 0.025000 0.040000 0.034000
10 0.817000 0.825000 0.042000 0.042000
10 0.117000 0.012000 0.034000 0.024000
1 0.599000 0.106000 0.106000 0.112000
10 0.391000 0.009000 0.042000 0.018000
10 0.179000 0.236000 0.046000 0.040000
1 0.247000 0.026000 0.206000 0.052000
10 0.301000 0.137000 0.030000 0.030000
10 0.476000 0.006000 0.032000 0.012000
1 0.767000 0.984000 0.102000 0.028000
1 0.043000 0.462000 0.086000 0.120000
1 0.054000 0.128000 0.108000 0.116000
10 0.150000 0.038000 0.040000 0.044000
1 0.948000 0.094000 0.100000 0.156000
10 0.635000 0.992000 0.042000 0.012000
1 0.978000 0.543000 0.040000 0.134000
1 0.627000 0.008000 0.126000 0.016000
1 0.009000 0.636000 0.018000 0.152000
1 0.617000 0.488000 0.090000 0.088000
