1 0.272000 0.371000 0.144000 0.090000
1 0.635000 0.945000 0.134000 0.106000
1 0.633000 0.600000 0.122000 0.112000
1 0.511000 0.800000 0.126000 0.064000
1 0.408000 0.604000 0.100000 0.116000
1 0.737000 0.176000 0.106000 0.124000
1 0.441000 0.270000 0.134000 0.092000
1 0.399000 0.936000 0.106000 0.108000
1 0.898000 0.908000 0.056000 0.180000
10 0.190000 0.462000 0.048000 0.028000
10 0.759000 0.452000 0.046000 0.028000
1 0.259000 0.607000 0.102000 0.126000
10 0.710000 0.460000 0.052000 0.032000
10 0.932000 0.450000 0.052000 0.028000
10 0.851000 0.449000 0.038000 0.026000
10 0.539000 0.459000 0.042000 0.030000
10 0.391000 0.459000 0.046000 0.026000
10 0.283000 0.462000 0.046000 0.028000
1 0.980000 0.349000 0.036000 0.102000
1 0.489000 0.078000 0.102000 0.100000
1 0.733000 0.069000 0.098000 0.106000
10 0.449000 0.507000 0.034000 0.030000
10 0.610000 0.049000 0.020000 0.042000
10 0.066000 0.253000 0.040000 0.026000
10 0.237000 0.463000 0.042000 0.030000
10 0.066000 0.278000 0.040000 0.024000
1 0.024000 0.205000 0.048000 0.238000
1 0.311000 0.014000 0.102000 0.028000
1 0.128000 0.975000 0.160000 0.046000
1 0.448000 0.178000 0.120000 0.104000
1 0.654000 0.806000 0.088000 0.060000
1 0.766000 0.982000 0.116000 0.032000
1 0.169000 0.603000 0.082000 0.098000
10 0.061000 0.462000 0.050000 0.028000
1 0.955000 0.622000 0.086000 0.188000
1 0.900000 0.335000 0.152000 0.158000
10 0.615000 0.241000 0.026000 0.050000
1 0.111000 0.708000 0.222000 0.120000
1 0.512670 0.634690 0.125340 0.121380
1 0.476460 0.371540 0.164920 0.087080
6 0.073020 0.229190 0.058040 0.026380
5 0.078300 0.200530 0.068600 0.025060
