1 0.354000 0.212000 0.336000 0.276000
10 0.957000 0.768000 0.038000 0.036000
10 0.700000 0.781000 0.032000 0.046000
10 0.076000 0.405000 0.032000 0.054000
5 0.185000 0.790000 0.054000 0.108000
10 0.848000 0.717000 0.032000 0.038000
10 0.881000 0.627000 0.034000 0.042000
10 0.638000 0.673000 0.028000 0.050000
10 0.630000 0.795000 0.032000 0.046000
10 0.108000 0.982000 0.044000 0.032000
10 0.731000 0.587000 0.038000 0.054000
10 0.633000 0.978000 0.046000 0.040000
10 0.157000 0.038000 0.026000 0.044000
1 0.697000 0.239000 0.338000 0.470000
10 0.640500 0.616380 0.025000 0.048760
10 0.664000 0.610000 0.032000 0.048000
10 0.728000 0.645000 0.032000 0.050000
10 0.944000 0.684000 0.036000 0.036000
10 0.790000 0.568000 0.028000 0.048000
10 0.622000 0.925000 0.032000 0.030000
2 0.213000 0.937000 0.066000 0.050000
10 0.682000 0.657000 0.032000 0.046000
10 0.128000 0.555000 0.028000 0.054000
1 0.070000 0.612000 0.140000 0.180000
1 0.375880 0.616630 0.283760 0.541260
1 0.898630 0.397130 0.201260 0.426260
5 0.171750 0.685130 0.047500 0.086260
6 0.276130 0.568000 0.036260 0.060000
