10 0.722340 0.227150 0.032680 0.046300
10 0.864380 0.090590 0.036760 0.057180
6 0.637000 0.409000 0.046000 0.070000
10 0.742000 0.329000 0.040000 0.058000
6 0.499000 0.810000 0.046000 0.064000
10 0.784000 0.091000 0.032000 0.046000
10 0.643000 0.510000 0.038000 0.060000
10 0.918000 0.073000 0.040000 0.062000
6 0.507000 0.688000 0.038000 0.056000
10 0.729000 0.461000 0.042000 0.058000
10 0.599000 0.649000 0.034000 0.050000
10 0.488000 0.898000 0.040000 0.056000
10 0.596000 0.587000 0.036000 0.046000
10 0.756000 0.231000 0.032000 0.046000
10 0.684000 0.904000 0.036000 0.060000
6 0.565000 0.842000 0.042000 0.056000
10 0.916000 0.497000 0.028000 0.042000
10 0.798000 0.571000 0.032000 0.050000
10 0.608000 0.987000 0.032000 0.022000
10 0.562000 0.550000 0.032000 0.048000
