10 0.591000 0.736000 0.046000 0.056000
1 0.326000 0.744000 0.172000 0.240000
10 0.663000 0.782000 0.050000 0.056000
6 0.156000 0.078000 0.044000 0.060000
2 0.691000 0.844000 0.098000 0.088000
1 0.499000 0.907000 0.138000 0.130000
10 0.227000 0.213000 0.034000 0.038000
1 0.136000 0.479000 0.216000 0.170000
1 0.596000 0.269000 0.128000 0.162000
10 0.328000 0.578000 0.056000 0.036000
10 0.205000 0.008000 0.038000 0.016000
1 0.057000 0.242000 0.114000 0.140000
1 0.340000 0.984000 0.100000 0.028000
1 0.718000 0.404140 0.240000 0.224280
