1 0.341000 0.694000 0.134000 0.120000
1 0.118000 0.265000 0.108000 0.126000
1 0.161000 0.622000 0.114000 0.124000
1 0.317000 0.316000 0.122000 0.124000
1 0.675000 0.281000 0.118000 0.106000
1 0.539000 0.195000 0.186000 0.154000
10 0.533000 0.355000 0.050000 0.042000
10 0.078000 0.705000 0.052000 0.042000
1 0.384000 0.111000 0.176000 0.150000
10 0.582000 0.312000 0.048000 0.040000
10 0.077000 0.109000 0.046000 0.038000
10 0.475000 0.259000 0.038000 0.030000
1 0.767000 0.924000 0.102000 0.120000
10 0.183000 0.163000 0.050000 0.042000
1 0.355000 0.495000 0.210000 0.230000
10 0.643000 0.344000 0.046000 0.036000
10 0.268000 0.212000 0.044000 0.036000
10 0.306000 0.818000 0.040000 0.036000
10 0.351000 0.194000 0.042000 0.032000
10 0.533000 0.287000 0.042000 0.038000
10 0.127000 0.076000 0.046000 0.040000
1 0.052000 0.557000 0.104000 0.134000
10 0.531000 0.925000 0.046000 0.038000
10 0.078000 0.052000 0.044000 0.036000
10 0.393000 0.215000 0.038000 0.030000
1 0.259350 0.064450 0.134700 0.128900
10 0.212000 0.121000 0.052000 0.042000
1 0.324000 0.925000 0.100000 0.102000
10 0.447000 0.884000 0.034000 0.028000
10 0.032000 0.087000 0.032000 0.026000
1 0.417000 0.948000 0.098000 0.100000
10 0.036000 0.030000 0.040000 0.036000
6 0.691000 0.371000 0.058000 0.046000
1 0.037000 0.164000 0.074000 0.120000
10 0.008000 0.014000 0.016000 0.028000
1 0.966000 0.382000 0.064000 0.132000
6 0.575000 0.955000 0.050000 0.042000
1 0.126000 0.820000 0.132000 0.124000
10 0.486000 0.846000 0.036000 0.028000
1 0.086000 0.964000 0.172000 0.068000
1 0.536270 0.664150 0.236540 0.140300
