1 0.265000 0.737000 0.138000 0.134000
1 0.155000 0.059000 0.126000 0.118000
1 0.641000 0.564000 0.106000 0.112000
1 0.679000 0.447000 0.130000 0.122000
1 0.167000 0.578000 0.110000 0.112000
1 0.096000 0.804000 0.124000 0.120000
1 0.728000 0.061000 0.116000 0.122000
1 0.323000 0.608000 0.102000 0.108000
1 0.779000 0.638000 0.114000 0.120000
1 0.057000 0.262000 0.114000 0.108000
1 0.365000 0.132000 0.166000 0.136000
1 0.879000 0.619000 0.102000 0.110000
1 0.158000 0.191000 0.132000 0.138000
1 0.222000 0.928000 0.128000 0.116000
2 0.435000 0.738000 0.110000 0.052000
10 0.777000 0.770000 0.038000 0.032000
10 0.889000 0.746000 0.046000 0.032000
2 0.502000 0.854000 0.052000 0.116000
2 0.429000 0.460000 0.046000 0.116000
2 0.716000 0.814000 0.064000 0.064000
1 0.962000 0.587000 0.072000 0.130000
10 0.645000 0.798000 0.058000 0.032000
10 0.328000 0.405000 0.056000 0.034000
10 0.317000 0.457000 0.054000 0.038000
10 0.932000 0.735000 0.040000 0.030000
10 0.557000 0.432000 0.022000 0.040000
10 0.719000 0.869000 0.050000 0.038000
10 0.116000 0.361000 0.040000 0.030000
1 0.065000 0.564000 0.078000 0.112000
10 0.071000 0.348000 0.050000 0.032000
2 0.408000 0.976000 0.088000 0.044000
10 0.268000 0.447000 0.044000 0.030000
10 0.987000 0.721000 0.022000 0.038000
1 0.312620 0.226770 0.109240 0.101540
6 0.263000 0.150000 0.026000 0.048000
1 0.744000 0.257000 0.212000 0.246000
10 0.224000 0.313000 0.028000 0.054000
1 0.984000 0.329000 0.028000 0.126000
1 0.985000 0.895000 0.026000 0.106000
1 0.973000 0.465000 0.050000 0.106000
1 0.017000 0.959000 0.034000 0.078000
1 0.629000 0.681000 0.138000 0.098000
1 0.079000 0.474000 0.122000 0.076000
10 0.277000 0.084000 0.022000 0.040000
1 0.220000 0.992000 0.124000 0.012000
1 0.200310 0.494620 0.104620 0.089240
1 0.320460 0.328770 0.156920 0.121540
