1 0.134000 0.125000 0.268000 0.226000
10 0.383000 0.476000 0.042000 0.048000
1 0.474000 0.060000 0.460000 0.120000
10 0.676000 0.082000 0.028000 0.036000
1 0.504770 0.540460 0.201540 0.216920
10 0.461000 0.430000 0.026000 0.028000
1 0.470000 0.065000 0.408000 0.130000
1 0.083080 0.708620 0.166160 0.169240
10 0.154000 0.786000 0.040000 0.048000
10 0.745000 0.070000 0.038000 0.044000
1 0.296000 0.391000 0.384000 0.458000
1 0.746000 0.909000 0.216000 0.182000
2 0.252000 0.761000 0.060000 0.070000
1 0.251000 0.904000 0.274000 0.188000
1 0.656000 0.367230 0.260000 0.318460
10 0.529000 0.338000 0.022000 0.024000
10 0.687000 0.902000 0.034000 0.036000
1 0.825000 0.169000 0.346000 0.282000
2 0.654000 0.149000 0.060000 0.062000
10 0.738000 0.840000 0.032000 0.032000
1 0.452310 0.738620 0.384620 0.389240
1 0.161230 0.661230 0.158460 0.138460
1 0.887380 0.767080 0.210760 0.226160
1 0.961000 0.642000 0.078000 0.144000
