1 0.912000 0.740000 0.172000 0.224000
1 0.834850 0.344880 0.329700 0.141760
6 0.533000 0.058000 0.030000 0.056000
1 0.166000 0.818000 0.248000 0.228000
10 0.408000 0.215000 0.040000 0.038000
10 0.641000 0.044000 0.026000 0.048000
10 0.414000 0.031000 0.056000 0.022000
10 0.534000 0.015000 0.024000 0.030000
10 0.314000 0.155000 0.048000 0.022000
10 0.315000 0.088000 0.046000 0.028000
10 0.413000 0.147500 0.046000 0.019000
10 0.310000 0.237000 0.048000 0.030000
10 0.315000 0.042000 0.046000 0.028000
10 0.528000 0.109000 0.028000 0.042000
10 0.315000 0.028000 0.046000 0.056000
10 0.314000 0.068000 0.048000 0.024000
10 0.312000 0.110000 0.044000 0.028000
6 0.413000 0.054000 0.054000 0.028000
10 0.311000 0.133000 0.042000 0.026000
10 0.346500 0.121000 0.017000 0.050000
10 0.312000 0.204000 0.044000 0.028000
6 0.316540 0.182080 0.061080 0.032160
2 0.148000 0.401500 0.060000 0.103000
2 0.251000 0.432000 0.122000 0.080000
1 0.559060 0.395910 0.266120 0.175820
1 0.495000 0.884000 0.114000 0.232000
