1 0.420000 0.503000 0.144000 0.150000
1 0.187380 0.184620 0.230760 0.209240
1 0.150000 0.071000 0.160000 0.142000
1 0.061000 0.276000 0.122000 0.168000
1 0.161000 0.463000 0.182000 0.166000
2 0.663000 0.770000 0.078000 0.080000
10 0.176000 0.373000 0.036000 0.030000
10 0.580000 0.468000 0.032000 0.040000
1 0.885000 0.811000 0.226000 0.282000
2 0.686000 0.693000 0.080000 0.066000
10 0.509000 0.454000 0.038000 0.048000
10 0.194000 0.300000 0.044000 0.036000
10 0.851000 0.673000 0.046000 0.042000
10 0.147000 0.328000 0.038000 0.032000
1 0.650380 0.158000 0.520760 0.316000
1 0.354000 0.378620 0.180000 0.189240
10 0.418000 0.294000 0.040000 0.048000
10 0.094000 0.419000 0.040000 0.030000
1 0.246000 0.904000 0.180000 0.160000
10 0.538000 0.505000 0.040000 0.046000
10 0.016000 0.411000 0.032000 0.034000
10 0.606000 0.522000 0.028000 0.036000
1 0.507000 0.691000 0.206000 0.294000
10 0.344000 0.078000 0.032000 0.036000
10 0.504000 0.394000 0.036000 0.052000
10 0.287000 0.304000 0.034000 0.032000
10 0.459000 0.370000 0.034000 0.044000
10 0.335000 0.985000 0.042000 0.026000
1 0.228000 0.605000 0.152000 0.130000
10 0.287000 0.081000 0.034000 0.046000
10 0.606000 0.617000 0.036000 0.042000
1 0.107000 0.677000 0.146000 0.142000
10 0.260000 0.028000 0.044000 0.052000
1 0.628000 0.913000 0.388000 0.170000
1 0.924620 0.059230 0.149240 0.118460
