1 0.876000 0.136000 0.244000 0.272000
1 0.759420 0.518160 0.278840 0.280320
10 0.874000 0.327000 0.036000 0.042000
1 0.591370 0.368520 0.314740 0.277040
10 0.726000 0.278000 0.036000 0.044000
10 0.913000 0.372000 0.042000 0.052000
10 0.962000 0.925000 0.036000 0.038000
10 0.841000 0.282000 0.046000 0.056000
10 0.725000 0.159000 0.046000 0.050000
10 0.768000 0.331000 0.036000 0.038000
10 0.844000 0.419000 0.032000 0.038000
10 0.677000 0.102000 0.042000 0.048000
10 0.062000 0.925000 0.032000 0.046000
10 0.016000 0.816000 0.032000 0.052000
10 0.038000 0.874000 0.036000 0.048000
1 0.894000 0.708000 0.212000 0.276000
10 0.972000 0.562000 0.028000 0.032000
6 0.763000 0.206000 0.046000 0.052000
10 0.689000 0.238000 0.030000 0.032000
10 0.008000 0.161000 0.016000 0.038000
1 0.619000 0.976000 0.230000 0.044000
10 0.093000 0.984000 0.030000 0.028000
10 0.879000 0.460000 0.026000 0.028000
1 0.206000 0.115000 0.240000 0.230000
1 0.020000 0.930000 0.040000 0.128000
2 0.557000 0.032000 0.086000 0.064000
10 0.992000 0.606000 0.012000 0.036000
1 0.689000 0.009000 0.166000 0.018000
1 0.409000 0.196790 0.266000 0.313580
1 0.086220 0.405080 0.172440 0.302160
1 0.142140 0.619670 0.236280 0.275340
1 0.232430 0.818080 0.244860 0.272160
1 0.302000 0.946000 0.200000 0.108000
