1 0.173000 0.900000 0.146000 0.152000
1 0.955000 0.781000 0.086000 0.158000
2 0.509000 0.904000 0.074000 0.088000
6 0.392000 0.850000 0.056000 0.064000
1 0.619000 0.443000 0.194000 0.166000
10 0.041000 0.545000 0.054000 0.046000
10 0.525000 0.975000 0.042000 0.046000
1 0.760000 0.563000 0.180000 0.194000
1 0.486000 0.576000 0.220000 0.180000
10 0.737000 0.969000 0.050000 0.042000
10 0.825000 0.350000 0.042000 0.040000
10 0.009000 0.439000 0.018000 0.038000
6 0.618000 0.879000 0.060000 0.054000
1 0.968000 0.525000 0.060000 0.126000
