1 0.200000 0.541000 0.116000 0.130000
1 0.369000 0.934000 0.166000 0.128000
1 0.589000 0.663000 0.154000 0.162000
1 0.742000 0.456000 0.124000 0.104000
1 0.122000 0.744000 0.128000 0.112000
1 0.464000 0.330000 0.128000 0.128000
1 0.452000 0.592000 0.152000 0.112000
1 0.207000 0.305000 0.206000 0.134000
1 0.954000 0.703000 0.088000 0.130000
1 0.037000 0.448000 0.074000 0.088000
10 0.388000 0.433000 0.040000 0.030000
1 0.401000 0.046000 0.286000 0.092000
1 0.101000 0.903000 0.170000 0.190000
2 0.853000 0.608000 0.126000 0.068000
10 0.679000 0.770000 0.038000 0.040000
10 0.274000 0.405000 0.036000 0.026000
10 0.705000 0.828000 0.034000 0.036000
1 0.957000 0.419000 0.082000 0.090000
10 0.605000 0.943000 0.038000 0.046000
10 0.742000 0.791000 0.032000 0.038000
10 0.789000 0.529000 0.042000 0.034000
10 0.853000 0.543000 0.050000 0.034000
10 0.853000 0.576000 0.042000 0.032000
1 0.772000 0.976000 0.100000 0.044000
1 0.980000 0.869000 0.036000 0.110000
1 0.057000 0.027000 0.114000 0.054000
1 0.867000 0.964000 0.106000 0.068000
1 0.014000 0.207000 0.028000 0.146000
10 0.030000 0.346000 0.052000 0.028000
10 0.971000 0.950000 0.026000 0.032000
1 0.630000 0.989000 0.116000 0.018000
1 0.298070 0.565310 0.112140 0.130620
1 0.362670 0.320580 0.125340 0.141160
1 0.665920 0.382030 0.139840 0.120060
