9 0.340000 0.277000 0.100000 0.054000
9 0.586000 0.512000 0.084000 0.040000
9 0.253000 0.566000 0.114000 0.052000
9 0.186000 0.830000 0.120000 0.060000
10 0.710000 0.622000 0.024000 0.052000
9 0.225000 0.638000 0.094000 0.056000
9 0.562000 0.707000 0.080000 0.038000
9 0.590000 0.576000 0.060000 0.032000
10 0.031000 0.284000 0.034000 0.056000
9 0.135440 0.927210 0.094880 0.042420
9 0.144000 0.888000 0.096000 0.056000
9 0.385000 0.134000 0.106000 0.060000
9 0.495000 0.917000 0.066000 0.162000
9 0.429000 0.030000 0.122000 0.052000
9 0.624000 0.321000 0.076000 0.042000
9 0.607000 0.384000 0.078000 0.040000
10 0.700000 0.695000 0.024000 0.050000
9 0.608000 0.420000 0.068000 0.032000
9 0.319000 0.352000 0.102000 0.044000
9 0.182000 0.779000 0.092000 0.058000
10 0.250000 0.091000 0.036000 0.034000
9 0.276000 0.485850 0.100000 0.067700
9 0.538620 0.782920 0.109240 0.053840
9 0.546000 0.906770 0.060000 0.181540
9 0.679690 0.133690 0.095380 0.055380
9 0.379150 0.176060 0.102300 0.048120
9 0.218840 0.712380 0.109680 0.056760
9 0.546490 0.743170 0.088980 0.038340
9 0.288260 0.456480 0.100520 0.052960
9 0.301620 0.423340 0.107240 0.062680
9 0.413330 0.064790 0.102660 0.057580
9 0.626770 0.294770 0.073540 0.037540
9 0.565460 0.678390 0.078920 0.036780
9 0.603840 0.452270 0.067680 0.032540
9 0.566610 0.614260 0.097220 0.040520
9 0.331970 0.318250 0.103940 0.048500
9 0.304840 0.391910 0.093680 0.055820
9 0.642480 0.263240 0.076960 0.042480
9 0.711110 0.081150 0.066220 0.046300
9 0.214010 0.675760 0.088020 0.047520
9 0.577040 0.545440 0.090080 0.042880
9 0.629220 0.354230 0.062440 0.040460
9 0.701740 0.106420 0.071480 0.040840
9 0.652920 0.239080 0.073840 0.046160
7 0.886000 0.277850 0.180000 0.267700
1 0.941690 0.299850 0.075380 0.127700
