1 0.844000 0.565000 0.308000 0.258000
1 0.143000 0.885000 0.286000 0.226000
6 0.843000 0.320000 0.078000 0.044000
10 0.405000 0.167000 0.038000 0.050000
10 0.453000 0.094000 0.042000 0.040000
10 0.568000 0.253000 0.056000 0.046000
1 0.071000 0.405000 0.142000 0.182000
10 0.606000 0.199000 0.064000 0.050000
2 0.182000 0.028000 0.048000 0.056000
6 0.489000 0.028000 0.030000 0.056000
10 0.700000 0.361000 0.060000 0.038000
10 0.262000 0.013000 0.048000 0.026000
10 0.473000 0.157000 0.046000 0.046000
10 0.507000 0.285000 0.038000 0.038000
10 0.645000 0.353000 0.050000 0.038000
5 0.973000 0.363000 0.050000 0.062000
10 0.825000 0.363000 0.034000 0.026000
10 0.435000 0.209000 0.034000 0.042000
10 0.443000 0.020000 0.030000 0.040000
10 0.071000 0.006000 0.058000 0.012000
1 0.947000 0.924000 0.102000 0.148000
10 0.589000 0.337000 0.050000 0.038000
1 0.271000 0.657000 0.270000 0.250000
