1 0.827000 0.103000 0.214000 0.206000
1 0.153000 0.221000 0.214000 0.390000
1 0.129000 0.917000 0.258000 0.162000
10 0.071000 0.784000 0.042000 0.032000
1 0.591000 0.054000 0.222000 0.108000
1 0.048000 0.583000 0.096000 0.210000
10 0.067000 0.664000 0.038000 0.032000
1 0.756000 0.490000 0.484000 0.352000
1 0.873000 0.929000 0.250000 0.138000
10 0.888000 0.272000 0.036000 0.052000
6 0.899000 0.774000 0.042000 0.060000
1 0.982000 0.210000 0.032000 0.176000
10 0.989000 0.828000 0.018000 0.056000
10 0.914000 0.791000 0.024000 0.046000
10 0.102000 0.598000 0.040000 0.032000
1 0.468440 0.786950 0.680880 0.421900
1 0.440000 0.966000 0.388000 0.064000
10 0.808000 0.232000 0.028000 0.044000
