1 0.814000 0.672000 0.156000 0.124000
1 0.202000 0.473000 0.104000 0.118000
1 0.431000 0.465000 0.146000 0.206000
1 0.147000 0.349000 0.122000 0.118000
1 0.703000 0.415000 0.138000 0.118000
1 0.576000 0.589000 0.096000 0.134000
1 0.898000 0.256000 0.148000 0.152000
1 0.529000 0.805000 0.142000 0.138000
10 0.805000 0.350000 0.038000 0.048000
1 0.932000 0.761000 0.116000 0.134000
1 0.941000 0.952000 0.114000 0.092000
10 0.868000 0.483000 0.032000 0.042000
10 0.918000 0.586000 0.040000 0.056000
10 0.763000 0.262000 0.030000 0.044000
10 0.345000 0.687000 0.030000 0.050000
10 0.330000 0.603000 0.028000 0.042000
10 0.740000 0.220000 0.036000 0.048000
10 0.504000 0.219000 0.028000 0.050000
1 0.161000 0.955000 0.106000 0.086000
1 0.560000 0.975000 0.172000 0.046000
10 0.826000 0.395000 0.032000 0.046000
1 0.256000 0.640000 0.112000 0.192000
10 0.848000 0.441000 0.032000 0.042000
10 0.276000 0.274000 0.028000 0.044000
1 0.961000 0.415000 0.074000 0.094000
1 0.454000 0.296000 0.184000 0.092000
1 0.116000 0.163000 0.232000 0.246000
10 0.051000 0.038000 0.038000 0.024000
1 0.868000 0.013000 0.088000 0.026000
1 0.648000 0.278000 0.176000 0.168000
10 0.992000 0.651000 0.012000 0.046000
