1 0.496000 0.057000 0.128000 0.114000
10 0.358000 0.768000 0.032000 0.036000
1 0.814000 0.136000 0.148000 0.272000
10 0.316000 0.827000 0.032000 0.038000
10 0.160000 0.944000 0.048000 0.028000
2 0.770000 0.352000 0.060000 0.072000
1 0.167000 0.716000 0.334000 0.352000
2 0.162000 0.040000 0.064000 0.076000
1 0.318000 0.341000 0.620000 0.482000
1 0.941000 0.291000 0.106000 0.106000
10 0.147000 0.974000 0.050000 0.032000
10 0.172000 0.916000 0.044000 0.028000
10 0.484000 0.592000 0.032000 0.036000
1 0.952000 0.149000 0.092000 0.150000
10 0.006000 0.104000 0.012000 0.044000
10 0.401000 0.709000 0.034000 0.042000
1 0.852000 0.573570 0.220000 0.187140
1 0.837000 0.690710 0.210000 0.161420
1 0.825000 0.878000 0.270000 0.244000
1 0.493000 0.959000 0.158000 0.082000
