1 0.258000 0.694000 0.204000 0.176000
1 0.115000 0.904000 0.230000 0.188000
1 0.782000 0.844000 0.204000 0.208000
10 0.825000 0.100000 0.034000 0.044000
1 0.460000 0.822000 0.256000 0.236000
1 0.945000 0.242000 0.106000 0.156000
1 0.093000 0.597000 0.186000 0.222000
10 0.935000 0.084000 0.046000 0.040000
10 0.012000 0.705000 0.024000 0.030000
10 0.987000 0.034000 0.022000 0.036000
1 0.127670 0.312330 0.255340 0.196660
1 0.952000 0.534000 0.092000 0.144000
1 0.868670 0.665330 0.173340 0.146660
1 0.675330 0.944670 0.194660 0.109340
