10 0.314000 0.638000 0.044000 0.044000
10 0.089000 0.608000 0.030000 0.052000
6 0.190000 0.043000 0.040000 0.062000
10 0.130000 0.394000 0.024000 0.048000
6 0.147000 0.955000 0.034000 0.070000
10 0.178000 0.605000 0.028000 0.046000
6 0.012000 0.287000 0.024000 0.058000
10 0.224000 0.946000 0.028000 0.052000
10 0.058000 0.505000 0.024000 0.054000
10 0.138000 0.722000 0.024000 0.064000
10 0.095000 0.705000 0.026000 0.058000
10 0.038000 0.406000 0.028000 0.056000
1 0.354000 0.309000 0.228000 0.610000
10 0.122000 0.828000 0.028000 0.056000
6 0.490000 0.374000 0.036000 0.060000
6 0.510000 0.482000 0.032000 0.060000
10 0.071000 0.391000 0.022000 0.046000
10 0.153000 0.839000 0.022000 0.050000
10 0.172000 0.093000 0.016000 0.030000
10 0.406000 0.008000 0.036000 0.016000
1 0.722000 0.712000 0.552000 0.556000
6 0.187000 0.985000 0.030000 0.026000
10 0.004000 0.186000 0.008000 0.044000
5 0.544380 0.470380 0.048760 0.088760
