1 0.831000 0.177000 0.106000 0.118000
1 0.562000 0.079000 0.140000 0.158000
1 0.138000 0.360000 0.160000 0.148000
1 0.364000 0.498000 0.148000 0.112000
1 0.471000 0.920000 0.102000 0.120000
1 0.333000 0.941000 0.142000 0.114000
1 0.043000 0.758000 0.086000 0.112000
1 0.042000 0.156000 0.080000 0.104000
1 0.594000 0.626000 0.096000 0.116000
1 0.885000 0.952000 0.126000 0.092000
10 0.257000 0.605000 0.054000 0.046000
10 0.689000 0.792000 0.046000 0.032000
10 0.313000 0.137000 0.042000 0.038000
10 0.610000 0.367000 0.048000 0.042000
10 0.527000 0.744000 0.054000 0.036000
10 0.127000 0.525000 0.046000 0.042000
10 0.561000 0.339000 0.050000 0.046000
2 0.350000 0.666000 0.100000 0.056000
10 0.142000 0.673000 0.048000 0.034000
10 0.687000 0.412000 0.050000 0.044000
10 0.875000 0.824000 0.046000 0.028000
10 0.252000 0.154000 0.044000 0.036000
10 0.925000 0.834000 0.046000 0.032000
10 0.092000 0.622000 0.044000 0.040000
10 0.193000 0.654000 0.042000 0.032000
10 0.877000 0.526000 0.042000 0.036000
10 0.955000 0.571000 0.042000 0.042000
10 0.830000 0.821000 0.044000 0.034000
10 0.785000 0.811000 0.046000 0.034000
10 0.362000 0.832000 0.032000 0.048000
10 0.110000 0.071000 0.048000 0.042000
6 0.738000 0.441000 0.060000 0.050000
10 0.736000 0.921000 0.028000 0.046000
10 0.379000 0.231000 0.042000 0.042000
1 0.904000 0.709000 0.096000 0.106000
10 0.737000 0.802000 0.042000 0.032000
10 0.336000 0.208000 0.044000 0.040000
10 0.154000 0.096000 0.040000 0.036000
10 0.054000 0.606000 0.040000 0.036000
10 0.980000 0.844000 0.036000 0.032000
10 0.017000 0.592000 0.034000 0.036000
10 0.980000 0.897000 0.036000 0.030000
1 0.501000 0.589000 0.118000 0.134000
1 0.809000 0.706000 0.094000 0.116000
10 0.066000 0.043000 0.040000 0.034000
10 0.082000 0.494000 0.036000 0.028000
1 0.211000 0.827000 0.110000 0.130000
1 0.742000 0.142000 0.096000 0.104000
1 0.969000 0.226000 0.058000 0.120000
10 0.024000 0.018000 0.044000 0.036000
10 0.654000 0.904000 0.024000 0.040000
1 0.027000 0.514000 0.054000 0.080000
10 0.044000 0.473000 0.040000 0.034000
10 0.989000 0.596000 0.018000 0.036000
10 0.584000 0.768000 0.060000 0.036000
10 0.578000 0.876000 0.028000 0.040000
10 0.008000 0.442000 0.016000 0.040000
1 0.352000 0.056000 0.160000 0.112000
1 0.725000 0.978000 0.138000 0.040000
10 0.269000 0.680000 0.034000 0.020000
