1 0.115000 0.622000 0.114000 0.096000
2 0.867000 0.113000 0.106000 0.070000
1 0.939000 0.938000 0.110000 0.120000
1 0.931000 0.046000 0.134000 0.092000
2 0.874000 0.279000 0.084000 0.066000
1 0.950000 0.647000 0.096000 0.258000
6 0.279000 0.186000 0.046000 0.056000
1 0.092000 0.728000 0.112000 0.096000
10 0.582000 0.291000 0.056000 0.042000
1 0.360000 0.888000 0.208000 0.212000
1 0.057000 0.950000 0.114000 0.096000
2 0.401000 0.339000 0.090000 0.070000
10 0.691000 0.864000 0.034000 0.028000
2 0.779000 0.248000 0.062000 0.084000
1 0.620000 0.550000 0.400000 0.476000
2 0.958000 0.145000 0.056000 0.098000
1 0.411000 0.193000 0.242000 0.246000
1 0.702000 0.142000 0.176000 0.188000
10 0.647000 0.836000 0.038000 0.028000
10 0.116000 0.487000 0.048000 0.026000
10 0.164000 0.469000 0.040000 0.026000
10 0.444000 0.967000 0.040000 0.038000
10 0.897000 0.671000 0.018000 0.046000
10 0.841000 0.545000 0.018000 0.046000
10 0.899000 0.623000 0.022000 0.046000
10 0.792000 0.017000 0.032000 0.034000
10 0.929000 0.327000 0.038000 0.058000
2 0.783000 0.775000 0.042000 0.078000
1 0.942000 0.819000 0.088000 0.102000
1 0.503300 0.846810 0.126600 0.133620
10 0.538000 0.902000 0.032000 0.036000
10 0.893000 0.758000 0.018000 0.036000
10 0.044000 0.009000 0.032000 0.018000
1 0.276000 0.636000 0.192000 0.256000
1 0.409950 0.523840 0.151900 0.147680
6 0.357000 0.414000 0.054000 0.040000
1 0.696400 0.925000 0.216800 0.146000
2 0.867000 0.483000 0.070000 0.050000
10 0.204000 0.102000 0.040000 0.040000
10 0.561000 0.360000 0.042000 0.028000
6 0.861630 0.179070 0.043260 0.070140
6 0.023000 0.568000 0.046000 0.048000
10 0.840000 0.656000 0.024000 0.056000
10 0.689000 0.309000 0.046000 0.038000
10 0.874000 0.982000 0.020000 0.032000
1 0.013000 0.688000 0.026000 0.120000
1 0.561910 0.792550 0.175820 0.149100
