1 0.241000 0.564000 0.482000 0.288000
1 0.184000 0.121000 0.132000 0.130000
1 0.652000 0.570000 0.196000 0.212000
1 0.886000 0.813000 0.088000 0.102000
1 0.954000 0.253000 0.088000 0.134000
1 0.455000 0.950000 0.114000 0.096000
1 0.535000 0.097000 0.094000 0.122000
1 0.330000 0.962000 0.152000 0.072000
1 0.761000 0.051000 0.098000 0.098000
1 0.730000 0.203000 0.112000 0.118000
1 0.310000 0.094000 0.104000 0.188000
6 0.466000 0.415000 0.048000 0.062000
1 0.041000 0.931000 0.082000 0.106000
10 0.505000 0.420000 0.034000 0.032000
10 0.268000 0.391000 0.032000 0.042000
10 0.832000 0.502000 0.028000 0.048000
1 0.865000 0.978000 0.110000 0.040000
6 0.127000 0.374000 0.038000 0.052000
10 0.791000 0.837000 0.026000 0.046000
10 0.851000 0.349000 0.026000 0.042000
1 0.924000 0.525000 0.092000 0.114000
1 0.677000 0.939000 0.098000 0.082000
10 0.214000 0.384000 0.028000 0.040000
10 0.826000 0.550000 0.032000 0.044000
10 0.874000 0.165000 0.020000 0.030000
6 0.409000 0.408000 0.042000 0.048000
1 0.424000 0.085000 0.128000 0.114000
1 0.629000 0.353000 0.214000 0.126000
6 0.552000 0.480000 0.060000 0.032000
1 0.055000 0.078000 0.098000 0.128000
10 0.373000 0.400000 0.030000 0.032000
10 0.810000 0.645000 0.028000 0.050000
2 0.911000 0.074000 0.054000 0.036000
1 0.166000 0.941000 0.124000 0.114000
10 0.008000 0.350000 0.016000 0.040000
10 0.325000 0.398000 0.030000 0.036000
10 0.180000 0.379000 0.028000 0.038000
1 0.907630 0.685750 0.091260 0.087500
