1 0.567000 0.182000 0.270000 0.364000
1 0.403000 0.721000 0.146000 0.130000
1 0.175000 0.906000 0.186000 0.148000
1 0.108000 0.303000 0.216000 0.322000
1 0.947000 0.413000 0.102000 0.218000
1 0.149000 0.699000 0.114000 0.130000
10 0.412000 0.418000 0.044000 0.040000
10 0.440000 0.467000 0.044000 0.042000
10 0.279000 0.297000 0.042000 0.042000
10 0.319000 0.265000 0.034000 0.038000
10 0.488000 0.318000 0.040000 0.044000
10 0.295000 0.431000 0.042000 0.038000
10 0.721000 0.079000 0.046000 0.042000
10 0.707000 0.029000 0.046000 0.042000
1 0.628000 0.920000 0.372000 0.156000
10 0.480000 0.532000 0.040000 0.036000
1 0.976000 0.871000 0.044000 0.254000
10 0.513960 0.350950 0.039920 0.049900
