1 0.811000 0.715000 0.374000 0.566000
10 0.369000 0.089000 0.046000 0.038000
10 0.105000 0.054000 0.046000 0.032000
10 0.731000 0.145000 0.038000 0.034000
10 0.698000 0.653000 0.028000 0.042000
10 0.374000 0.263000 0.048000 0.038000
10 0.594000 0.893000 0.032000 0.046000
10 0.851000 0.208000 0.030000 0.044000
10 0.256000 0.120000 0.048000 0.040000
10 0.332000 0.154000 0.052000 0.036000
10 0.867000 0.089000 0.030000 0.050000
10 0.830000 0.281000 0.032000 0.042000
10 0.584000 0.693000 0.032000 0.038000
10 0.629000 0.115000 0.046000 0.030000
10 0.430000 0.289000 0.052000 0.042000
10 0.055000 0.034000 0.046000 0.036000
10 0.516000 0.324000 0.048000 0.040000
10 0.320000 0.030000 0.044000 0.036000
10 0.872000 0.146000 0.024000 0.048000
6 0.511000 0.234000 0.070000 0.052000
10 0.606000 0.208000 0.036000 0.044000
10 0.585000 0.124000 0.042000 0.024000
10 0.536000 0.182000 0.028000 0.048000
10 0.014000 0.017000 0.028000 0.034000
10 0.138000 0.161000 0.052000 0.034000
10 0.110000 0.790000 0.036000 0.028000
1 0.087000 0.947000 0.174000 0.102000
1 0.050000 0.356000 0.100000 0.172000
10 0.131000 0.740000 0.034000 0.028000
10 0.424000 0.028000 0.048000 0.040000
10 0.446000 0.992000 0.032000 0.012000
5 0.475000 0.939000 0.050000 0.074000
10 0.522000 0.830000 0.028000 0.040000
10 0.546000 0.775000 0.036000 0.042000
