6 0.232000 0.126000 0.036000 0.060000
10 0.463000 0.719000 0.030000 0.050000
10 0.550000 0.936000 0.036000 0.052000
10 0.492000 0.791000 0.032000 0.046000
10 0.385000 0.512000 0.034000 0.048000
10 0.286000 0.277000 0.028000 0.042000
1 0.688000 0.945000 0.176000 0.106000
10 0.193000 0.032000 0.030000 0.048000
6 0.303000 0.316000 0.034000 0.052000
6 0.270000 0.226000 0.028000 0.048000
1 0.706780 0.781300 0.385560 0.306600
1 0.179000 0.609540 0.358000 0.351080
1 0.406000 0.938000 0.180000 0.120000
1 0.342630 0.234340 0.121260 0.188680
10 0.102000 0.954000 0.040000 0.032000
1 0.096000 0.171000 0.192000 0.178000
1 0.249510 0.774600 0.339020 0.281200
6 0.268000 0.874000 0.056000 0.044000
6 0.530000 0.886000 0.032000 0.052000
10 0.325000 0.362000 0.030000 0.044000
1 0.858610 0.355480 0.281220 0.258960
1 0.535340 0.403810 0.362680 0.207620
1 0.132060 0.367550 0.264120 0.243100
1 0.532410 0.124390 0.356820 0.216780
1 0.503070 0.548200 0.146140 0.136400
1 0.594390 0.653850 0.244780 0.143700
1 0.822290 0.070630 0.176580 0.141260
