1 0.122000 0.429000 0.128000 0.130000
1 0.066000 0.733000 0.124000 0.126000
1 0.927000 0.353000 0.142000 0.170000
1 0.796000 0.791000 0.176000 0.158000
1 0.136000 0.157000 0.116000 0.106000
1 0.800000 0.596000 0.120000 0.120000
1 0.649000 0.430000 0.134000 0.112000
1 0.426000 0.682000 0.340000 0.300000
1 0.221000 0.243000 0.126000 0.142000
1 0.594000 0.917000 0.228000 0.162000
1 0.936000 0.638000 0.116000 0.128000
1 0.929000 0.213000 0.082000 0.082000
10 0.311000 0.075000 0.038000 0.050000
10 0.702000 0.723000 0.028000 0.042000
10 0.589000 0.533000 0.034000 0.042000
10 0.121000 0.911000 0.058000 0.046000
2 0.383000 0.153000 0.042000 0.062000
10 0.953000 0.123000 0.038000 0.054000
1 0.325000 0.373000 0.134000 0.166000
10 0.073000 0.953000 0.026000 0.038000
1 0.985000 0.497000 0.026000 0.098000
1 0.650000 0.153000 0.096000 0.098000
1 0.961000 0.029000 0.074000 0.058000
6 0.152000 0.976000 0.052000 0.044000
1 0.961000 0.804000 0.074000 0.204000
10 0.285000 0.034000 0.034000 0.040000
1 0.382000 0.037000 0.128000 0.074000
10 0.886000 0.009000 0.024000 0.018000
10 0.906000 0.036000 0.036000 0.040000
1 0.009000 0.519000 0.018000 0.134000
1 0.506000 0.168000 0.124000 0.136000
