10 0.559000 0.158000 0.046000 0.044000
1 0.137000 0.828000 0.274000 0.344000
10 0.055000 0.707000 0.038000 0.038000
10 0.230000 0.468000 0.044000 0.044000
10 0.313000 0.460000 0.042000 0.036000
10 0.199000 0.573000 0.050000 0.046000
10 0.514000 0.200000 0.044000 0.044000
10 0.459000 0.244000 0.054000 0.052000
6 0.142000 0.628000 0.056000 0.056000
10 0.019000 0.670000 0.034000 0.036000
1 0.215000 0.046000 0.202000 0.092000
1 0.909000 0.043000 0.162000 0.086000
1 0.820000 0.311890 0.356000 0.487780
1 0.018000 0.662000 0.036000 0.296000
1 0.138810 0.381000 0.273620 0.266000
1 0.610920 0.407060 0.233840 0.238120
1 0.478840 0.542130 0.313680 0.312260
1 0.369110 0.646980 0.178220 0.173960
1 0.809000 0.768000 0.382000 0.464000
1 0.464520 0.095530 0.201040 0.191060
1 0.361230 0.182090 0.202460 0.208180
1 0.259670 0.271790 0.195340 0.219580
1 0.069150 0.512380 0.138300 0.196760
