1 0.566000 0.353000 0.124000 0.122000
1 0.443000 0.238000 0.114000 0.132000
1 0.645000 0.489000 0.126000 0.102000
1 0.931000 0.453000 0.134000 0.158000
1 0.827000 0.869000 0.138000 0.102000
1 0.116000 0.046000 0.140000 0.092000
1 0.895000 0.219000 0.154000 0.138000
1 0.703000 0.643000 0.166000 0.130000
1 0.442000 0.110000 0.104000 0.104000
1 0.460000 0.913000 0.132000 0.106000
1 0.154000 0.447000 0.108000 0.106000
1 0.174000 0.938000 0.200000 0.120000
1 0.920000 0.950000 0.156000 0.096000
1 0.749000 0.032000 0.130000 0.064000
10 0.916000 0.781000 0.036000 0.046000
10 0.645000 0.118000 0.034000 0.044000
10 0.819000 0.465000 0.038000 0.054000
1 0.966000 0.608000 0.064000 0.116000
10 0.724000 0.386000 0.040000 0.052000
10 0.842000 0.512000 0.036000 0.040000
10 0.860000 0.666000 0.036000 0.048000
10 0.978000 0.763000 0.040000 0.046000
10 0.923000 0.671000 0.034000 0.046000
10 0.793000 0.615000 0.050000 0.038000
10 0.751000 0.441000 0.034000 0.046000
1 0.030000 0.193000 0.060000 0.130000
10 0.628000 0.069000 0.036000 0.046000
1 0.061000 0.595000 0.122000 0.354000
1 0.199000 0.212000 0.094000 0.096000
10 0.948000 0.707000 0.036000 0.046000
1 0.111000 0.141000 0.094000 0.090000
1 0.603000 0.989000 0.098000 0.018000
10 0.837000 0.364000 0.038000 0.028000
1 0.177830 0.367670 0.103660 0.115340
11 0.380620 0.042120 0.141240 0.084240
1 0.189610 0.291240 0.119220 0.098480
