1 0.816000 0.291000 0.364000 0.566000
10 0.454000 0.679000 0.048000 0.038000
10 0.224000 0.626000 0.044000 0.032000
10 0.266000 0.638000 0.040000 0.028000
10 0.929000 0.778000 0.046000 0.032000
10 0.533000 0.889000 0.022000 0.046000
10 0.368000 0.660000 0.044000 0.028000
10 0.887000 0.768000 0.046000 0.028000
10 0.114000 0.608000 0.044000 0.032000
10 0.462000 0.973000 0.028000 0.050000
2 0.040000 0.448000 0.076000 0.040000
6 0.473000 0.920000 0.030000 0.056000
10 0.023000 0.019000 0.022000 0.038000
1 0.268000 0.258000 0.208000 0.436000
10 0.036000 0.592000 0.048000 0.028000
10 0.016000 0.221000 0.024000 0.050000
2 0.515000 0.744000 0.078000 0.048000
1 0.782000 0.950000 0.296000 0.096000
10 0.013000 0.375000 0.022000 0.050000
10 0.021000 0.071000 0.026000 0.050000
10 0.020000 0.117000 0.024000 0.050000
10 0.559000 0.737000 0.030000 0.050000
10 0.013000 0.322000 0.022000 0.044000
10 0.018000 0.166000 0.020000 0.044000
10 0.991000 0.793000 0.014000 0.042000
10 0.014000 0.271000 0.020000 0.050000
