1 0.418000 0.139000 0.116000 0.094000
1 0.488000 0.837000 0.080000 0.082000
10 0.825000 0.238000 0.070000 0.040000
10 0.728000 0.214000 0.052000 0.028000
1 0.964000 0.280000 0.068000 0.112000
10 0.411000 0.207000 0.050000 0.030000
10 0.543000 0.356000 0.042000 0.028000
10 0.091000 0.208000 0.026000 0.048000
10 0.273000 0.247000 0.030000 0.046000
6 0.367000 0.385000 0.070000 0.042000
6 0.466000 0.285000 0.040000 0.062000
10 0.430000 0.279000 0.032000 0.046000
10 0.267000 0.291000 0.042000 0.022000
10 0.330000 0.258000 0.028000 0.052000
1 0.929000 0.057000 0.138000 0.114000
10 0.317000 0.301000 0.050000 0.030000
10 0.640000 0.325000 0.032000 0.050000
10 0.359000 0.258000 0.030000 0.056000
10 0.495000 0.293000 0.026000 0.050000
10 0.529000 0.298000 0.030000 0.052000
1 0.703000 0.978000 0.074000 0.040000
10 0.177000 0.292000 0.030000 0.048000
10 0.735000 0.343000 0.026000 0.054000
10 0.592000 0.367000 0.048000 0.034000
10 0.692000 0.336000 0.024000 0.048000
10 0.008000 0.186000 0.016000 0.044000
6 0.471620 0.339130 0.067240 0.038260
10 0.580000 0.310000 0.024000 0.048000
6 0.723370 0.441000 0.078740 0.054000
1 0.057000 0.034000 0.114000 0.068000
10 0.389000 0.266000 0.030000 0.052000
10 0.651000 0.378000 0.038000 0.028000
10 0.045000 0.082000 0.026000 0.028000
10 0.438000 0.391000 0.048000 0.034000
5 0.355000 0.036000 0.106000 0.044000
5 0.636880 0.213000 0.073760 0.070000
5 0.641000 0.269750 0.090000 0.047500
6 0.292000 0.362630 0.080000 0.041260
