1 0.652000 0.764460 0.692000 0.468920
6 0.338000 0.825000 0.044000 0.050000
10 0.335000 0.052000 0.042000 0.036000
10 0.358000 0.693000 0.036000 0.046000
6 0.091000 0.719000 0.046000 0.062000
10 0.394000 0.286000 0.044000 0.060000
10 0.622000 0.379000 0.040000 0.046000
10 0.394000 0.348000 0.040000 0.044000
10 0.376000 0.068000 0.044000 0.036000
10 0.311000 0.759000 0.042000 0.046000
10 0.425000 0.016000 0.046000 0.032000
5 0.139000 0.795000 0.094000 0.122000
2 0.505000 0.052000 0.110000 0.104000
10 0.233000 0.873000 0.038000 0.046000
6 0.450000 0.568000 0.052000 0.064000
10 0.010000 0.976000 0.020000 0.044000
1 0.285000 0.240000 0.242000 0.296000
2 0.765000 0.043000 0.126000 0.086000
10 0.308000 0.391000 0.044000 0.054000
5 0.517690 0.250310 0.115380 0.184620
1 0.094620 0.116770 0.189240 0.201540
1 0.081540 0.478620 0.163080 0.229240
1 0.962920 0.448000 0.073840 0.180000
