1 0.434000 0.188000 0.204000 0.376000
1 0.165000 0.640000 0.074000 0.152000
1 0.199000 0.217000 0.082000 0.074000
1 0.123000 0.911000 0.246000 0.130000
1 0.728000 0.050000 0.228000 0.100000
1 0.398000 0.932000 0.140000 0.116000
10 0.578000 0.267000 0.028000 0.058000
10 0.588000 0.454000 0.028000 0.048000
1 0.514000 0.948000 0.100000 0.100000
10 0.594000 0.550000 0.024000 0.048000
10 0.606000 0.783000 0.028000 0.042000
10 0.610000 0.841000 0.028000 0.046000
1 0.746000 0.783000 0.236000 0.430000
1 0.376000 0.787000 0.080000 0.074000
1 0.385000 0.682000 0.086000 0.108000
1 0.054000 0.426000 0.092000 0.100000
1 0.182000 0.470000 0.080000 0.084000
1 0.041000 0.700000 0.082000 0.124000
1 0.016000 0.032000 0.032000 0.064000
1 0.220000 0.811000 0.064000 0.078000
1 0.924000 0.236000 0.152000 0.284000
10 0.907000 0.051000 0.018000 0.046000
1 0.327000 0.478000 0.182000 0.124000
1 0.012000 0.516000 0.024000 0.096000
1 0.682000 0.258000 0.152000 0.144000
1 0.966000 0.597000 0.064000 0.230000
1 0.711000 0.412960 0.142000 0.121920
