1 0.945000 0.770000 0.106000 0.164000
1 0.816000 0.113000 0.160000 0.222000
10 0.656000 0.122000 0.028000 0.052000
10 0.647000 0.314000 0.026000 0.052000
1 0.744000 0.920230 0.184000 0.156460
1 0.786000 0.358000 0.204000 0.284000
1 0.969000 0.621000 0.058000 0.162000
10 0.552000 0.431000 0.024000 0.030000
3 0.126000 0.177000 0.252000 0.350000
1 0.053960 0.980610 0.107920 0.037220
1 0.789230 0.614620 0.218460 0.169240
12 0.420310 0.496620 0.124620 0.249240
12 0.433540 0.149380 0.123080 0.250760
5 0.627040 0.747040 0.038080 0.166080
1 0.934000 0.925000 0.104000 0.150000
1 0.750000 0.766920 0.160000 0.153840
