1 0.928360 0.573170 0.136720 0.166340
6 0.454000 0.159000 0.044000 0.058000
10 0.469000 0.050000 0.050000 0.036000
6 0.087000 0.272000 0.062000 0.056000
10 0.641000 0.883000 0.042000 0.038000
10 0.575000 0.183000 0.042000 0.038000
10 0.761000 0.418000 0.042000 0.032000
10 0.675000 0.923000 0.046000 0.050000
10 0.616000 0.368000 0.032000 0.040000
10 0.500000 0.089000 0.044000 0.038000
10 0.394000 0.082000 0.036000 0.044000
10 0.605000 0.223000 0.046000 0.034000
10 0.541000 0.405000 0.038000 0.038000
10 0.714000 0.980000 0.052000 0.036000
10 0.659000 0.288000 0.042000 0.032000
1 0.262690 0.678920 0.525380 0.605840
10 0.531000 0.126000 0.046000 0.036000
10 0.493000 0.338000 0.030000 0.040000
6 0.440000 0.014000 0.048000 0.028000
10 0.328000 0.007000 0.032000 0.014000
