1 0.795000 0.769000 0.406000 0.394000
10 0.619000 0.242000 0.046000 0.036000
10 0.756000 0.236000 0.044000 0.036000
10 0.821000 0.255000 0.042000 0.034000
10 0.601000 0.186000 0.046000 0.032000
10 0.478000 0.140000 0.052000 0.036000
10 0.357000 0.102000 0.042000 0.032000
10 0.651000 0.201000 0.046000 0.030000
10 0.080000 0.051000 0.048000 0.038000
10 0.014000 0.024000 0.028000 0.048000
13 0.705000 0.344000 0.422000 0.168000
10 0.172000 0.884000 0.044000 0.028000
1 0.303000 0.617470 0.606000 0.558940
