1 0.521000 0.405000 0.114000 0.122000
1 0.363000 0.430000 0.130000 0.120000
1 0.218000 0.152000 0.108000 0.132000
1 0.379000 0.148000 0.110000 0.148000
1 0.279000 0.934000 0.114000 0.128000
1 0.661000 0.753000 0.110000 0.110000
1 0.167000 0.717000 0.082000 0.110000
1 0.677000 0.405000 0.126000 0.110000
10 0.056000 0.522000 0.044000 0.028000
1 0.585000 0.079000 0.114000 0.142000
1 0.282000 0.035000 0.100000 0.070000
1 0.180000 0.432000 0.212000 0.116000
1 0.957000 0.034000 0.082000 0.068000
10 0.511000 0.887000 0.030000 0.046000
10 0.492000 0.789000 0.032000 0.050000
10 0.668000 0.505000 0.044000 0.026000
1 0.927000 0.783000 0.142000 0.134000
10 0.888000 0.496000 0.056000 0.032000
10 0.717000 0.505000 0.046000 0.026000
10 0.409000 0.303000 0.046000 0.026000
10 0.827000 0.592000 0.046000 0.036000
10 0.617000 0.596000 0.042000 0.036000
1 0.578000 0.675000 0.084000 0.094000
10 0.223000 0.610000 0.046000 0.028000
10 0.749000 0.592000 0.038000 0.028000
10 0.122000 0.356000 0.052000 0.032000
10 0.919000 0.586000 0.042000 0.028000
1 0.028000 0.166000 0.056000 0.148000
10 0.963000 0.582000 0.046000 0.028000
10 0.831000 0.497000 0.042000 0.030000
10 0.562000 0.536000 0.052000 0.028000
10 0.453000 0.049000 0.046000 0.030000
1 0.964000 0.367000 0.068000 0.134000
10 0.114000 0.610000 0.044000 0.028000
1 0.571000 0.913000 0.078000 0.106000
10 0.200000 0.516000 0.056000 0.032000
1 0.733000 0.075000 0.090000 0.150000
10 0.257000 0.269000 0.026000 0.038000
10 0.982000 0.462000 0.024000 0.048000
1 0.342000 0.761000 0.140000 0.162000
10 0.476000 0.696000 0.024000 0.040000
10 0.228000 0.277000 0.024000 0.046000
1 0.821000 0.385000 0.078000 0.122000
10 0.032000 0.614000 0.048000 0.028000
6 0.608000 0.257000 0.052000 0.026000
1 0.025000 0.758000 0.050000 0.140000
1 0.940000 0.950000 0.116000 0.096000
2 0.447000 0.617000 0.086000 0.042000
10 0.675000 0.598000 0.054000 0.032000
10 0.950000 0.645000 0.024000 0.042000
10 0.941000 0.842000 0.034000 0.020000
1 0.642000 0.985000 0.120000 0.026000
10 0.528000 0.973000 0.032000 0.050000
10 0.448000 0.020000 0.048000 0.028000
10 0.971000 0.872000 0.038000 0.032000
1 0.086000 0.232000 0.088000 0.136000
1 0.172000 0.050000 0.072000 0.100000
1 0.784710 0.830710 0.121420 0.221420
1 0.898860 0.385000 0.085720 0.110000
