1 0.131000 0.826500 0.262000 0.341000
1 0.053000 0.470000 0.106000 0.304000
1 0.669000 0.633000 0.526000 0.614000
10 0.518000 0.892000 0.036000 0.052000
10 0.705000 0.274000 0.050000 0.028000
10 0.723000 0.307000 0.050000 0.030000
1 0.641000 0.099000 0.718000 0.198000
2 0.208500 0.180000 0.249000 0.060000
10 0.287000 0.137000 0.030000 0.046000
10 0.452000 0.848000 0.040000 0.048000
10 0.671000 0.314000 0.050000 0.028000
10 0.557000 0.267000 0.066000 0.038000
10 0.766000 0.244000 0.064000 0.028000
2 0.364000 0.278500 0.092000 0.117000
10 0.458000 0.272000 0.060000 0.032000
10 0.777500 0.272000 0.047000 0.028000
10 0.838000 0.280000 0.056000 0.028000
1 0.918000 0.413000 0.164000 0.166000
1 0.670500 0.958500 0.181000 0.077000
1 0.947000 0.696500 0.106000 0.333000
2 0.215500 0.378000 0.175000 0.064000
2 0.018000 0.279500 0.036000 0.087000
