1 0.384000 0.094000 0.120000 0.096000
1 0.124000 0.651000 0.184000 0.222000
1 0.160000 0.323000 0.128000 0.082000
1 0.180000 0.064000 0.132000 0.128000
1 0.821000 0.139000 0.106000 0.122000
1 0.962000 0.915000 0.072000 0.166000
1 0.650000 0.158000 0.088000 0.176000
1 0.458000 0.395000 0.164000 0.106000
1 0.113000 0.416000 0.146000 0.104000
1 0.726000 0.043000 0.084000 0.086000
1 0.065000 0.955000 0.130000 0.086000
1 0.098000 0.869000 0.128000 0.102000
1 0.917000 0.069000 0.162000 0.086000
10 0.759000 0.548000 0.046000 0.024000
6 0.286000 0.464000 0.032000 0.056000
6 0.271000 0.532000 0.030000 0.056000
10 0.297000 0.300000 0.026000 0.040000
10 0.287000 0.404000 0.030000 0.048000
10 0.761000 0.503000 0.050000 0.030000
1 0.346000 0.199000 0.060000 0.082000
1 0.371000 0.722000 0.122000 0.120000
1 0.387000 0.596000 0.114000 0.100000
10 0.821000 0.356000 0.022000 0.044000
10 0.671000 0.499000 0.038000 0.018000
1 0.984000 0.511000 0.028000 0.338000
1 0.365000 0.819000 0.110000 0.074000
10 0.663000 0.560000 0.034000 0.028000
10 0.955000 0.286000 0.022000 0.040000
1 0.980000 0.760000 0.036000 0.172000
1 0.438000 0.292000 0.176000 0.096000
10 0.249000 0.929000 0.022000 0.046000
1 0.371000 0.911000 0.122000 0.110000
10 0.671000 0.522000 0.038000 0.028000
1 0.434000 0.989000 0.212000 0.018000
10 0.930000 0.287000 0.020000 0.038000
10 0.014000 0.786000 0.024000 0.048000
1 0.012000 0.300000 0.024000 0.064000
