1 0.950000 0.721000 0.096000 0.110000
1 0.785000 0.450000 0.426000 0.188000
1 0.338000 0.820000 0.196000 0.356000
10 0.191000 0.624000 0.038000 0.036000
10 0.802000 0.310000 0.032000 0.044000
10 0.552000 0.263000 0.024000 0.050000
10 0.010000 0.795000 0.020000 0.038000
10 0.858000 0.321000 0.024000 0.046000
10 0.733000 0.294000 0.022000 0.044000
10 0.825000 0.126000 0.022000 0.044000
10 0.622000 0.277000 0.024000 0.046000
10 0.677000 0.295000 0.022000 0.046000
10 0.590000 0.274000 0.024000 0.048000
1 0.793000 0.917000 0.294000 0.162000
10 0.016000 0.361000 0.032000 0.030000
10 0.230000 0.596000 0.032000 0.036000
10 0.150000 0.656000 0.044000 0.036000
10 0.034000 0.989000 0.052000 0.018000
10 0.552000 0.946000 0.040000 0.024000
10 0.057000 0.730000 0.034000 0.036000
