1 0.320000 0.248000 0.136000 0.496000
1 0.839000 0.160000 0.154000 0.320000
2 0.082000 0.689000 0.052000 0.082000
2 0.162000 0.853000 0.088000 0.050000
10 0.139000 0.899000 0.022000 0.042000
10 0.125000 0.329000 0.050000 0.034000
10 0.205000 0.264000 0.022000 0.048000
10 0.119000 0.382000 0.046000 0.036000
10 0.215000 0.114000 0.018000 0.044000
10 0.119000 0.433000 0.046000 0.030000
10 0.219000 0.018000 0.022000 0.036000
10 0.134000 0.156000 0.044000 0.032000
10 0.134000 0.233000 0.044000 0.030000
10 0.137000 0.058000 0.038000 0.024000
10 0.213000 0.171000 0.022000 0.046000
2 0.966000 0.344000 0.064000 0.056000
10 0.119000 0.462000 0.046000 0.028000
1 0.020000 0.476000 0.040000 0.204000
2 0.167000 0.593000 0.054000 0.042000
10 0.121000 0.509000 0.042000 0.026000
10 0.138000 0.083000 0.040000 0.026000
10 0.138000 0.031000 0.040000 0.030000
10 0.135330 0.208140 0.042660 0.024280
10 0.132300 0.182530 0.040600 0.025060
10 0.123550 0.489320 0.043100 0.030640
10 0.111610 0.571780 0.047220 0.027560
