1 0.941000 0.297000 0.114000 0.590000
1 0.959000 0.712000 0.078000 0.112000
10 0.828000 0.154000 0.028000 0.052000
6 0.814000 0.029000 0.028000 0.058000
10 0.864000 0.515000 0.028000 0.050000
10 0.888000 0.769000 0.028000 0.050000
10 0.872000 0.597000 0.024000 0.046000
1 0.141000 0.950000 0.282000 0.096000
10 0.837000 0.250000 0.026000 0.040000
10 0.839000 0.294000 0.022000 0.044000
10 0.906000 0.934000 0.028000 0.056000
10 0.856000 0.453000 0.028000 0.042000
10 0.820000 0.102000 0.024000 0.040000
10 0.911000 0.985000 0.026000 0.026000
10 0.854000 0.410000 0.024000 0.044000
10 0.876000 0.641000 0.024000 0.042000
10 0.830000 0.198000 0.024000 0.040000
1 0.693000 0.797000 0.342000 0.402000
1 0.964000 0.920000 0.068000 0.156000
