10 0.504000 0.813000 0.044000 0.034000
11 0.686630 0.112060 0.045260 0.044120
10 0.723000 0.131000 0.046000 0.038000
10 0.082000 0.905000 0.044000 0.050000
10 0.360000 0.825000 0.040000 0.030000
10 0.584000 0.893000 0.036000 0.034000
10 0.801000 0.019000 0.038000 0.038000
10 0.842500 0.064000 0.045000 0.044000
1 0.495500 0.732500 0.083000 0.101000
1 0.328000 0.260500 0.136000 0.137000
10 0.263000 0.808500 0.062000 0.037000
1 0.287000 0.950000 0.134000 0.100000
10 0.623000 0.923500 0.034000 0.035000
1 0.750000 0.907500 0.148000 0.147000
1 0.646500 0.811500 0.137000 0.131000
1 0.814000 0.224500 0.108000 0.117000
1 0.684500 0.350000 0.121000 0.112000
1 0.941500 0.476000 0.111000 0.152000
1 0.512500 0.638000 0.093000 0.084000
1 0.302500 0.634500 0.113000 0.101000
1 0.418500 0.539000 0.121000 0.126000
1 0.383500 0.699000 0.147000 0.122000
1 0.543000 0.541000 0.114000 0.114000
1 0.478000 0.201000 0.136000 0.138000
1 0.122000 0.528000 0.128000 0.116000
1 0.760500 0.335000 0.089000 0.094000
1 0.631000 0.475500 0.134000 0.135000
1 0.210000 0.379500 0.168000 0.111000
1 0.158500 0.465000 0.141000 0.146000
10 0.519500 0.901000 0.043000 0.042000
1 0.516000 0.087000 0.220000 0.170000
1 0.906500 0.364000 0.141000 0.136000
1 0.110000 0.172500 0.096000 0.073000
10 0.958500 0.164000 0.041000 0.044000
1 0.580000 0.739000 0.080000 0.070000
2 0.045000 0.837500 0.062000 0.059000
1 0.961000 0.033500 0.074000 0.067000
2 0.778000 0.115000 0.044000 0.046000
1 0.358500 0.619500 0.065000 0.067000
2 0.041000 0.765500 0.074000 0.095000
