1 0.406000 0.608000 0.124000 0.116000
1 0.087000 0.276000 0.142000 0.132000
1 0.222000 0.289000 0.100000 0.114000
1 0.548000 0.647000 0.116000 0.130000
1 0.851000 0.498000 0.202000 0.160000
1 0.440000 0.374000 0.100000 0.116000
1 0.657000 0.411000 0.110000 0.122000
1 0.283000 0.578000 0.130000 0.120000
1 0.176000 0.557000 0.096000 0.126000
1 0.323000 0.352000 0.106000 0.108000
1 0.533000 0.369000 0.082000 0.098000
1 0.197000 0.827000 0.394000 0.222000
10 0.233000 0.469000 0.046000 0.038000
1 0.777000 0.728000 0.186000 0.172000
10 0.781000 0.622000 0.046000 0.032000
10 0.791000 0.570000 0.046000 0.032000
10 0.075000 0.381000 0.054000 0.030000
10 0.045000 0.421000 0.050000 0.030000
10 0.601000 0.518000 0.046000 0.028000
6 0.382610 0.464450 0.049220 0.036900
10 0.208000 0.689000 0.028000 0.046000
10 0.307000 0.442000 0.046000 0.028000
10 0.841000 0.632000 0.038000 0.032000
10 0.656450 0.533840 0.048900 0.031680
1 0.654000 0.801690 0.360000 0.155380
10 0.539000 0.871000 0.022000 0.042000
10 0.045000 0.633000 0.026000 0.038000
6 0.892290 0.843060 0.044580 0.070120
1 0.797000 0.148000 0.402000 0.296000
10 0.858000 0.816000 0.024000 0.040000
1 0.068000 0.512000 0.100000 0.104000
10 0.087000 0.645000 0.018000 0.034000
1 0.611000 0.952000 0.158000 0.092000
10 0.314000 0.724000 0.028000 0.040000
10 0.437230 0.477060 0.050460 0.034120
1 0.008000 0.501000 0.016000 0.118000
1 0.642500 0.689270 0.125000 0.122540
