1 0.294000 0.170000 0.132000 0.192000
1 0.782000 0.888000 0.296000 0.220000
1 0.269000 0.696000 0.110000 0.164000
1 0.124000 0.437000 0.164000 0.134000
10 0.712000 0.614000 0.036000 0.036000
10 0.670000 0.540000 0.036000 0.028000
10 0.851000 0.601000 0.030000 0.038000
10 0.357000 0.557000 0.042000 0.022000
10 0.819000 0.529000 0.046000 0.030000
1 0.155000 0.232000 0.138000 0.120000
1 0.035000 0.580000 0.070000 0.088000
10 0.729000 0.538000 0.042000 0.024000
10 0.348000 0.611000 0.028000 0.018000
10 0.937000 0.930000 0.042000 0.036000
10 0.105000 0.512000 0.062000 0.040000
10 0.033000 0.502000 0.050000 0.032000
10 0.772000 0.532000 0.048000 0.028000
1 0.151000 0.056000 0.146000 0.112000
1 0.035000 0.683000 0.070000 0.134000
10 0.925000 0.708000 0.046000 0.028000
1 0.027000 0.262000 0.054000 0.124000
10 0.929000 0.978000 0.038000 0.024000
1 0.028000 0.118000 0.056000 0.132000
1 0.777560 0.195000 0.431120 0.390000
10 0.973000 0.724000 0.042000 0.032000
10 0.992000 0.029000 0.012000 0.046000
10 0.994000 0.171000 0.008000 0.042000
10 0.992000 0.076000 0.012000 0.040000
1 0.048000 0.982000 0.096000 0.032000
2 0.978000 0.550000 0.040000 0.056000
1 0.009000 0.820000 0.018000 0.152000
1 0.126000 0.911000 0.252000 0.174000
