1 0.311000 0.392000 0.166000 0.144000
1 0.498000 0.512000 0.168000 0.160000
1 0.806000 0.789000 0.152000 0.134000
1 0.347000 0.812000 0.202000 0.208000
1 0.465000 0.103000 0.162000 0.150000
1 0.229000 0.607000 0.214000 0.190000
10 0.168000 0.167000 0.048000 0.034000
1 0.749000 0.968000 0.186000 0.060000
10 0.298000 0.236000 0.052000 0.040000
6 0.231000 0.021000 0.062000 0.042000
1 0.656000 0.575000 0.168000 0.254000
10 0.939000 0.527000 0.046000 0.038000
1 0.217000 0.268000 0.090000 0.100000
10 0.074000 0.051000 0.044000 0.026000
1 0.056000 0.220000 0.088000 0.080000
1 0.057000 0.376000 0.114000 0.132000
1 0.007000 0.232000 0.014000 0.136000
1 0.992000 0.811000 0.012000 0.134000
1 0.473130 0.921130 0.146260 0.146260
