1 0.184000 0.237000 0.152000 0.158000
1 0.180000 0.538000 0.220000 0.164000
1 0.059000 0.739000 0.118000 0.194000
1 0.474000 0.063000 0.132000 0.118000
1 0.816000 0.913000 0.164000 0.170000
1 0.528000 0.210000 0.136000 0.104000
1 0.309000 0.155000 0.158000 0.138000
1 0.419000 0.675000 0.138000 0.122000
1 0.693000 0.110000 0.194000 0.152000
1 0.180000 0.731000 0.144000 0.166000
1 0.172000 0.961000 0.164000 0.074000
1 0.577000 0.614000 0.178000 0.148000
1 0.885000 0.039000 0.162000 0.078000
1 0.941000 0.296000 0.114000 0.176000
1 0.784000 0.509000 0.144000 0.130000
1 0.045000 0.082000 0.090000 0.164000
1 0.577000 0.337000 0.594000 0.390000
1 0.028000 0.313000 0.056000 0.114000
1 0.521000 0.804000 0.298000 0.212000
1 0.971000 0.729000 0.054000 0.254000
