1 0.142000 0.376000 0.284000 0.180000
1 0.124000 0.841000 0.168000 0.222000
10 0.353000 0.411000 0.022000 0.046000
6 0.330000 0.056000 0.028000 0.060000
10 0.357000 0.585000 0.026000 0.050000
2 0.375000 0.352000 0.118000 0.052000
6 0.356000 0.231000 0.028000 0.058000
10 0.405000 0.200000 0.030000 0.056000
10 0.400000 0.381000 0.024000 0.046000
10 0.463000 0.135000 0.026000 0.046000
10 0.565000 0.151000 0.042000 0.042000
10 0.647000 0.324000 0.018000 0.040000
1 0.035000 0.660000 0.070000 0.176000
4 0.885600 0.740510 0.227200 0.365020
1 0.971000 0.588000 0.054000 0.192000
1 0.540000 0.907030 0.216000 0.182060
6 0.330000 0.013000 0.028000 0.026000
4 0.941060 0.146480 0.114120 0.288960
1 0.678000 0.218000 0.152000 0.124000
6 0.556000 0.342000 0.032000 0.060000
10 0.362000 0.016000 0.028000 0.032000
4 0.843990 0.864990 0.307980 0.269980
10 0.488120 0.133290 0.028240 0.050580
10 0.537290 0.123880 0.030580 0.051760
10 0.572940 0.067650 0.045880 0.035300
