1 0.194440 0.646000 0.388880 0.308000
10 0.254000 0.497000 0.044000 0.034000
10 0.714000 0.601000 0.032000 0.046000
5 0.357600 0.578030 0.123200 0.072060
6 0.308000 0.520000 0.056000 0.040000
10 0.256000 0.561000 0.048000 0.034000
10 0.192000 0.534000 0.052000 0.040000
10 0.441000 0.573000 0.042000 0.026000
10 0.094000 0.490000 0.040000 0.028000
1 0.566620 0.362370 0.481240 0.460740
1 0.827000 0.751000 0.342000 0.494000
1 0.266000 0.375000 0.188000 0.202000
10 0.040000 0.401000 0.048000 0.034000
1 0.123000 0.210000 0.246000 0.380000
1 0.133000 0.957000 0.234000 0.082000
1 0.593180 0.810100 0.474360 0.304200
