1 0.765000 0.390000 0.106000 0.108000
1 0.364000 0.533000 0.116000 0.106000
1 0.336000 0.869000 0.124000 0.130000
1 0.390000 0.319000 0.120000 0.118000
1 0.074000 0.364000 0.112000 0.120000
1 0.459000 0.878000 0.110000 0.112000
1 0.063000 0.043000 0.126000 0.086000
1 0.650000 0.376000 0.124000 0.120000
1 0.475000 0.074000 0.114000 0.096000
1 0.789000 0.636000 0.106000 0.152000
1 0.505000 0.594000 0.118000 0.136000
1 0.463000 0.180000 0.090000 0.104000
1 0.254000 0.496000 0.116000 0.128000
1 0.918000 0.281000 0.160000 0.086000
1 0.952000 0.818000 0.092000 0.092000
1 0.082000 0.659000 0.164000 0.154000
1 0.682000 0.605000 0.080000 0.102000
1 0.791000 0.098000 0.186000 0.180000
10 0.119000 0.874000 0.046000 0.036000
2 0.194000 0.935000 0.060000 0.074000
10 0.529000 0.442000 0.042000 0.036000
10 0.164000 0.897000 0.044000 0.038000
2 0.457000 0.388000 0.070000 0.056000
10 0.076000 0.848000 0.040000 0.032000
1 0.658000 0.779000 0.116000 0.154000
6 0.438000 0.454000 0.060000 0.040000
10 0.627000 0.458000 0.042000 0.032000
10 0.283000 0.962000 0.046000 0.036000
10 0.034000 0.827000 0.044000 0.038000
10 0.930000 0.511000 0.048000 0.030000
10 0.379000 0.393000 0.038000 0.030000
10 0.587000 0.454000 0.038000 0.024000
10 0.604000 0.104000 0.024000 0.028000
1 0.922000 0.633000 0.124000 0.110000
10 0.334000 0.987000 0.044000 0.022000
1 0.328000 0.696000 0.120000 0.096000
1 0.025000 0.932000 0.050000 0.108000
1 0.107000 0.985000 0.114000 0.026000
1 0.517000 0.008000 0.086000 0.016000
1 0.987000 0.398000 0.022000 0.104000
1 0.826000 0.955000 0.088000 0.086000
6 0.635000 0.055000 0.042000 0.054000
10 0.738000 0.007000 0.032000 0.014000
1 0.957000 0.938000 0.082000 0.120000
6 0.952000 0.396000 0.028000 0.048000
1 0.624000 0.014000 0.092000 0.028000
1 0.140700 0.421300 0.137400 0.138600
5 0.324040 0.365180 0.068080 0.058360
10 0.217100 0.289810 0.046200 0.031620
