2 0.809000 0.580000 0.066000 0.060000
10 0.603640 0.356490 0.043280 0.052980
10 0.633070 0.390120 0.034140 0.048240
10 0.911730 0.456790 0.047460 0.041580
1 0.749110 0.691880 0.234220 0.179760
1 0.864000 0.890000 0.268000 0.216000
1 0.296000 0.891000 0.116000 0.134000
1 0.201000 0.728000 0.118000 0.108000
1 0.414000 0.234000 0.188000 0.188000
1 0.105000 0.136000 0.094000 0.088000
1 0.109000 0.594000 0.078000 0.096000
1 0.314000 0.652000 0.180000 0.168000
1 0.039000 0.382000 0.078000 0.112000
10 0.561000 0.189000 0.042000 0.050000
10 0.697000 0.129000 0.046000 0.042000
10 0.729000 0.177000 0.042000 0.038000
10 0.921000 0.669000 0.038000 0.042000
10 0.775000 0.250000 0.042000 0.040000
10 0.867000 0.395000 0.042000 0.042000
6 0.749000 0.447000 0.046000 0.058000
10 0.897000 0.433000 0.046000 0.038000
10 0.416000 0.712000 0.044000 0.036000
10 0.023000 0.914000 0.046000 0.032000
10 0.814000 0.525000 0.036000 0.042000
10 0.592000 0.232000 0.036000 0.048000
10 0.107000 0.872000 0.042000 0.032000
10 0.782000 0.486000 0.036000 0.044000
10 0.683000 0.357000 0.042000 0.054000
10 0.505000 0.116000 0.034000 0.048000
10 0.369000 0.735000 0.042000 0.030000
1 0.170000 0.940000 0.160000 0.116000
10 0.392000 0.068000 0.032000 0.036000
10 0.668000 0.436000 0.032000 0.040000
10 0.575000 0.312000 0.034000 0.044000
10 0.474000 0.078000 0.036000 0.044000
10 0.980000 0.857000 0.036000 0.050000
1 0.416000 0.844000 0.088000 0.108000
10 0.717000 0.396000 0.038000 0.044000
2 0.563000 0.658000 0.046000 0.060000
10 0.483000 0.189000 0.034000 0.038000
10 0.442000 0.034000 0.040000 0.044000
1 0.374000 0.415000 0.600000 0.234000
1 0.582000 0.046000 0.148000 0.092000
10 0.607000 0.541000 0.042000 0.026000
10 0.424000 0.111000 0.036000 0.038000
10 0.518000 0.231000 0.028000 0.030000
1 0.041000 0.612000 0.066000 0.124000
10 0.411000 0.008000 0.038000 0.016000
10 0.092000 0.982000 0.044000 0.032000
1 0.546000 0.804000 0.140000 0.204000
2 0.715000 0.558000 0.070000 0.060000
1 0.191000 0.240000 0.110000 0.092000
1 0.017000 0.138000 0.034000 0.168000
1 0.206000 0.032000 0.196000 0.064000
10 0.550000 0.532000 0.048000 0.028000
10 0.330000 0.004000 0.036000 0.008000
10 0.797000 0.293000 0.042000 0.042000
