2 0.705000 0.628000 0.078000 0.140000
2 0.849000 0.711000 0.078000 0.130000
2 0.717000 0.816000 0.130000 0.068000
1 0.476240 0.403530 0.224480 0.219060
10 0.472000 0.483000 0.044000 0.042000
10 0.283000 0.326000 0.042000 0.040000
10 0.395000 0.414000 0.042000 0.044000
2 0.701000 0.140000 0.098000 0.044000
2 0.544000 0.196000 0.088000 0.064000
10 0.337000 0.367000 0.046000 0.046000
10 0.948000 0.783000 0.028000 0.042000
10 0.514000 0.518000 0.036000 0.036000
10 0.965000 0.739000 0.050000 0.046000
10 0.477000 0.146000 0.034000 0.048000
10 0.498000 0.056000 0.032000 0.044000
1 0.861000 0.296000 0.166000 0.252000
10 0.434000 0.059000 0.032000 0.046000
2 0.888000 0.968000 0.084000 0.060000
1 0.943000 0.578000 0.110000 0.316000
10 0.911000 0.694000 0.038000 0.036000
10 0.455000 0.100000 0.038000 0.044000
2 0.776000 0.485000 0.084000 0.110000
10 0.612000 0.369000 0.040000 0.050000
10 0.480000 0.018000 0.032000 0.036000
10 0.092000 0.169000 0.044000 0.050000
10 0.853000 0.899000 0.022000 0.050000
10 0.417000 0.019000 0.030000 0.038000
10 0.652000 0.034000 0.028000 0.052000
10 0.730000 0.073000 0.028000 0.026000
10 0.661000 0.091000 0.026000 0.054000
1 0.568000 0.075000 0.128000 0.150000
1 0.292000 0.561000 0.136000 0.162000
10 0.751000 0.234000 0.022000 0.040000
6 0.860000 0.850000 0.036000 0.056000
1 0.319000 0.159000 0.354000 0.310000
2 0.682000 0.509000 0.080000 0.054000
1 0.521000 0.786000 0.214000 0.288000
10 0.734000 0.109000 0.028000 0.018000
1 0.211000 0.941000 0.230000 0.114000
10 0.008000 0.089000 0.016000 0.038000
10 0.555000 0.550000 0.038000 0.036000
1 0.108000 0.410000 0.144000 0.164000
1 0.941610 0.137900 0.111220 0.135800
1 0.964000 0.041000 0.068000 0.082000
1 0.475250 0.941000 0.150500 0.118000
1 0.415920 0.617140 0.163840 0.142280
1 0.217270 0.474350 0.154540 0.152700
1 0.055450 0.331230 0.110900 0.122460
1 0.815390 0.108580 0.114780 0.129160
5 0.968290 0.258040 0.060580 0.112080
