1 0.729000 0.568000 0.134000 0.128000
1 0.723000 0.423000 0.106000 0.118000
1 0.454000 0.270000 0.108000 0.120000
1 0.601000 0.421000 0.138000 0.134000
1 0.947000 0.800000 0.102000 0.120000
1 0.961000 0.392000 0.074000 0.120000
10 0.137000 0.594000 0.038000 0.040000
1 0.185000 0.131000 0.222000 0.230000
10 0.638000 0.703000 0.036000 0.046000
10 0.559000 0.787000 0.038000 0.046000
1 0.897000 0.552000 0.094000 0.096000
10 0.707000 0.889000 0.038000 0.046000
1 0.200000 0.717000 0.400000 0.562000
10 0.675000 0.731000 0.038000 0.046000
10 0.524000 0.747000 0.032000 0.042000
10 0.862000 0.412000 0.040000 0.040000
10 0.763000 0.805000 0.038000 0.046000
10 0.516000 0.152000 0.048000 0.044000
10 0.423000 0.082000 0.038000 0.036000
10 0.782000 0.351000 0.036000 0.034000
10 0.595000 0.212000 0.042000 0.040000
1 0.318000 0.291000 0.136000 0.106000
10 0.905000 0.441000 0.042000 0.042000
1 0.556000 0.090000 0.088000 0.116000
10 0.638000 0.245000 0.036000 0.034000
10 0.673000 0.274000 0.042000 0.036000
10 0.555000 0.184000 0.038000 0.036000
10 0.848000 0.865000 0.032000 0.038000
10 0.381000 0.053000 0.042000 0.034000
1 0.719000 0.179000 0.118000 0.150000
10 0.712000 0.299000 0.036000 0.034000
10 0.733000 0.772000 0.034000 0.036000
10 0.753000 0.937000 0.038000 0.042000
10 0.951000 0.476000 0.042000 0.040000
1 0.449000 0.468000 0.102000 0.100000
1 0.881000 0.343000 0.098000 0.090000
1 0.594000 0.317000 0.080000 0.066000
1 0.980000 0.156000 0.036000 0.076000
6 0.788000 0.819000 0.040000 0.046000
10 0.964000 0.959000 0.032000 0.042000
10 0.589000 0.659000 0.042000 0.050000
1 0.085000 0.283000 0.098000 0.094000
1 0.396000 0.026000 0.156000 0.052000
10 0.820000 0.984000 0.032000 0.028000
10 0.025000 0.165000 0.034000 0.042000
10 0.153000 0.014000 0.034000 0.028000
6 0.982000 0.510000 0.032000 0.044000
1 0.968000 0.923000 0.060000 0.134000
1 0.966000 0.052000 0.064000 0.104000
1 0.654000 0.973000 0.292000 0.050000
10 0.927000 0.935000 0.034000 0.038000
10 0.745000 0.323000 0.038000 0.038000
10 0.992000 0.984000 0.012000 0.028000
10 0.117000 0.055000 0.034000 0.038000
