1 0.292000 0.745000 0.108000 0.102000
1 0.389000 0.350000 0.110000 0.108000
1 0.048000 0.539000 0.096000 0.134000
1 0.635000 0.323000 0.106000 0.114000
1 0.532000 0.325000 0.100000 0.118000
1 0.839000 0.610000 0.162000 0.156000
1 0.538000 0.688000 0.124000 0.112000
1 0.756000 0.300000 0.108000 0.108000
1 0.041000 0.412000 0.082000 0.108000
1 0.195000 0.758000 0.090000 0.100000
1 0.295000 0.961000 0.130000 0.074000
1 0.772000 0.043000 0.112000 0.086000
1 0.959000 0.687000 0.078000 0.142000
1 0.881000 0.337000 0.114000 0.134000
1 0.539000 0.054000 0.094000 0.092000
1 0.028000 0.048000 0.056000 0.096000
1 0.129000 0.028000 0.146000 0.056000
1 0.638000 0.528000 0.120000 0.108000
1 0.657000 0.957000 0.130000 0.074000
10 0.857000 0.701000 0.042000 0.042000
10 0.392000 0.856000 0.048000 0.028000
10 0.550000 0.856000 0.048000 0.028000
1 0.959000 0.473000 0.078000 0.106000
10 0.038000 0.864000 0.052000 0.028000
1 0.769000 0.971000 0.098000 0.054000
10 0.615000 0.856000 0.054000 0.028000
10 0.496000 0.854000 0.044000 0.032000
1 0.267000 0.027000 0.118000 0.054000
10 0.847000 0.157000 0.046000 0.026000
6 0.881000 0.854000 0.062000 0.032000
10 0.231000 0.863000 0.042000 0.022000
1 0.897000 0.971000 0.094000 0.054000
10 0.301000 0.157000 0.058000 0.030000
10 0.749000 0.852000 0.046000 0.028000
1 0.020000 0.300000 0.040000 0.108000
1 0.370000 0.693000 0.068000 0.130000
10 0.955000 0.151000 0.062000 0.030000
1 0.964000 0.055000 0.068000 0.106000
1 0.119000 0.968000 0.238000 0.060000
10 0.621000 0.143000 0.050000 0.018000
1 0.288000 0.468000 0.140000 0.156000
10 0.532000 0.151000 0.056000 0.030000
1 0.987000 0.253000 0.022000 0.078000
10 0.169000 0.860000 0.050000 0.028000
10 0.277000 0.860000 0.046000 0.028000
1 0.978000 0.984000 0.040000 0.028000
11 0.538000 0.453000 0.032000 0.058000
1 0.883000 0.082000 0.102000 0.064000
