1 0.624000 0.187000 0.140000 0.138000
1 0.640000 0.659000 0.116000 0.106000
1 0.203000 0.560000 0.134000 0.164000
1 0.754000 0.229000 0.120000 0.118000
1 0.770000 0.666000 0.116000 0.120000
1 0.867000 0.258000 0.126000 0.124000
1 0.466000 0.305000 0.176000 0.130000
1 0.591000 0.403000 0.094000 0.118000
1 0.929000 0.740000 0.138000 0.112000
1 0.262000 0.922000 0.224000 0.152000
1 0.698000 0.437000 0.148000 0.118000
1 0.298000 0.162000 0.120000 0.080000
6 0.115000 0.376000 0.038000 0.056000
2 0.060000 0.840000 0.064000 0.032000
2 0.789000 0.902000 0.098000 0.064000
2 0.122000 0.798000 0.028000 0.068000
1 0.884000 0.025000 0.176000 0.050000
10 0.073000 0.488000 0.034000 0.048000
10 0.216000 0.060000 0.028000 0.044000
2 0.143000 0.701000 0.042000 0.070000
10 0.017000 0.019000 0.034000 0.038000
1 0.330000 0.075000 0.140000 0.122000
6 0.094000 0.438000 0.040000 0.060000
1 0.585000 0.043000 0.078000 0.054000
10 0.122000 0.056000 0.036000 0.028000
10 0.179000 0.158000 0.030000 0.044000
10 0.142000 0.014000 0.056000 0.028000
