10 0.051000 0.086000 0.046000 0.044000
10 0.150000 0.550000 0.044000 0.036000
10 0.191000 0.200000 0.050000 0.044000
10 0.407000 0.703000 0.042000 0.038000
6 0.182000 0.973000 0.064000 0.050000
6 0.365000 0.127000 0.050000 0.062000
10 0.078000 0.489000 0.044000 0.046000
10 0.182000 0.338000 0.040000 0.044000
6 0.367000 0.768000 0.074000 0.056000
10 0.033000 0.453000 0.042000 0.042000
10 0.457000 0.258000 0.050000 0.056000
1 0.086000 0.611000 0.172000 0.358000
1 0.760000 0.108000 0.468000 0.216000
6 0.643000 0.506000 0.054000 0.052000
1 0.781000 0.494000 0.222000 0.212000
