1 0.333000 0.417000 0.266000 0.254000
2 0.520350 0.898100 0.104700 0.056200
10 0.546000 0.829000 0.056000 0.042000
10 0.833000 0.642000 0.038000 0.036000
1 0.715000 0.286270 0.566000 0.568540
10 0.941000 0.527000 0.050000 0.046000
10 0.761000 0.613000 0.042000 0.050000
1 0.146480 0.120440 0.148960 0.176880
10 0.163000 0.028000 0.042000 0.044000
1 0.171000 0.802000 0.318000 0.392000
2 0.769000 0.690000 0.098000 0.148000
10 0.980000 0.493000 0.036000 0.050000
1 0.359000 0.830000 0.066000 0.116000
1 0.599040 0.971000 0.230080 0.054000
1 0.971000 0.684460 0.054000 0.168920
1 0.041000 0.237000 0.082000 0.214000
1 0.264130 0.246730 0.160260 0.137460
1 0.361460 0.096840 0.270920 0.193680
1 0.104650 0.815400 0.197300 0.150800
