1 0.640000 0.864000 0.152000 0.140000
1 0.402000 0.504000 0.132000 0.148000
1 0.779000 0.531000 0.134000 0.110000
1 0.769000 0.408000 0.134000 0.128000
1 0.117000 0.962000 0.106000 0.072000
1 0.900000 0.128000 0.116000 0.116000
1 0.346000 0.892000 0.132000 0.148000
1 0.082000 0.508000 0.124000 0.120000
1 0.109000 0.383000 0.114000 0.082000
1 0.076000 0.693000 0.120000 0.130000
1 0.315660 0.195980 0.371320 0.299960
1 0.440000 0.078000 0.228000 0.156000
1 0.333000 0.784000 0.122000 0.080000
1 0.966000 0.669000 0.064000 0.162000
1 0.709000 0.640000 0.134000 0.124000
10 0.834000 0.783000 0.024000 0.050000
10 0.894000 0.531000 0.024000 0.038000
1 0.098000 0.836000 0.120000 0.120000
1 0.952000 0.861000 0.092000 0.250000
10 0.800000 0.913000 0.028000 0.042000
10 0.953000 0.281000 0.026000 0.042000
10 0.942000 0.337000 0.024000 0.042000
10 0.853000 0.360000 0.050000 0.032000
10 0.987000 0.143000 0.022000 0.042000
10 0.258000 0.582000 0.052000 0.036000
10 0.287000 0.966000 0.050000 0.028000
1 0.985000 0.548000 0.026000 0.088000
10 0.138000 0.594000 0.052000 0.032000
1 0.869000 0.245000 0.102000 0.102000
10 0.311000 0.994000 0.046000 0.008000
1 0.978000 0.474000 0.040000 0.076000
1 0.350710 0.643280 0.137420 0.158560
1 0.729550 0.778120 0.099100 0.120240
