1 0.462000 0.639000 0.156000 0.130000
1 0.913000 0.631000 0.126000 0.106000
10 0.272000 0.087000 0.052000 0.034000
1 0.802000 0.244000 0.124000 0.116000
1 0.736000 0.110000 0.120000 0.108000
10 0.129000 0.304000 0.030000 0.048000
10 0.176000 0.415000 0.036000 0.046000
10 0.201000 0.657000 0.034000 0.046000
10 0.266000 0.667000 0.032000 0.042000
1 0.227000 0.236000 0.130000 0.124000
10 0.343000 0.904000 0.034000 0.052000
10 0.302000 0.784000 0.036000 0.052000
10 0.263000 0.830000 0.034000 0.052000
1 0.469000 0.856000 0.162000 0.112000
1 0.510000 0.154000 0.100000 0.108000
10 0.104000 0.390000 0.036000 0.056000
10 0.290000 0.915000 0.032000 0.046000
10 0.143000 0.353000 0.030000 0.046000
10 0.191000 0.469000 0.034000 0.042000
10 0.899000 0.108000 0.034000 0.052000
10 0.876000 0.227000 0.032000 0.050000
1 0.869000 0.458000 0.102000 0.120000
1 0.725000 0.383000 0.130000 0.110000
10 0.122000 0.439000 0.028000 0.042000
1 0.067000 0.524000 0.134000 0.116000
1 0.484000 0.954000 0.132000 0.088000
6 0.105450 0.227120 0.054900 0.082240
10 0.985000 0.398000 0.026000 0.048000
6 0.059000 0.263000 0.038000 0.050000
10 0.377000 0.980000 0.034000 0.036000
1 0.959000 0.941000 0.078000 0.114000
1 0.037000 0.315000 0.074000 0.118000
1 0.691000 0.877000 0.098000 0.126000
1 0.538000 0.266000 0.100000 0.060000
1 0.631000 0.143000 0.106000 0.114000
1 0.391000 0.756000 0.094000 0.096000
1 0.168000 0.800000 0.136000 0.120000
1 0.955000 0.849000 0.086000 0.078000
1 0.524000 0.439000 0.144000 0.194000
10 0.985000 0.570000 0.026000 0.060000
10 0.328000 0.987000 0.044000 0.022000
1 0.235000 0.980000 0.130000 0.036000
1 0.100000 0.601000 0.128000 0.102000
2 0.844000 0.017000 0.080000 0.034000
1 0.700000 0.601000 0.136000 0.130000
1 0.438000 0.287000 0.116000 0.086000
1 0.010000 0.239000 0.020000 0.106000
1 0.355000 0.251000 0.070000 0.098000
2 0.756000 0.006000 0.060000 0.012000
1 0.982000 0.166000 0.032000 0.096000
2 0.066310 0.158770 0.104620 0.061540
10 0.188660 0.111540 0.049320 0.027080
1 0.323120 0.460790 0.206240 0.185580
1 0.352760 0.587150 0.125520 0.106300
1 0.939520 0.788770 0.119040 0.117540
