1 0.047000 0.312000 0.094000 0.160000
10 0.631000 0.605000 0.042000 0.030000
10 0.199000 0.589000 0.034000 0.058000
10 0.598000 0.051000 0.064000 0.042000
10 0.129920 0.215770 0.023840 0.039540
10 0.892000 0.200000 0.028000 0.044000
10 0.136000 0.358000 0.036000 0.060000
10 0.731000 0.574000 0.046000 0.024000
10 0.093000 0.072000 0.030000 0.044000
10 0.684000 0.652000 0.052000 0.044000
10 0.875000 0.149000 0.034000 0.050000
10 0.073000 0.252000 0.030000 0.036000
10 0.968000 0.489000 0.032000 0.054000
10 0.306000 0.862000 0.032000 0.052000
10 0.943000 0.387000 0.038000 0.070000
10 0.265000 0.705000 0.026000 0.050000
10 0.178680 0.498400 0.037360 0.052800
10 0.164080 0.456000 0.036160 0.052000
1 0.651000 0.500000 0.214000 0.124000
1 0.121000 0.795000 0.150000 0.142000
1 0.046000 0.465000 0.092000 0.146000
1 0.198000 0.103000 0.108000 0.110000
1 0.197000 0.935000 0.086000 0.126000
1 0.092000 0.624000 0.144000 0.160000
1 0.508000 0.946000 0.164000 0.104000
1 0.727830 0.785740 0.135660 0.139480
1 0.281290 0.389040 0.110580 0.106080
1 0.366060 0.570680 0.168120 0.093360
1 0.329060 0.491770 0.126120 0.099540
1 0.435990 0.721820 0.131980 0.103640
1 0.430880 0.893120 0.125760 0.106240
1 0.812180 0.714770 0.120360 0.121540
1 0.950000 0.694000 0.100000 0.136000
1 0.868950 0.500720 0.137900 0.109440
1 0.845090 0.339260 0.122180 0.098520
1 0.769660 0.096860 0.131320 0.125720
1 0.613080 0.161560 0.110160 0.107120
1 0.525670 0.206300 0.127340 0.112600
1 0.802510 0.284050 0.105020 0.076100
1 0.802150 0.202240 0.108300 0.084480
1 0.326390 0.181240 0.116780 0.126480
