1 0.536000 0.235000 0.148000 0.142000
1 0.120000 0.473000 0.240000 0.346000
1 0.276000 0.141000 0.208000 0.278000
1 0.315000 0.583000 0.138000 0.130000
1 0.482000 0.349000 0.136000 0.118000
1 0.380380 0.464380 0.208760 0.188760
10 0.289000 0.425000 0.034000 0.046000
1 0.162000 0.938000 0.124000 0.120000
1 0.059000 0.054000 0.118000 0.108000
2 0.731000 0.154000 0.054000 0.080000
10 0.492000 0.712000 0.032000 0.036000
10 0.557000 0.631000 0.034000 0.034000
2 0.362000 0.865000 0.052000 0.074000
10 0.291000 0.853000 0.042000 0.034000
10 0.587000 0.128000 0.046000 0.040000
2 0.693000 0.506000 0.074000 0.060000
6 0.624000 0.054000 0.048000 0.040000
10 0.034000 0.675000 0.044000 0.038000
2 0.401000 0.018000 0.066000 0.036000
2 0.454000 0.073000 0.076000 0.070000
10 0.629000 0.538000 0.038000 0.040000
1 0.749000 0.028000 0.158000 0.056000
10 0.203000 0.807000 0.030000 0.022000
1 0.334000 0.723000 0.100000 0.098000
10 0.006000 0.654000 0.012000 0.032000
