1 0.412000 0.452000 0.264000 0.204000
1 0.331000 0.943000 0.186000 0.110000
1 0.109000 0.867000 0.218000 0.170000
1 0.705000 0.789000 0.318000 0.190000
1 0.360000 0.632000 0.316000 0.208000
1 0.927000 0.214000 0.142000 0.144000
6 0.158000 0.271000 0.044000 0.050000
1 0.684000 0.144000 0.240000 0.188000
10 0.892000 0.877000 0.028000 0.042000
10 0.936000 0.800000 0.032000 0.044000
1 0.898000 0.469000 0.148000 0.142000
2 0.881000 0.948000 0.078000 0.064000
2 0.802000 0.964000 0.080000 0.068000
10 0.627000 0.874000 0.042000 0.036000
10 0.436000 0.793000 0.048000 0.034000
10 0.490000 0.816000 0.036000 0.032000
10 0.973000 0.035000 0.050000 0.038000
10 0.583000 0.858000 0.046000 0.032000
10 0.957000 0.867000 0.038000 0.050000
2 0.017000 0.615000 0.034000 0.074000
10 0.320000 0.750000 0.048000 0.028000
10 0.925000 0.018000 0.054000 0.036000
10 0.726000 0.985000 0.048000 0.026000
1 0.795000 0.595000 0.242000 0.198000
10 0.529000 0.834000 0.042000 0.032000
5 0.012000 0.450000 0.024000 0.064000
10 0.131000 0.666000 0.038000 0.028000
1 0.140000 0.989000 0.196000 0.018000
1 0.536000 0.992000 0.176000 0.012000
10 0.041000 0.624000 0.034000 0.028000
