1 0.458000 0.749000 0.140000 0.150000
1 0.571000 0.121000 0.142000 0.134000
1 0.564000 0.555000 0.112000 0.118000
1 0.696000 0.835000 0.152000 0.126000
1 0.571000 0.886000 0.134000 0.124000
1 0.438000 0.237000 0.152000 0.126000
1 0.851000 0.373000 0.130000 0.110000
1 0.236000 0.067000 0.176000 0.134000
6 0.604000 0.238000 0.060000 0.060000
1 0.906000 0.775000 0.140000 0.098000
1 0.065000 0.350000 0.126000 0.104000
10 0.591000 0.320000 0.046000 0.048000
2 0.318000 0.620000 0.092000 0.092000
6 0.223000 0.885000 0.046000 0.070000
10 0.693000 0.211000 0.038000 0.038000
10 0.382000 0.441000 0.044000 0.046000
6 0.507000 0.419000 0.058000 0.062000
10 0.422000 0.529000 0.040000 0.050000
10 0.502000 0.295000 0.040000 0.042000
1 0.973000 0.104000 0.050000 0.104000
10 0.343000 0.498000 0.030000 0.040000
10 0.453000 0.483000 0.038000 0.042000
10 0.907000 0.052000 0.046000 0.036000
10 0.209000 0.844000 0.030000 0.040000
10 0.729000 0.179000 0.042000 0.042000
10 0.143000 0.830000 0.030000 0.044000
2 0.208000 0.793000 0.076000 0.058000
10 0.594000 0.203000 0.032000 0.038000
1 0.093000 0.685000 0.130000 0.130000
2 0.305000 0.791000 0.074000 0.074000
2 0.201000 0.664000 0.074000 0.080000
1 0.973000 0.565000 0.050000 0.146000
10 0.372000 0.860000 0.032000 0.036000
10 0.841000 0.091000 0.038000 0.034000
1 0.293000 0.924000 0.154000 0.148000
10 0.029000 0.491000 0.034000 0.034000
10 0.227000 0.663000 0.038000 0.062000
6 0.161000 0.601000 0.050000 0.054000
1 0.030000 0.971000 0.060000 0.054000
1 0.019000 0.210000 0.038000 0.104000
10 0.348000 0.832000 0.028000 0.028000
1 0.019000 0.572000 0.038000 0.120000
