1 0.166000 0.111000 0.268000 0.222000
1 0.786000 0.059000 0.156000 0.118000
1 0.565000 0.727000 0.330000 0.542000
10 0.701000 0.989000 0.034000 0.018000
10 0.851000 0.602000 0.022000 0.036000
10 0.817000 0.561000 0.026000 0.038000
10 0.757000 0.779000 0.026000 0.046000
10 0.745000 0.826000 0.026000 0.048000
10 0.764000 0.944000 0.024000 0.040000
10 0.722000 0.919000 0.024000 0.042000
10 0.947000 0.160000 0.038000 0.052000
10 0.773000 0.712000 0.026000 0.048000
10 0.664000 0.370000 0.028000 0.024000
10 0.735000 0.869000 0.022000 0.034000
10 0.787000 0.662000 0.026000 0.048000
10 0.029000 0.214000 0.050000 0.032000
10 0.748000 0.980000 0.032000 0.036000
10 0.789000 0.843000 0.030000 0.066000
10 0.800000 0.788000 0.032000 0.052000
10 0.813000 0.732000 0.030000 0.048000
10 0.773000 0.890000 0.026000 0.056000
10 0.803000 0.615000 0.022000 0.038000
1 0.221000 0.432000 0.442000 0.264000
2 0.836500 0.440000 0.041000 0.060000
2 0.912000 0.415500 0.052000 0.051000
10 0.972500 0.075500 0.033000 0.055000
