1 0.860000 0.189000 0.276000 0.370000
2 0.439000 0.093000 0.102000 0.058000
6 0.080000 0.102000 0.052000 0.064000
6 0.378250 0.506120 0.036500 0.064240
10 0.408000 0.393000 0.028000 0.050000
10 0.763000 0.040000 0.038000 0.032000
10 0.346000 0.330000 0.032000 0.052000
10 0.614000 0.074000 0.036000 0.036000
10 0.034000 0.047000 0.040000 0.046000
10 0.726000 0.065000 0.036000 0.026000
1 0.561000 0.940000 0.402000 0.116000
2 0.758000 0.664000 0.112000 0.116000
2 0.531840 0.525000 0.063680 0.098000
2 0.309000 0.300000 0.046000 0.108000
2 0.390000 0.286000 0.088000 0.080000
10 0.818000 0.007000 0.036000 0.014000
10 0.407000 0.031000 0.030000 0.058000
2 0.397000 0.617000 0.106000 0.106000
2 0.309800 0.419310 0.043600 0.082620
2 0.516380 0.635940 0.060760 0.079880
