10 0.855000 0.923000 0.046000 0.042000
1 0.924000 0.705000 0.148000 0.346000
10 0.935000 0.971000 0.046000 0.038000
1 0.936000 0.256000 0.124000 0.196000
1 0.246000 0.389000 0.196000 0.186000
3 0.413150 0.607260 0.158300 0.302520
1 0.023000 0.037000 0.046000 0.074000
1 0.267930 0.225590 0.195860 0.187180
10 0.992000 0.939000 0.012000 0.038000
1 0.190000 0.719000 0.196000 0.198000
3 0.566240 0.642880 0.164480 0.317760
7 0.099690 0.197190 0.199380 0.194380
7 0.541920 0.261630 0.211840 0.315260
1 0.219490 0.557160 0.210980 0.198320
1 0.308420 0.084280 0.220840 0.164560
