6 0.898000 0.777000 0.056000 0.038000
1 0.820000 0.606000 0.356000 0.256000
2 0.106000 0.479000 0.076000 0.086000
10 0.074000 0.610000 0.036000 0.048000
2 0.131000 0.555000 0.082000 0.054000
1 0.505000 0.936000 0.154000 0.124000
2 0.209000 0.441000 0.090000 0.074000
10 0.256000 0.344000 0.036000 0.036000
2 0.473000 0.039000 0.062000 0.078000
1 0.866000 0.311000 0.264000 0.250000
2 0.225000 0.525000 0.066000 0.070000
1 0.541000 0.503000 0.250000 0.206000
1 0.947000 0.917000 0.102000 0.162000
1 0.269000 0.786000 0.506000 0.416000
1 0.137000 0.083000 0.274000 0.166000
1 0.181000 0.296000 0.362000 0.292000
10 0.553000 0.012000 0.042000 0.024000
1 0.772000 0.828000 0.304000 0.184000
1 0.590000 0.180000 0.364000 0.152000
