1 0.775000 0.874000 0.422000 0.248000
1 0.196000 0.160000 0.184000 0.180000
1 0.661000 0.467000 0.110000 0.118000
1 0.153000 0.709000 0.114000 0.106000
1 0.473000 0.303000 0.106000 0.130000
1 0.486000 0.543000 0.108000 0.134000
1 0.839000 0.183000 0.106000 0.110000
1 0.534000 0.043000 0.200000 0.086000
1 0.936000 0.120000 0.124000 0.144000
1 0.367000 0.079000 0.186000 0.158000
1 0.217000 0.461000 0.118000 0.114000
1 0.633000 0.165000 0.158000 0.130000
2 0.061000 0.747000 0.070000 0.070000
10 0.603000 0.622000 0.034000 0.052000
10 0.648000 0.770000 0.028000 0.052000
10 0.897000 0.288000 0.038000 0.032000
10 0.198000 0.921000 0.036000 0.046000
10 0.928000 0.714000 0.032000 0.032000
1 0.945000 0.360000 0.106000 0.172000
10 0.074000 0.786000 0.036000 0.036000
10 0.388000 0.512000 0.028000 0.040000
10 0.016000 0.729000 0.032000 0.042000
1 0.580000 0.292000 0.116000 0.136000
10 0.620000 0.671000 0.036000 0.046000
1 0.054000 0.541000 0.092000 0.090000
10 0.359000 0.527000 0.030000 0.038000
6 0.596000 0.416000 0.036000 0.060000
10 0.991000 0.759000 0.014000 0.046000
10 0.229000 0.967000 0.042000 0.054000
1 0.039000 0.241000 0.078000 0.170000
10 0.891000 0.234000 0.050000 0.036000
2 0.033000 0.659000 0.062000 0.050000
10 0.989000 0.195000 0.018000 0.042000
10 0.301000 0.555000 0.026000 0.046000
1 0.374000 0.948000 0.124000 0.100000
10 0.330000 0.539000 0.028000 0.042000
1 0.076000 0.427000 0.152000 0.174000
10 0.754000 0.747000 0.036000 0.022000
1 0.160000 0.992000 0.172000 0.012000
10 0.080000 0.980000 0.032000 0.036000
10 0.261000 0.994000 0.030000 0.008000
1 0.262000 0.698000 0.104000 0.132000
10 0.273000 0.559000 0.034000 0.046000
1 0.408560 0.381350 0.121120 0.130700
1 0.314950 0.414760 0.117900 0.137520
1 0.754020 0.420930 0.116040 0.113860
1 0.871260 0.447180 0.118520 0.130360
