1 0.252000 0.794000 0.092000 0.116000
1 0.737000 0.157000 0.162000 0.134000
1 0.050000 0.367000 0.100000 0.138000
1 0.927000 0.704000 0.142000 0.144000
1 0.904000 0.107000 0.152000 0.158000
1 0.082000 0.649000 0.116000 0.134000
1 0.585000 0.947000 0.142000 0.102000
1 0.129000 0.800000 0.158000 0.184000
1 0.961000 0.945000 0.074000 0.106000
1 0.241000 0.160000 0.138000 0.112000
1 0.786000 0.950000 0.112000 0.096000
1 0.504000 0.544000 0.176000 0.224000
1 0.876000 0.319000 0.108000 0.114000
1 0.399000 0.789000 0.090000 0.126000
1 0.190000 0.403000 0.068000 0.058000
10 0.549000 0.209000 0.046000 0.030000
1 0.323000 0.962000 0.202000 0.072000
1 0.357000 0.173000 0.090000 0.118000
2 0.054000 0.883000 0.072000 0.046000
10 0.036000 0.953000 0.024000 0.046000
1 0.455000 0.171000 0.126000 0.118000
1 0.039000 0.029000 0.078000 0.058000
6 0.640000 0.046000 0.060000 0.036000
10 0.030000 0.777000 0.024000 0.046000
10 0.046000 0.065000 0.044000 0.026000
10 0.623000 0.883000 0.046000 0.026000
10 0.555000 0.260000 0.046000 0.028000
10 0.711000 0.870000 0.046000 0.028000
10 0.125000 0.061000 0.050000 0.026000
1 0.132000 0.025000 0.108000 0.050000
10 0.550000 0.164000 0.048000 0.028000
1 0.196000 0.326000 0.120000 0.076000
10 0.663000 0.246000 0.042000 0.028000
2 0.014000 0.095000 0.028000 0.094000
10 0.151000 0.948000 0.042000 0.028000
10 0.955000 0.836000 0.042000 0.028000
10 0.654000 0.201000 0.044000 0.026000
10 0.667000 0.274000 0.042000 0.028000
10 0.008000 0.638000 0.016000 0.048000
2 0.113000 0.933000 0.046000 0.074000
10 0.006000 0.473000 0.012000 0.042000
10 0.631000 0.010000 0.050000 0.020000
10 0.668000 0.301000 0.040000 0.026000
10 0.654000 0.176000 0.040000 0.024000
10 0.046000 0.994000 0.024000 0.008000
10 0.989000 0.832000 0.018000 0.036000
2 0.520000 0.039000 0.040000 0.070000
6 0.430000 0.032000 0.064000 0.032000
1 0.258000 0.592000 0.256000 0.092000
1 0.158000 0.980000 0.116000 0.036000
10 0.693000 0.007000 0.054000 0.014000
10 0.550000 0.111000 0.028000 0.022000
