1 0.936000 0.560000 0.124000 0.204000
1 0.440670 0.396000 0.277340 0.192000
10 0.273000 0.375000 0.034000 0.054000
10 0.435000 0.211000 0.030000 0.050000
1 0.243330 0.079330 0.158660 0.158660
10 0.313000 0.120000 0.030000 0.048000
10 0.344000 0.048000 0.028000 0.044000
10 0.297000 0.165000 0.030000 0.042000
10 0.406000 0.144000 0.044000 0.036000
1 0.183330 0.225330 0.158660 0.206660
10 0.501000 0.237000 0.022000 0.038000
6 0.962000 0.046000 0.048000 0.036000
10 0.474000 0.228000 0.028000 0.044000
6 0.802000 0.035000 0.052000 0.038000
1 0.723000 0.100670 0.310000 0.189340
1 0.046000 0.061000 0.092000 0.122000
1 0.454330 0.751670 0.600660 0.311340
1 0.918670 0.179330 0.161340 0.154660
1 0.660000 0.474670 0.256000 0.181340
1 0.056000 0.279330 0.112000 0.146660
