1 0.964000 0.707000 0.068000 0.186000
1 0.032000 0.531000 0.064000 0.130000
1 0.798000 0.525000 0.116000 0.134000
10 0.283000 0.617000 0.042000 0.042000
10 0.601000 0.230000 0.026000 0.048000
10 0.551000 0.157000 0.046000 0.030000
10 0.504000 0.691000 0.036000 0.042000
1 0.814000 0.703000 0.184000 0.158000
1 0.171000 0.512000 0.170000 0.160000
10 0.460000 0.677000 0.032000 0.034000
10 0.336000 0.633000 0.036000 0.038000
1 0.645000 0.684000 0.098000 0.120000
1 0.985000 0.336000 0.026000 0.160000
1 0.723000 0.175000 0.162000 0.114000
1 0.464710 0.560240 0.209420 0.216480
1 0.594940 0.395410 0.145880 0.238820
6 0.679180 0.804940 0.042360 0.065880
1 0.045760 0.300850 0.091520 0.173700
1 0.302530 0.064860 0.125060 0.129720
1 0.440240 0.110240 0.156480 0.116480
1 0.486970 0.036060 0.089940 0.072120
10 0.382880 0.655010 0.037760 0.038020
1 0.120470 0.174240 0.112940 0.076480
12 0.064120 0.918590 0.128240 0.161180
12 0.218240 0.950000 0.136480 0.100000
1 0.811380 0.286970 0.134760 0.125940
