1 0.529080 0.650920 0.250160 0.325840
1 0.697000 0.204000 0.162000 0.408000
10 0.802000 0.092000 0.024000 0.044000
1 0.945000 0.793000 0.106000 0.238000
6 0.598000 0.930000 0.060000 0.036000
10 0.802000 0.041000 0.024000 0.046000
1 0.399000 0.065000 0.218000 0.130000
10 0.812000 0.348000 0.024000 0.044000
10 0.902000 0.883000 0.020000 0.038000
10 0.806000 0.147000 0.024000 0.050000
10 0.610000 0.966000 0.056000 0.032000
1 0.079000 0.113000 0.158000 0.162000
10 0.807000 0.202000 0.022000 0.044000
10 0.867000 0.135000 0.022000 0.046000
10 0.710000 0.800000 0.032000 0.056000
5 0.654000 0.813450 0.040000 0.070900
10 0.944000 0.215000 0.020000 0.042000
6 0.681100 0.746670 0.034200 0.053340
1 0.178820 0.639940 0.357640 0.499880
1 0.203340 0.210470 0.186680 0.196940
1 0.358810 0.317500 0.197620 0.199000
1 0.049370 0.947140 0.098740 0.102280
1 0.409000 0.882000 0.202000 0.236000
