1 0.180000 0.075000 0.152000 0.146000
2 0.717000 0.944000 0.102000 0.084000
1 0.092000 0.802000 0.176000 0.160000
1 0.199000 0.503000 0.182000 0.198000
10 0.474000 0.791000 0.036000 0.046000
1 0.831780 0.599720 0.295560 0.239440
10 0.589000 0.944000 0.042000 0.036000
1 0.287000 0.915000 0.154000 0.158000
10 0.168000 0.273000 0.036000 0.038000
10 0.224000 0.357000 0.032000 0.042000
1 0.378700 0.118450 0.157400 0.180900
10 0.967000 0.717000 0.046000 0.038000
10 0.107000 0.191000 0.042000 0.050000
10 0.464000 0.932000 0.032000 0.032000
2 0.556000 0.860000 0.088000 0.084000
1 0.904000 0.888000 0.188000 0.220000
10 0.284000 0.441000 0.032000 0.042000
10 0.135000 0.236000 0.034000 0.040000
1 0.506660 0.579030 0.297320 0.362060
10 0.423000 0.636000 0.030000 0.032000
6 0.731650 0.806020 0.063300 0.052040
6 0.786000 0.799000 0.056000 0.046000
10 0.367000 0.559000 0.034000 0.038000
6 0.946000 0.697000 0.060000 0.046000
1 0.329000 0.705000 0.210000 0.162000
10 0.392000 0.594000 0.032000 0.040000
1 0.309660 0.310000 0.259320 0.304000
1 0.123000 0.982000 0.230000 0.032000
1 0.543710 0.322960 0.211420 0.229920
1 0.767870 0.369110 0.175740 0.198220
1 0.635140 0.190340 0.190280 0.220680
1 0.507980 0.051540 0.151960 0.103080
