1 0.107000 0.233000 0.146000 0.142000
1 0.693000 0.636000 0.138000 0.124000
1 0.707000 0.074000 0.250000 0.148000
1 0.363000 0.108000 0.122000 0.112000
1 0.837000 0.826000 0.214000 0.144000
1 0.682000 0.344000 0.228000 0.112000
1 0.292000 0.246000 0.136000 0.136000
1 0.237000 0.070000 0.106000 0.076000
1 0.259000 0.466000 0.102000 0.076000
1 0.959000 0.041000 0.078000 0.082000
10 0.136000 0.398000 0.044000 0.028000
1 0.043000 0.451000 0.086000 0.114000
10 0.841000 0.920000 0.046000 0.036000
1 0.431000 0.911000 0.086000 0.174000
1 0.233000 0.617000 0.106000 0.070000
2 0.374000 0.469000 0.088000 0.042000
10 0.793000 0.906000 0.050000 0.036000
10 0.888000 0.934000 0.048000 0.036000
1 0.215000 0.730000 0.114000 0.084000
10 0.612000 0.504000 0.032000 0.048000
2 0.328000 0.410000 0.036000 0.080000
10 0.217000 0.932000 0.046000 0.032000
10 0.120000 0.916000 0.048000 0.036000
10 0.743000 0.886000 0.042000 0.032000
10 0.041000 0.383000 0.046000 0.022000
1 0.754000 0.966000 0.120000 0.064000
10 0.091000 0.391000 0.042000 0.026000
2 0.260000 0.921000 0.044000 0.074000
1 0.424000 0.682000 0.104000 0.160000
1 0.968000 0.586000 0.060000 0.084000
10 0.170000 0.925000 0.044000 0.030000
2 0.490000 0.275000 0.056000 0.134000
10 0.036000 0.908000 0.044000 0.032000
1 0.014000 0.195000 0.028000 0.154000
10 0.985000 0.964000 0.026000 0.032000
10 0.802000 0.862000 0.032000 0.024000
10 0.364000 0.877000 0.020000 0.042000
1 0.118000 0.046000 0.120000 0.092000
1 0.470000 0.554000 0.180000 0.120000
10 0.163000 0.020000 0.042000 0.024000
1 0.006000 0.742000 0.012000 0.108000
