1 0.057000 0.617000 0.114000 0.126000
1 0.251000 0.123000 0.154000 0.130000
1 0.046000 0.254000 0.092000 0.088000
1 0.909000 0.110000 0.126000 0.124000
1 0.661000 0.054000 0.150000 0.108000
1 0.118000 0.851000 0.108000 0.102000
10 0.839000 0.470000 0.034000 0.048000
6 0.751000 0.909000 0.042000 0.050000
1 0.330990 0.559160 0.165980 0.178320
6 0.795000 0.851000 0.042000 0.050000
1 0.226000 0.025000 0.120000 0.050000
10 0.810000 0.308000 0.028000 0.044000
1 0.364000 0.708000 0.148000 0.120000
1 0.722000 0.459000 0.148000 0.110000
6 0.178000 0.357000 0.028000 0.062000
10 0.860000 0.583000 0.028000 0.046000
10 0.792000 0.204000 0.032000 0.048000
10 0.154000 0.180000 0.024000 0.044000
1 0.046000 0.348000 0.092000 0.112000
1 0.966000 0.371000 0.064000 0.162000
1 0.029000 0.045000 0.058000 0.090000
10 0.148000 0.131000 0.028000 0.038000
10 0.774000 0.098000 0.032000 0.048000
1 0.084000 0.759000 0.132000 0.102000
1 0.920000 0.024000 0.128000 0.048000
1 0.035000 0.153000 0.070000 0.098000
1 0.928000 0.218000 0.116000 0.108000
6 0.262000 0.966000 0.024000 0.056000
1 0.709000 0.360000 0.134000 0.112000
1 0.035000 0.459000 0.070000 0.118000
10 0.846000 0.774000 0.028000 0.032000
10 0.254000 0.911000 0.028000 0.038000
1 0.090000 0.954000 0.148000 0.088000
1 0.675000 0.642000 0.102000 0.148000
1 0.354000 0.927000 0.108000 0.114000
1 0.980000 0.763000 0.036000 0.110000
10 0.802000 0.256000 0.032000 0.040000
1 0.548000 0.962000 0.108000 0.072000
1 0.292000 0.407000 0.124000 0.102000
10 0.212000 0.636000 0.036000 0.052000
1 0.945000 0.885000 0.106000 0.126000
10 0.828000 0.409000 0.036000 0.046000
1 0.607730 0.894140 0.151460 0.140280
1 0.684110 0.243470 0.124220 0.098940
1 0.267790 0.233260 0.151580 0.110520
1 0.677050 0.144630 0.122100 0.105260
