1 0.497000 0.095000 0.134000 0.126000
10 0.803000 0.032000 0.042000 0.048000
6 0.805180 0.275760 0.050360 0.051520
1 0.950000 0.125000 0.096000 0.134000
1 0.763000 0.661000 0.122000 0.118000
10 0.601000 0.557000 0.030000 0.050000
10 0.596000 0.788000 0.028000 0.048000
1 0.383000 0.041000 0.158000 0.082000
1 0.401540 0.793000 0.391080 0.414000
1 0.098000 0.947000 0.196000 0.102000
10 0.595000 0.989000 0.042000 0.018000
1 0.125000 0.191000 0.182000 0.182000
1 0.762000 0.861000 0.148000 0.130000
1 0.943000 0.989000 0.102000 0.018000
1 0.341540 0.343540 0.143080 0.143080
1 0.734620 0.545540 0.169240 0.203080
1 0.883540 0.291380 0.123080 0.150760
1 0.440460 0.525380 0.256920 0.230760
1 0.676150 0.398000 0.112300 0.120000
10 0.759060 0.242240 0.034120 0.036480
