10 0.437000 0.311000 0.046000 0.038000
6 0.589000 0.830750 0.034000 0.073500
10 0.491000 0.335000 0.046000 0.038000
10 0.901000 0.666000 0.046000 0.048000
10 0.278000 0.227000 0.044000 0.038000
10 0.124000 0.137000 0.048000 0.038000
10 0.226000 0.202000 0.048000 0.032000
8 0.792880 0.325750 0.413760 0.647500
2 0.640000 0.580000 0.080000 0.060000
10 0.539000 0.353000 0.050000 0.042000
1 0.371370 0.756620 0.238740 0.457240
10 0.381000 0.288000 0.042000 0.032000
10 0.473000 0.394000 0.046000 0.040000
10 0.179000 0.179000 0.046000 0.034000
1 0.448000 0.217000 0.196000 0.198000
10 0.670000 0.641000 0.028000 0.050000
10 0.592000 0.634000 0.028000 0.056000
10 0.650000 0.807000 0.024000 0.042000
10 0.658000 0.749000 0.024000 0.046000
10 0.624000 0.771000 0.028000 0.046000
10 0.661000 0.698000 0.026000 0.056000
10 0.615000 0.843000 0.026000 0.042000
10 0.346000 0.341000 0.032000 0.026000
10 0.576000 0.735000 0.024000 0.054000
10 0.612000 0.899000 0.024000 0.050000
10 0.600000 0.959000 0.028000 0.050000
10 0.315000 0.253000 0.034000 0.034000
10 0.668000 0.142000 0.016000 0.032000
1 0.157000 0.398000 0.314000 0.116000
10 0.477000 0.012000 0.038000 0.024000
1 0.026000 0.835000 0.052000 0.162000
10 0.076000 0.142000 0.040000 0.028000
1 0.187380 0.512250 0.178760 0.132500
