1 0.424000 0.424000 0.136000 0.136000
1 0.085000 0.753000 0.146000 0.138000
1 0.525000 0.680000 0.178000 0.148000
1 0.148000 0.549000 0.132000 0.134000
1 0.900000 0.663000 0.124000 0.134000
1 0.416000 0.287000 0.112000 0.110000
1 0.067000 0.054000 0.134000 0.108000
1 0.528000 0.525000 0.128000 0.134000
1 0.179000 0.379000 0.114000 0.118000
1 0.636000 0.800000 0.172000 0.156000
1 0.668000 0.250000 0.124000 0.096000
1 0.826000 0.323000 0.088000 0.110000
1 0.217000 0.048000 0.130000 0.096000
10 0.592000 0.421000 0.036000 0.054000
10 0.351000 0.118000 0.050000 0.036000
10 0.504000 0.255000 0.036000 0.050000
10 0.689000 0.605000 0.038000 0.046000
10 0.550000 0.057000 0.056000 0.042000
10 0.763000 0.745000 0.038000 0.046000
10 0.186000 0.169000 0.044000 0.034000
10 0.287000 0.140000 0.058000 0.036000
10 0.645000 0.195000 0.050000 0.030000
1 0.054000 0.915000 0.108000 0.166000
10 0.807000 0.769000 0.034000 0.042000
1 0.909000 0.128000 0.126000 0.136000
1 0.735000 0.427000 0.110000 0.098000
10 0.619000 0.475000 0.038000 0.050000
10 0.886000 0.973000 0.040000 0.050000
10 0.707000 0.215000 0.038000 0.030000
10 0.056000 0.335000 0.036000 0.042000
10 0.534000 0.308000 0.040000 0.044000
10 0.143000 0.190000 0.042000 0.036000
1 0.772000 0.975000 0.148000 0.046000
10 0.262000 0.985000 0.044000 0.026000
1 0.358000 0.027000 0.140000 0.054000
2 0.417000 0.135000 0.050000 0.070000
1 0.985000 0.061000 0.026000 0.114000
1 0.975000 0.837000 0.046000 0.102000
1 0.987000 0.422000 0.022000 0.136000
1 0.329000 0.943000 0.118000 0.110000
