1 0.945000 0.309000 0.106000 0.190000
1 0.277000 0.589000 0.138000 0.126000
1 0.696000 0.575000 0.136000 0.198000
1 0.410000 0.202000 0.104000 0.120000
1 0.629000 0.833000 0.194000 0.158000
1 0.298000 0.359000 0.092000 0.146000
1 0.527000 0.297000 0.158000 0.106000
1 0.067000 0.093000 0.122000 0.110000
1 0.272000 0.144000 0.088000 0.124000
1 0.931000 0.837000 0.098000 0.094000
1 0.841000 0.838000 0.082000 0.120000
1 0.959000 0.074000 0.078000 0.120000
1 0.754000 0.043000 0.112000 0.086000
1 0.920000 0.613000 0.156000 0.198000
1 0.113000 0.315000 0.098000 0.082000
10 0.075000 0.689000 0.042000 0.026000
2 0.474000 0.025000 0.076000 0.050000
10 0.840000 0.407000 0.024000 0.046000
10 0.663000 0.744000 0.042000 0.028000
10 0.550000 0.070000 0.044000 0.032000
10 0.341000 0.032000 0.046000 0.032000
1 0.616000 0.029000 0.176000 0.058000
10 0.763000 0.927000 0.026000 0.050000
2 0.767000 0.786000 0.074000 0.036000
10 0.858000 0.761000 0.040000 0.022000
10 0.077000 0.634000 0.046000 0.028000
10 0.687000 0.690000 0.050000 0.028000
10 0.959000 0.770000 0.050000 0.024000
10 0.296000 0.019000 0.048000 0.030000
10 0.594000 0.075000 0.040000 0.034000
10 0.742000 0.100000 0.040000 0.028000
2 0.863000 0.096000 0.078000 0.044000
10 0.781000 0.111000 0.038000 0.030000
2 0.903000 0.155000 0.042000 0.074000
10 0.248000 0.016000 0.048000 0.032000
2 0.729000 0.726000 0.050000 0.084000
1 0.196000 0.756000 0.176000 0.088000
10 0.490000 0.726000 0.056000 0.028000
10 0.599000 0.682000 0.042000 0.024000
10 0.023000 0.628000 0.046000 0.028000
1 0.030000 0.571000 0.060000 0.106000
10 0.802000 0.637000 0.024000 0.046000
2 0.782000 0.670000 0.084000 0.048000
10 0.541000 0.733000 0.046000 0.022000
10 0.625000 0.114000 0.046000 0.028000
10 0.465000 0.668000 0.046000 0.024000
6 0.826000 0.519000 0.032000 0.062000
1 0.032000 0.936000 0.064000 0.124000
10 0.633000 0.083000 0.038000 0.026000
10 0.555000 0.680000 0.038000 0.028000
1 0.246000 0.952000 0.120000 0.092000
2 0.858000 0.199000 0.060000 0.038000
1 0.027000 0.790000 0.054000 0.176000
10 0.188000 0.010000 0.060000 0.020000
10 0.911000 0.714000 0.054000 0.032000
1 0.716000 0.399000 0.156000 0.150000
10 0.814000 0.583000 0.028000 0.046000
10 0.892000 0.063000 0.028000 0.046000
10 0.509000 0.675000 0.038000 0.026000
1 0.173000 0.398000 0.066000 0.124000
10 0.899000 0.017000 0.022000 0.034000
1 0.032000 0.404000 0.064000 0.116000
10 0.008000 0.682000 0.016000 0.024000
10 0.412000 0.664000 0.036000 0.024000
1 0.330000 0.010000 0.240000 0.020000
1 0.157000 0.587000 0.070000 0.082000
