1 0.251380 0.777620 0.150760 0.207240
6 0.303780 0.625220 0.071560 0.062440
10 0.447000 0.529000 0.042000 0.034000
10 0.891000 0.206000 0.042000 0.052000
13 0.619000 0.304000 0.350000 0.296000
6 0.770000 0.444000 0.036000 0.056000
10 0.416000 0.068000 0.044000 0.028000
10 0.533000 0.950000 0.050000 0.040000
10 0.821000 0.315000 0.034000 0.046000
2 0.757000 0.558000 0.078000 0.056000
10 0.747000 0.513000 0.030000 0.042000
10 0.462000 0.062000 0.048000 0.032000
10 0.422000 0.727000 0.064000 0.046000
10 0.580000 0.922000 0.044000 0.040000
10 0.282000 0.104000 0.044000 0.036000
10 0.191000 0.141000 0.046000 0.030000
10 0.508000 0.558000 0.052000 0.040000
10 0.250000 0.407000 0.048000 0.050000
10 0.859000 0.256000 0.034000 0.040000
10 0.234000 0.124000 0.048000 0.036000
10 0.949000 0.132000 0.038000 0.040000
10 0.103000 0.009000 0.038000 0.018000
10 0.200000 0.108000 0.048000 0.028000
10 0.790000 0.363000 0.028000 0.046000
10 0.402000 0.656000 0.060000 0.040000
10 0.477000 0.975000 0.070000 0.046000
10 0.396000 0.581000 0.036000 0.046000
6 0.246000 0.040890 0.036000 0.053780
10 0.709000 0.845000 0.054000 0.062000
10 0.662000 0.841000 0.040000 0.038000
2 0.302500 0.943000 0.045000 0.062000
6 0.384000 0.850500 0.072000 0.025000
10 0.374000 0.820000 0.048000 0.028000
2 0.054000 0.141500 0.076000 0.087000
2 0.296500 0.425000 0.061000 0.074000
6 0.224890 0.053000 0.037780 0.054000
