1 0.112000 0.239000 0.224000 0.130000
1 0.609000 0.360000 0.530000 0.228000
1 0.242000 0.691000 0.344000 0.274000
10 0.893000 0.696000 0.038000 0.052000
10 0.775000 0.178000 0.042000 0.032000
10 0.950000 0.610000 0.040000 0.048000
10 0.763000 0.893000 0.046000 0.066000
10 0.305000 0.338000 0.018000 0.044000
10 0.309000 0.251000 0.018000 0.038000
10 0.714000 0.164000 0.040000 0.032000
10 0.989000 0.142000 0.018000 0.032000
2 0.857000 0.190000 0.042000 0.076000
10 0.087000 0.872000 0.034000 0.032000
1 0.128000 0.968000 0.252000 0.060000
6 0.573000 0.053000 0.038000 0.058000
1 0.514000 0.874000 0.276000 0.248000
