1 0.452000 0.151000 0.176000 0.186000
10 0.622000 0.507000 0.032000 0.038000
1 0.941000 0.340000 0.114000 0.208000
10 0.522000 0.456000 0.036000 0.044000
10 0.143000 0.366000 0.058000 0.044000
10 0.230000 0.322000 0.032000 0.052000
10 0.688000 0.531000 0.028000 0.046000
10 0.756000 0.557000 0.032000 0.050000
10 0.374000 0.388000 0.028000 0.036000
10 0.089000 0.346000 0.050000 0.036000
10 0.493000 0.583000 0.030000 0.046000
10 0.244000 0.473000 0.028000 0.042000
10 0.409000 0.543000 0.030000 0.042000
10 0.346000 0.522000 0.028000 0.036000
10 0.157000 0.434000 0.030000 0.036000
10 0.747000 0.643000 0.042000 0.038000
10 0.031000 0.236000 0.030000 0.052000
10 0.668000 0.606000 0.040000 0.036000
10 0.040000 0.327000 0.048000 0.034000
10 0.538000 0.605000 0.024000 0.038000
10 0.457000 0.423000 0.038000 0.046000
10 0.944000 0.932000 0.056000 0.032000
10 0.832000 0.731000 0.036000 0.046000
10 0.843000 0.609000 0.042000 0.046000
10 0.271000 0.342000 0.030000 0.044000
10 0.917000 0.728000 0.042000 0.032000
10 0.825000 0.425000 0.022000 0.042000
10 0.886000 0.455000 0.032000 0.038000
10 0.452000 0.564000 0.028000 0.036000
10 0.168000 0.289000 0.036000 0.054000
10 0.932000 0.471000 0.024000 0.042000
6 0.821000 0.594000 0.042000 0.052000
10 0.580000 0.487000 0.024000 0.042000
10 0.793000 0.679000 0.050000 0.046000
10 0.301000 0.494000 0.030000 0.036000
10 0.951000 0.982000 0.042000 0.024000
10 0.983000 0.758000 0.022000 0.036000
1 0.978000 0.093000 0.040000 0.186000
1 0.987000 0.968000 0.022000 0.060000
10 0.821000 0.960000 0.042000 0.024000
1 0.348000 0.755000 0.664000 0.486000
10 0.329000 0.366000 0.030000 0.044000
10 0.992000 0.495000 0.012000 0.046000
