1 0.342000 0.703000 0.112000 0.110000
1 0.869000 0.382000 0.110000 0.108000
1 0.888000 0.917000 0.148000 0.162000
1 0.870000 0.092000 0.092000 0.112000
1 0.037000 0.565000 0.074000 0.166000
1 0.886000 0.700000 0.116000 0.124000
1 0.360000 0.056000 0.088000 0.088000
1 0.326000 0.335000 0.132000 0.078000
1 0.236000 0.901000 0.472000 0.194000
1 0.642000 0.080000 0.084000 0.096000
1 0.217000 0.247000 0.090000 0.106000
1 0.746000 0.080000 0.088000 0.096000
1 0.968000 0.136000 0.060000 0.088000
1 0.541000 0.092000 0.090000 0.112000
1 0.759000 0.397000 0.102000 0.094000
1 0.262000 0.526000 0.076000 0.104000
1 0.971000 0.353000 0.054000 0.074000
1 0.633000 0.719000 0.102000 0.134000
10 0.885000 0.619000 0.042000 0.026000
10 0.765000 0.614000 0.042000 0.028000
10 0.421000 0.600000 0.054000 0.028000
1 0.652000 0.413000 0.112000 0.162000
1 0.180000 0.374000 0.132000 0.088000
10 0.813000 0.617000 0.046000 0.022000
10 0.368000 0.598000 0.044000 0.024000
1 0.780000 0.791000 0.088000 0.094000
10 0.948000 0.777000 0.020000 0.038000
1 0.763000 0.987000 0.122000 0.022000
1 0.275000 0.159000 0.090000 0.082000
1 0.531000 0.018000 0.110000 0.036000
1 0.432000 0.065000 0.060000 0.062000
