10 0.649000 0.391000 0.050000 0.034000
10 0.799000 0.365000 0.046000 0.030000
5 0.950000 0.260000 0.096000 0.060000
10 0.465000 0.427000 0.046000 0.030000
10 0.815000 0.165000 0.042000 0.030000
10 0.234000 0.460000 0.052000 0.032000
10 0.130000 0.449000 0.044000 0.030000
5 0.666000 0.540670 0.048000 0.077340
5 0.708000 0.535330 0.040000 0.074660
10 0.763000 0.518000 0.018000 0.044000
10 0.952000 0.487000 0.028000 0.042000
5 0.967000 0.098180 0.066000 0.048360
10 0.525000 0.267000 0.050000 0.034000
5 0.651650 0.331290 0.091300 0.054580
1 0.662330 0.779660 0.596660 0.439320
10 0.971000 0.337000 0.054000 0.038000
5 0.814670 0.920000 0.081340 0.056000
6 0.033330 0.330000 0.066660 0.036000
