1 0.793000 0.793000 0.282000 0.410000
10 0.969000 0.813000 0.034000 0.038000
10 0.069000 0.721000 0.042000 0.054000
1 0.661000 0.151000 0.110000 0.130000
10 0.098000 0.681000 0.040000 0.042000
10 0.037000 0.769000 0.038000 0.042000
1 0.503000 0.035000 0.114000 0.070000
10 0.941000 0.853000 0.022000 0.022000
1 0.483000 0.207000 0.126000 0.118000
1 0.285000 0.719000 0.142000 0.142000
1 0.961000 0.523000 0.074000 0.146000
1 0.665000 0.026000 0.130000 0.052000
10 0.013000 0.807000 0.026000 0.042000
1 0.451590 0.948000 0.235180 0.100000
6 0.131320 0.615270 0.042640 0.050540
6 0.172900 0.557960 0.045800 0.067920
1 0.810050 0.145330 0.128100 0.134660
