1 0.687000 0.582000 0.126000 0.084000
1 0.810000 0.749000 0.120000 0.110000
1 0.381000 0.793000 0.138000 0.154000
1 0.945000 0.899000 0.106000 0.126000
1 0.565000 0.266000 0.138000 0.132000
1 0.750000 0.043000 0.120000 0.086000
10 0.930000 0.353000 0.036000 0.042000
10 0.126000 0.811000 0.036000 0.042000
1 0.524000 0.888000 0.208000 0.196000
10 0.472000 0.721000 0.040000 0.038000
10 0.573000 0.831000 0.046000 0.042000
10 0.016000 0.689000 0.032000 0.030000
10 0.226000 0.400000 0.040000 0.044000
10 0.086000 0.765000 0.036000 0.042000
1 0.212000 0.751000 0.152000 0.126000
1 0.649000 0.098000 0.134000 0.144000
1 0.091000 0.077000 0.098000 0.106000
10 0.913000 0.006000 0.042000 0.012000
1 0.913000 0.181000 0.126000 0.126000
10 0.707000 0.698000 0.038000 0.036000
10 0.504000 0.754000 0.036000 0.036000
1 0.925000 0.668000 0.130000 0.124000
1 0.947540 0.980000 0.099080 0.036000
10 0.927000 0.256000 0.042000 0.040000
10 0.392000 0.629000 0.048000 0.046000
10 0.989000 0.108000 0.018000 0.044000
1 0.758000 0.897000 0.076000 0.082000
1 0.251000 0.300000 0.130000 0.128000
1 0.056000 0.583000 0.112000 0.102000
1 0.054000 0.913000 0.108000 0.126000
1 0.752460 0.415460 0.304920 0.226920
1 0.354230 0.095000 0.288460 0.182000
10 0.004000 0.646000 0.008000 0.060000
1 0.142000 0.660000 0.096000 0.100000
1 0.073000 0.429500 0.114000 0.127000
1 0.287000 0.659000 0.106000 0.122000
1 0.833000 0.848000 0.114000 0.108000
