1 0.578000 0.633000 0.192000 0.214000
1 0.816000 0.772000 0.172000 0.184000
10 0.193000 0.733000 0.042000 0.042000
1 0.360000 0.254000 0.140000 0.140000
10 0.847000 0.624000 0.038000 0.036000
1 0.877000 0.954000 0.134000 0.088000
2 0.285000 0.085000 0.078000 0.074000
10 0.228000 0.693000 0.044000 0.038000
10 0.705000 0.303000 0.042000 0.042000
2 0.253000 0.171000 0.062000 0.070000
1 0.955000 0.432000 0.086000 0.136000
10 0.085000 0.390000 0.030000 0.032000
1 0.717000 0.381000 0.166000 0.130000
1 0.107000 0.550000 0.174000 0.204000
10 0.014000 0.468000 0.028000 0.040000
1 0.531000 0.920000 0.202000 0.156000
1 0.684000 0.037000 0.168000 0.074000
10 0.727000 0.514000 0.046000 0.036000
2 0.610000 0.409000 0.056000 0.066000
1 0.211000 0.400000 0.178000 0.180000
10 0.419000 0.017000 0.038000 0.034000
1 0.870000 0.308000 0.168000 0.136000
1 0.473000 0.120000 0.170000 0.160000
10 0.146000 0.316000 0.032000 0.032000
1 0.028000 0.717000 0.056000 0.122000
10 0.823000 0.578000 0.030000 0.028000
10 0.374000 0.132000 0.040000 0.048000
2 0.009000 0.903000 0.018000 0.074000
1 0.915000 0.010000 0.166000 0.020000
2 0.078000 0.874000 0.060000 0.064000
1 0.102000 0.167500 0.204000 0.323000
