1 0.173000 0.730000 0.146000 0.184000
1 0.094000 0.539000 0.188000 0.262000
1 0.593000 0.885000 0.322000 0.226000
10 0.381000 0.859000 0.038000 0.046000
10 0.818000 0.747000 0.056000 0.034000
10 0.412000 0.821000 0.044000 0.042000
10 0.716000 0.740000 0.056000 0.028000
10 0.343000 0.936000 0.030000 0.052000
10 0.964000 0.811000 0.052000 0.042000
1 0.862000 0.887000 0.264000 0.222000
10 0.325000 0.978000 0.022000 0.040000
1 0.862000 0.285000 0.272000 0.302000
1 0.961000 0.588000 0.074000 0.360000
6 0.411000 0.985000 0.042000 0.026000
10 0.529000 0.800000 0.042000 0.036000
1 0.562000 0.475000 0.468000 0.278000
1 0.318620 0.681080 0.209240 0.166160
