1 0.760000 0.769000 0.236000 0.458000
1 0.768000 0.185000 0.436000 0.370000
10 0.334000 0.124000 0.028000 0.040000
10 0.566000 0.331000 0.040000 0.030000
10 0.036000 0.169000 0.040000 0.034000
2 0.935000 0.490000 0.038000 0.084000
10 0.231000 0.091000 0.030000 0.042000
10 0.867000 0.941000 0.030000 0.050000
10 0.879000 0.891000 0.026000 0.050000
10 0.330000 0.016000 0.028000 0.032000
10 0.909000 0.721000 0.022000 0.046000
10 0.293000 0.106000 0.034000 0.040000
10 0.900000 0.763000 0.024000 0.046000
10 0.140000 0.055000 0.036000 0.054000
10 0.991000 0.237000 0.014000 0.042000
10 0.916000 0.679000 0.020000 0.038000
1 0.035000 0.045000 0.070000 0.090000
3 0.282000 0.614000 0.564000 0.768000
10 0.286000 0.007000 0.028000 0.014000
6 0.883000 0.846000 0.026000 0.048000
10 0.974000 0.350000 0.024000 0.044000
