1 0.390000 0.666000 0.132000 0.120000
1 0.381000 0.865000 0.162000 0.186000
1 0.644000 0.489000 0.152000 0.122000
1 0.612000 0.358000 0.096000 0.120000
1 0.655000 0.873000 0.162000 0.250000
1 0.618000 0.619000 0.088000 0.130000
1 0.293000 0.103000 0.106000 0.094000
1 0.390000 0.234000 0.092000 0.108000
1 0.168000 0.542000 0.172000 0.248000
1 0.291000 0.198000 0.078000 0.108000
10 0.367000 0.355000 0.026000 0.042000
2 0.519000 0.811000 0.082000 0.042000
6 0.477000 0.620000 0.030000 0.056000
10 0.834000 0.080000 0.032000 0.048000
10 0.472000 0.427000 0.020000 0.042000
10 0.741000 0.680000 0.042000 0.028000
10 0.787000 0.675000 0.046000 0.026000
10 0.464000 0.211000 0.024000 0.050000
10 0.589000 0.097000 0.042000 0.030000
1 0.666000 0.183000 0.212000 0.226000
6 0.479000 0.678000 0.026000 0.052000
10 0.464000 0.280000 0.024000 0.052000
6 0.975000 0.237000 0.046000 0.042000
10 0.707000 0.018000 0.038000 0.028000
10 0.902000 0.062000 0.028000 0.048000
10 0.466000 0.381000 0.020000 0.046000
10 0.482000 0.925000 0.020000 0.046000
10 0.517000 0.987000 0.018000 0.022000
10 0.464000 0.331000 0.024000 0.050000
10 0.461000 0.141000 0.026000 0.046000
10 0.458000 0.055000 0.020000 0.046000
1 0.235000 0.978000 0.170000 0.040000
10 0.487000 0.978000 0.018000 0.040000
1 0.894000 0.853000 0.212000 0.222000
1 0.830000 0.758000 0.088000 0.064000
10 0.455000 0.014000 0.022000 0.028000
10 0.484000 0.871000 0.020000 0.050000
10 0.791000 0.006000 0.046000 0.012000
10 0.992000 0.191000 0.012000 0.038000
1 0.618000 0.016000 0.144000 0.032000
10 0.527000 0.648000 0.018000 0.028000
1 0.780850 0.534290 0.305700 0.156580
