1 0.153000 0.353000 0.306000 0.514000
10 0.641000 0.182000 0.050000 0.040000
10 0.405000 0.275000 0.038000 0.046000
10 0.737000 0.098000 0.042000 0.032000
10 0.236000 0.559000 0.044000 0.038000
10 0.415000 0.512000 0.042000 0.040000
10 0.409000 0.363000 0.042000 0.042000
10 0.529000 0.121000 0.042000 0.042000
10 0.698000 0.137000 0.048000 0.030000
6 0.448000 0.421000 0.056000 0.062000
6 0.551000 0.041000 0.046000 0.054000
10 0.189000 0.622000 0.038000 0.040000
10 0.453450 0.355120 0.042900 0.038240
10 0.446000 0.325000 0.044000 0.038000
10 0.516000 0.266000 0.040000 0.040000
10 0.092000 0.675000 0.044000 0.046000
10 0.168000 0.110000 0.036000 0.036000
10 0.599000 0.107000 0.034000 0.042000
6 0.038000 0.762000 0.044000 0.056000
10 0.526000 0.409000 0.036000 0.042000
6 0.367000 0.150000 0.046000 0.044000
10 0.045000 0.610000 0.038000 0.036000
10 0.409000 0.463000 0.046000 0.054000
10 0.151000 0.673000 0.042000 0.042000
10 0.309000 0.227000 0.042000 0.038000
10 0.273000 0.190000 0.034000 0.036000
6 0.189920 0.057660 0.055840 0.043320
10 0.169000 0.014000 0.038000 0.028000
10 0.077000 0.726000 0.038000 0.048000
10 0.051000 0.812000 0.034000 0.032000
10 0.552000 0.944000 0.052000 0.056000
10 0.430620 0.179310 0.033240 0.042620
6 0.467000 0.139000 0.058000 0.054000
10 0.490000 0.377000 0.036000 0.042000
6 0.200000 0.076000 0.056000 0.048000
10 0.122000 0.712000 0.036000 0.044000
10 0.372430 0.210790 0.036860 0.033580
10 0.405000 0.220000 0.034000 0.036000
10 0.447000 0.164000 0.038000 0.044000
10 0.017000 0.707000 0.034000 0.046000
10 0.353000 0.514000 0.034000 0.044000
10 0.332000 0.179000 0.036000 0.034000
10 0.601000 0.288000 0.038000 0.044000
10 0.608260 0.256010 0.024520 0.040020
6 0.661000 0.249000 0.054000 0.062000
10 0.215000 0.127000 0.046000 0.046000
10 0.470000 0.037000 0.040000 0.038000
10 0.195000 0.689000 0.030000 0.030000
10 0.009000 0.821000 0.018000 0.034000
10 0.259000 0.645000 0.042000 0.042000
10 0.297000 0.562000 0.046000 0.052000
10 0.516000 0.060000 0.040000 0.044000
10 0.679000 0.228000 0.038000 0.044000
6 0.385000 0.478000 0.046000 0.060000
10 0.654000 0.017000 0.040000 0.034000
10 0.599000 0.211000 0.042000 0.038000
10 0.728000 0.008000 0.032000 0.016000
10 0.594000 0.050000 0.040000 0.048000
10 0.285000 0.123000 0.034000 0.038000
6 0.709000 0.031000 0.042000 0.046000
10 0.568000 0.258000 0.036000 0.036000
10 0.668000 0.062000 0.040000 0.040000
10 0.383000 0.165000 0.042000 0.042000
10 0.899000 0.018000 0.034000 0.036000
6 0.038000 0.102000 0.044000 0.048000
10 0.633000 0.328000 0.038000 0.044000
10 0.404000 0.403000 0.032000 0.030000
10 0.025000 0.774000 0.034000 0.052000
10 0.518000 0.342000 0.036000 0.044000
10 0.366000 0.309000 0.040000 0.038000
10 0.335320 0.118410 0.034640 0.032820
10 0.413000 0.126000 0.038000 0.036000
6 0.296000 0.615000 0.048000 0.046000
10 0.748000 0.146000 0.028000 0.036000
10 0.248000 0.156000 0.040000 0.044000
10 0.786000 0.113000 0.028000 0.034000
1 0.081000 0.911000 0.162000 0.174000
6 0.841950 0.063090 0.051900 0.058180
10 0.776230 0.067380 0.036460 0.038760
