1 0.699000 0.869000 0.598000 0.258000
1 0.209000 0.621000 0.306000 0.754000
6 0.396000 0.532000 0.036000 0.064000
6 0.737000 0.498000 0.070000 0.040000
10 0.872000 0.715000 0.040000 0.042000
10 0.520000 0.461000 0.052000 0.030000
10 0.466000 0.142000 0.048000 0.028000
10 0.547000 0.405000 0.042000 0.026000
10 0.454000 0.388000 0.040000 0.028000
1 0.703000 0.610000 0.590000 0.168000
6 0.580000 0.140000 0.060000 0.036000
10 0.367000 0.434000 0.022000 0.056000
10 0.372000 0.173000 0.024000 0.046000
10 0.356000 0.899000 0.024000 0.050000
10 0.404000 0.032000 0.024000 0.048000
10 0.548000 0.280000 0.024000 0.048000
10 0.378000 0.055000 0.020000 0.054000
10 0.369000 0.283000 0.018000 0.034000
10 0.524000 0.277000 0.024000 0.046000
10 0.387000 0.770000 0.026000 0.060000
2 0.360000 0.313000 0.088000 0.034000
10 0.394000 0.613000 0.020000 0.050000
10 0.387000 0.933000 0.022000 0.042000
10 0.405000 0.089000 0.022000 0.050000
5 0.612530 0.205660 0.073060 0.035320
10 0.619000 0.179000 0.046000 0.030000
10 0.594000 0.089000 0.032000 0.050000
10 0.386000 0.888000 0.024000 0.048000
10 0.356000 0.991000 0.024000 0.014000
10 0.467000 0.270000 0.018000 0.040000
6 0.540000 0.231000 0.056000 0.030000
10 0.580000 0.345000 0.024000 0.058000
10 0.624000 0.474000 0.048000 0.036000
1 0.827000 0.232000 0.342000 0.464000
6 0.957000 0.523000 0.082000 0.046000
10 0.779000 0.746000 0.050000 0.024000
10 0.552000 0.340000 0.024000 0.048000
10 0.525000 0.326000 0.022000 0.044000
10 0.540000 0.008000 0.036000 0.016000
10 0.573000 0.469000 0.046000 0.034000
6 0.436700 0.216220 0.077400 0.044440
10 0.876000 0.510000 0.052000 0.036000
10 0.543000 0.196000 0.050000 0.036000
1 0.155000 0.163000 0.310000 0.154000
5 0.678630 0.552180 0.113260 0.052360
5 0.558190 0.531920 0.108380 0.043840
