1 0.308000 0.271000 0.408000 0.294000
1 0.466000 0.787000 0.204000 0.178000
1 0.187000 0.851000 0.142000 0.134000
1 0.034000 0.761000 0.068000 0.150000
1 0.522000 0.676000 0.144000 0.112000
1 0.638000 0.610000 0.096000 0.096000
1 0.675000 0.487000 0.142000 0.138000
1 0.367000 0.076000 0.198000 0.152000
1 0.868000 0.143000 0.260000 0.182000
1 0.720000 0.334000 0.172000 0.212000
1 0.923000 0.688000 0.150000 0.200000
1 0.588000 0.943000 0.136000 0.110000
1 0.133000 0.977000 0.146000 0.042000
1 0.089000 0.441000 0.178000 0.262000
