1 0.056000 0.089000 0.112000 0.178000
1 0.149000 0.492000 0.298000 0.356000
1 0.567000 0.924000 0.410000 0.148000
10 0.673000 0.760000 0.042000 0.060000
10 0.513000 0.428000 0.038000 0.048000
10 0.545000 0.501000 0.038000 0.050000
1 0.961000 0.367000 0.074000 0.346000
10 0.736000 0.895000 0.028000 0.042000
10 0.765000 0.946000 0.034000 0.052000
1 0.635000 0.326000 0.190000 0.208000
6 0.597000 0.603000 0.046000 0.058000
1 0.908000 0.787000 0.180000 0.278000
10 0.694000 0.809000 0.028000 0.038000
10 0.765000 0.869000 0.034000 0.046000
10 0.769000 0.016000 0.042000 0.024000
10 0.571000 0.557000 0.034000 0.050000
1 0.941000 0.961000 0.114000 0.074000
1 0.686000 0.132000 0.476000 0.208000
10 0.811000 0.023000 0.034000 0.022000
10 0.693000 0.008000 0.046000 0.016000
10 0.716000 0.847000 0.028000 0.046000
1 0.223000 0.039000 0.174000 0.078000
