1 0.079000 0.375000 0.158000 0.174000
1 0.676000 0.322000 0.148000 0.132000
1 0.093000 0.601000 0.130000 0.122000
1 0.848000 0.813000 0.108000 0.102000
1 0.606000 0.833000 0.112000 0.102000
10 0.909000 0.294000 0.050000 0.044000
1 0.839000 0.571000 0.134000 0.154000
10 0.139000 0.754000 0.050000 0.036000
1 0.170000 0.941000 0.192000 0.114000
6 0.388000 0.657000 0.056000 0.046000
10 0.441000 0.621000 0.050000 0.042000
10 0.773000 0.377000 0.046000 0.034000
10 0.493000 0.594000 0.050000 0.040000
1 0.504000 0.423000 0.112000 0.126000
10 0.186000 0.723000 0.044000 0.042000
10 0.333000 0.687000 0.046000 0.042000
1 0.733000 0.868000 0.106000 0.116000
10 0.537000 0.564000 0.046000 0.036000
10 0.959000 0.266000 0.050000 0.040000
10 0.951000 0.941000 0.042000 0.034000
1 0.353000 0.885000 0.162000 0.134000
1 0.612000 0.661000 0.172000 0.122000
10 0.987000 0.953000 0.022000 0.046000
1 0.952000 0.126000 0.092000 0.140000
1 0.735000 0.603000 0.094000 0.106000
1 0.380000 0.518000 0.100000 0.112000
6 0.638000 0.510000 0.048000 0.036000
1 0.422000 0.046000 0.440000 0.092000
1 0.950000 0.528000 0.096000 0.144000
10 0.597000 0.534000 0.038000 0.032000
1 0.308000 0.523750 0.100000 0.107500
