1 0.320000 0.694000 0.148000 0.148000
1 0.109000 0.890000 0.122000 0.108000
10 0.689000 0.297000 0.046000 0.034000
6 0.445000 0.220000 0.062000 0.048000
10 0.731000 0.450000 0.046000 0.036000
1 0.043000 0.622000 0.086000 0.200000
6 0.098000 0.168000 0.056000 0.036000
10 0.455000 0.102000 0.046000 0.032000
10 0.749000 0.417000 0.046000 0.034000
10 0.381000 0.159000 0.046000 0.030000
10 0.376000 0.085000 0.052000 0.030000
10 0.901000 0.403000 0.046000 0.034000
10 0.190000 0.122000 0.052000 0.036000
10 0.589000 0.139000 0.042000 0.034000
10 0.939000 0.251000 0.054000 0.038000
6 0.299000 0.146000 0.058000 0.036000
10 0.534000 0.206000 0.052000 0.036000
10 0.883000 0.358000 0.046000 0.032000
10 0.518000 0.120000 0.052000 0.040000
10 0.865000 0.531000 0.046000 0.038000
1 0.788000 0.870000 0.152000 0.148000
10 0.179000 0.242000 0.046000 0.036000
10 0.279000 0.078000 0.046000 0.028000
10 0.278000 0.193000 0.044000 0.030000
10 0.209000 0.194000 0.046000 0.032000
10 0.721000 0.186000 0.046000 0.032000
10 0.651000 0.157000 0.046000 0.034000
10 0.925000 0.333000 0.046000 0.034000
10 0.383000 0.239000 0.046000 0.034000
6 0.454000 0.383000 0.072000 0.066000
10 0.853000 0.215000 0.042000 0.030000
10 0.088000 0.071000 0.048000 0.030000
6 0.703000 0.257000 0.074000 0.050000
10 0.969000 0.531000 0.042000 0.038000
1 0.185440 0.644270 0.166880 0.156540
6 0.227000 0.549000 0.070000 0.046000
10 0.019000 0.076000 0.038000 0.032000
10 0.086000 0.126000 0.044000 0.036000
10 0.078000 0.495000 0.044000 0.034000
10 0.978000 0.428000 0.040000 0.040000
10 0.014000 0.110000 0.028000 0.036000
6 0.020000 0.232000 0.040000 0.060000
10 0.163000 0.064000 0.058000 0.036000
1 0.604000 0.816000 0.280000 0.216000
6 0.754000 0.351000 0.056000 0.042000
10 0.989000 0.282000 0.018000 0.044000
1 0.154000 0.775000 0.192000 0.162000
1 0.236000 0.985000 0.128000 0.026000
1 0.014670 0.757690 0.029340 0.099380
1 0.888000 0.985000 0.196000 0.026000
1 0.442420 0.732410 0.128840 0.136820
