1 0.239000 0.862000 0.446000 0.272000
2 0.742000 0.326000 0.152000 0.092000
2 0.813000 0.472000 0.074000 0.136000
10 0.715000 0.412000 0.042000 0.036000
2 0.473000 0.680000 0.054000 0.120000
10 0.753000 0.468000 0.046000 0.040000
10 0.869000 0.477000 0.038000 0.030000
10 0.870000 0.547000 0.056000 0.042000
10 0.599000 0.747000 0.050000 0.042000
10 0.649000 0.742000 0.050000 0.040000
10 0.934000 0.025000 0.036000 0.050000
2 0.596000 0.366000 0.056000 0.104000
10 0.828000 0.788000 0.036000 0.032000
10 0.788000 0.770000 0.040000 0.032000
10 0.971000 0.587000 0.054000 0.046000
5 0.684000 0.816000 0.120000 0.068000
2 0.542000 0.862000 0.100000 0.060000
1 0.948000 0.763000 0.100000 0.222000
1 0.419000 0.059000 0.566000 0.118000
1 0.723000 0.950000 0.402000 0.096000
