1 0.906000 0.682000 0.184000 0.256000
1 0.948000 0.314000 0.100000 0.120000
1 0.452000 0.116000 0.252000 0.232000
1 0.902000 0.123000 0.120000 0.110000
1 0.569000 0.698000 0.202000 0.184000
1 0.313000 0.450000 0.622000 0.188000
1 0.242000 0.966000 0.156000 0.064000
10 0.639000 0.100000 0.046000 0.028000
1 0.112000 0.906000 0.224000 0.148000
10 0.632000 0.052000 0.060000 0.036000
10 0.577000 0.935000 0.038000 0.046000
10 0.539000 0.299000 0.042000 0.030000
10 0.587000 0.296000 0.046000 0.028000
10 0.638000 0.937000 0.036000 0.042000
10 0.674000 0.922000 0.028000 0.032000
10 0.742000 0.967000 0.040000 0.046000
