1 0.668000 0.443000 0.124000 0.138000
1 0.860000 0.587000 0.196000 0.194000
1 0.920000 0.256000 0.120000 0.120000
1 0.566000 0.187000 0.096000 0.102000
1 0.371000 0.583000 0.394000 0.278000
1 0.412000 0.088000 0.168000 0.168000
2 0.157000 0.856000 0.098000 0.092000
2 0.261000 0.783000 0.074000 0.078000
10 0.353000 0.964000 0.046000 0.052000
10 0.194000 0.125000 0.040000 0.034000
10 0.922000 0.716000 0.032000 0.028000
10 0.569000 0.668000 0.046000 0.040000
10 0.261000 0.884000 0.042000 0.028000
10 0.609000 0.638000 0.046000 0.044000
2 0.430000 0.874000 0.052000 0.092000
10 0.633000 0.846000 0.046000 0.036000
10 0.279000 0.959000 0.070000 0.042000
6 0.185000 0.973000 0.058000 0.050000
6 0.177000 0.672000 0.050000 0.060000
10 0.767000 0.813000 0.054000 0.038000
1 0.610000 0.027000 0.148000 0.054000
2 0.525000 0.982000 0.086000 0.032000
1 0.101000 0.071000 0.202000 0.142000
10 0.992000 0.747000 0.012000 0.022000
