1 0.356000 0.293000 0.296000 0.182000
1 0.703000 0.237000 0.194000 0.470000
10 0.033000 0.178000 0.030000 0.044000
10 0.964000 0.807000 0.024000 0.050000
2 0.784000 0.689000 0.080000 0.054000
10 0.308000 0.934000 0.052000 0.036000
10 0.067000 0.250000 0.022000 0.044000
10 0.474000 0.487000 0.060000 0.042000
10 0.717000 0.929000 0.026000 0.038000
10 0.415000 0.471000 0.046000 0.038000
10 0.862000 0.117000 0.024000 0.050000
10 0.603000 0.939000 0.050000 0.030000
10 0.851000 0.172000 0.026000 0.044000
2 0.053000 0.390000 0.066000 0.096000
1 0.918000 0.890000 0.160000 0.080000
10 0.844000 0.228000 0.024000 0.044000
1 0.372000 0.735000 0.688000 0.518000
10 0.296000 0.982000 0.048000 0.032000
10 0.014000 0.035000 0.028000 0.038000
10 0.145000 0.126000 0.034000 0.028000
10 0.493000 0.982000 0.066000 0.032000
10 0.202000 0.985000 0.056000 0.026000
10 0.092000 0.037000 0.044000 0.026000
10 0.920000 0.040000 0.028000 0.048000
10 0.800000 0.471000 0.028000 0.042000
10 0.987000 0.813000 0.022000 0.046000
1 0.904000 0.961000 0.144000 0.074000
10 0.224000 0.895000 0.044000 0.034000
10 0.876000 0.323000 0.024000 0.042000
1 0.014000 0.089000 0.028000 0.082000
10 0.358000 0.971000 0.056000 0.038000
10 0.989000 0.717000 0.018000 0.038000
10 0.735000 0.828000 0.018000 0.036000
