10 0.733000 0.791000 0.042000 0.038000
10 0.623880 0.883880 0.043760 0.043760
10 0.669000 0.876000 0.042000 0.040000
10 0.205000 0.793000 0.038000 0.042000
10 0.617000 0.603000 0.042000 0.034000
10 0.424000 0.835000 0.044000 0.042000
10 0.427000 0.755000 0.046000 0.042000
10 0.302000 0.735000 0.032000 0.046000
10 0.446000 0.795000 0.044000 0.038000
10 0.473000 0.920000 0.042000 0.036000
10 0.447000 0.881000 0.038000 0.034000
10 0.516000 0.893000 0.040000 0.038000
10 0.610000 0.862000 0.044000 0.040000
10 0.540000 0.583000 0.036000 0.046000
10 0.569000 0.805000 0.038000 0.038000
10 0.481000 0.833000 0.038000 0.038000
10 0.536000 0.927000 0.048000 0.042000
10 0.338000 0.890000 0.044000 0.040000
10 0.321000 0.958000 0.042000 0.036000
10 0.393000 0.971000 0.038000 0.038000
10 0.536000 0.740000 0.044000 0.036000
10 0.668000 0.966000 0.040000 0.036000
10 0.305000 0.918000 0.046000 0.040000
10 0.550000 0.677000 0.048000 0.042000
10 0.208000 0.941000 0.044000 0.050000
1 0.830000 0.984000 0.228000 0.028000
10 0.300000 0.829000 0.048000 0.042000
10 0.419000 0.992000 0.038000 0.012000
10 0.346000 0.987000 0.056000 0.022000
1 0.273000 0.464620 0.546000 0.789240
1 0.977000 0.350000 0.046000 0.120000
10 0.511000 0.980000 0.042000 0.036000
10 0.358000 0.927000 0.044000 0.042000
10 0.178000 0.908000 0.032000 0.032000
10 0.239000 0.992000 0.046000 0.012000
5 0.685380 0.100380 0.078760 0.108760
5 0.652130 0.119880 0.096260 0.123760
10 0.168500 0.887880 0.045000 0.043760
