1 0.050000 0.092000 0.100000 0.184000
10 0.919000 0.084000 0.042000 0.040000
10 0.781000 0.174000 0.038000 0.036000
2 0.419000 0.258000 0.178000 0.080000
6 0.635000 0.705000 0.042000 0.062000
10 0.712000 0.867000 0.036000 0.050000
10 0.673000 0.237000 0.042000 0.038000
1 0.860000 0.707000 0.276000 0.582000
6 0.659000 0.280000 0.042000 0.040000
2 0.528000 0.488000 0.144000 0.088000
1 0.130000 0.354000 0.260000 0.308000
10 0.571000 0.666000 0.034000 0.056000
1 0.816000 0.315000 0.320000 0.262000
1 0.569000 0.050000 0.186000 0.100000
10 0.550000 0.770000 0.036000 0.052000
10 0.111000 0.987000 0.050000 0.022000
1 0.927000 0.006000 0.134000 0.012000
1 0.807000 0.082000 0.246000 0.164000
1 0.317000 0.903000 0.314000 0.194000
1 0.277560 0.576920 0.187120 0.249840
1 0.354790 0.755960 0.153580 0.155920
1 0.110610 0.644020 0.221220 0.436040
