10 0.153000 0.633000 0.050000 0.038000
10 0.100000 0.689000 0.052000 0.038000
10 0.695000 0.630000 0.042000 0.032000
10 0.763000 0.603000 0.046000 0.034000
10 0.605000 0.495000 0.054000 0.038000
10 0.026000 0.931000 0.052000 0.042000
10 0.171000 0.802000 0.042000 0.032000
10 0.049000 0.982000 0.030000 0.032000
1 0.723000 0.160000 0.550000 0.320000
1 0.724960 0.888080 0.545920 0.220160
10 0.008000 0.700000 0.016000 0.032000
5 0.327000 0.571000 0.130000 0.070000
1 0.421640 0.195910 0.271280 0.239820
1 0.108480 0.369570 0.216960 0.415140
1 0.285330 0.405800 0.210660 0.187600
1 0.135240 0.118060 0.270480 0.192120
5 0.948000 0.329000 0.104000 0.070000
