1 0.589000 0.617000 0.106000 0.106000
1 0.661000 0.255000 0.122000 0.178000
2 0.782500 0.147500 0.041000 0.075000
2 0.850000 0.103000 0.084000 0.050000
10 0.478000 0.860000 0.052000 0.036000
6 0.144620 0.790000 0.049240 0.060000
10 0.124000 0.723000 0.032000 0.050000
10 0.488000 0.828000 0.040000 0.028000
10 0.162000 0.594000 0.036000 0.052000
10 0.982000 0.150000 0.032000 0.028000
10 0.791000 0.271000 0.026000 0.050000
10 0.089000 0.700000 0.022000 0.032000
10 0.163000 0.855000 0.042000 0.054000
10 0.507000 0.054000 0.042000 0.040000
1 0.029000 0.791000 0.058000 0.122000
10 0.774000 0.368000 0.024000 0.044000
10 0.766000 0.413000 0.024000 0.050000
1 0.674000 0.057000 0.324000 0.114000
10 0.784000 0.319000 0.024000 0.046000
1 0.608000 0.714000 0.188000 0.096000
10 0.835000 0.049000 0.034000 0.050000
10 0.176000 0.978000 0.036000 0.040000
1 0.514000 0.932000 0.348000 0.132000
10 0.179000 0.915000 0.030000 0.046000
1 0.598000 0.519000 0.116000 0.106000
10 0.416000 0.796000 0.032000 0.028000
10 0.712000 0.786000 0.028000 0.048000
1 0.247230 0.156000 0.434460 0.312000
1 0.035500 0.913000 0.067000 0.166000
10 0.733500 0.650000 0.027000 0.040000
10 0.412000 0.823500 0.044000 0.023000
10 0.104000 0.746500 0.024000 0.037000
1 0.290500 0.526000 0.221000 0.416000
1 0.282460 0.834000 0.116920 0.140000
1 0.317000 0.945000 0.130000 0.110000
