1 0.863000 0.813000 0.190000 0.158000
10 0.125000 0.619000 0.050000 0.038000
1 0.442040 0.601150 0.284080 0.246300
10 0.321000 0.692000 0.046000 0.032000
10 0.080000 0.601000 0.048000 0.038000
10 0.171000 0.638000 0.042000 0.036000
10 0.269000 0.675000 0.046000 0.038000
10 0.875000 0.899000 0.046000 0.034000
10 0.160000 0.696000 0.048000 0.040000
10 0.027000 0.678000 0.046000 0.032000
1 0.090000 0.774000 0.180000 0.172000
2 0.431000 0.781000 0.086000 0.110000
5 0.951000 0.920800 0.098000 0.065600
1 0.227000 0.563000 0.174000 0.142000
10 0.365000 0.714000 0.046000 0.040000
10 0.179000 0.735000 0.042000 0.038000
2 0.612000 0.830000 0.052000 0.088000
10 0.223000 0.658000 0.046000 0.032000
1 0.938000 0.378000 0.120000 0.280000
1 0.976000 0.679000 0.044000 0.138000
1 0.594310 0.332970 0.220620 0.165940
1 0.311060 0.236250 0.366120 0.232500
1 0.121040 0.438590 0.242080 0.245180
1 0.832910 0.564260 0.177820 0.176520
1 0.803440 0.656770 0.178880 0.101540
1 0.727090 0.745010 0.130180 0.138020
