10 0.312000 0.235000 0.044000 0.038000
10 0.247000 0.186000 0.046000 0.044000
10 0.187000 0.146000 0.042000 0.036000
10 0.539000 0.392000 0.042000 0.040000
6 0.679000 0.746000 0.046000 0.060000
6 0.790360 0.956430 0.056720 0.044860
6 0.795000 0.916000 0.074000 0.064000
10 0.114000 0.094000 0.044000 0.040000
10 0.845000 0.967000 0.042000 0.038000
10 0.490000 0.482000 0.044000 0.044000
10 0.587000 0.552000 0.046000 0.052000
10 0.589000 0.426000 0.042000 0.040000
10 0.051000 0.049000 0.046000 0.042000
10 0.048000 0.179000 0.044000 0.042000
10 0.100000 0.131000 0.044000 0.038000
10 0.067000 0.292000 0.038000 0.048000
10 0.229000 0.256000 0.042000 0.036000
10 0.659000 0.472000 0.042000 0.040000
10 0.125000 0.329000 0.034000 0.038000
10 0.243000 0.414000 0.038000 0.048000
1 0.392000 0.670000 0.296000 0.240000
6 0.006000 0.056000 0.012000 0.044000
1 0.623450 0.293180 0.234900 0.230360
1 0.506240 0.126820 0.156480 0.177640
1 0.402120 0.051180 0.188240 0.102360
