1 0.510000 0.491000 0.236000 0.350000
10 0.582000 0.236000 0.048000 0.040000
10 0.058000 0.946000 0.048000 0.032000
6 0.200000 0.047000 0.060000 0.046000
2 0.383000 0.085000 0.058000 0.102000
10 0.915000 0.398000 0.046000 0.040000
10 0.911000 0.654000 0.026000 0.040000
10 0.248000 0.073000 0.048000 0.038000
10 0.746000 0.571000 0.032000 0.042000
10 0.324000 0.962000 0.044000 0.028000
10 0.272000 0.168000 0.028000 0.040000
10 0.869000 0.376000 0.038000 0.032000
10 0.216000 0.952000 0.044000 0.028000
10 0.230000 0.146000 0.028000 0.048000
10 0.265000 0.955000 0.042000 0.030000
10 0.624000 0.257000 0.044000 0.034000
10 0.164000 0.952000 0.044000 0.028000
10 0.829000 0.358000 0.042000 0.032000
10 0.160000 0.115000 0.036000 0.050000
10 0.793000 0.585000 0.034000 0.042000
10 0.112000 0.100000 0.032000 0.044000
10 0.253000 0.278000 0.030000 0.040000
10 0.107000 0.953000 0.042000 0.026000
10 0.073000 0.075000 0.034000 0.050000
10 0.375000 0.969000 0.038000 0.030000
10 0.837000 0.613000 0.030000 0.042000
10 0.297000 0.306000 0.030000 0.044000
10 0.793000 0.469000 0.034000 0.046000
10 0.881000 0.511000 0.034000 0.050000
6 0.527000 0.987000 0.066000 0.022000
10 0.961000 0.420000 0.046000 0.036000
10 0.837000 0.489000 0.030000 0.046000
10 0.976000 0.555000 0.036000 0.046000
10 0.930000 0.533000 0.028000 0.042000
10 0.476000 0.985000 0.036000 0.026000
10 0.435000 0.976000 0.042000 0.028000
10 0.352000 0.992000 0.040000 0.012000
6 0.816000 0.597000 0.040000 0.046000
