2 0.155000 0.888000 0.154000 0.112000
1 0.821000 0.664000 0.154000 0.144000
2 0.273000 0.915000 0.058000 0.102000
1 0.947000 0.556000 0.102000 0.128000
1 0.606000 0.884000 0.184000 0.232000
10 0.535000 0.751000 0.046000 0.042000
2 0.951000 0.430000 0.078000 0.084000
10 0.743000 0.596000 0.042000 0.036000
10 0.491000 0.784000 0.034000 0.032000
10 0.876000 0.501000 0.052000 0.042000
10 0.621000 0.687000 0.042000 0.034000
2 0.959000 0.348000 0.070000 0.060000
10 0.884000 0.120000 0.028000 0.032000
6 0.902000 0.213000 0.036000 0.050000
10 0.914000 0.306000 0.032000 0.040000
10 0.802000 0.073000 0.032000 0.038000
1 0.941000 0.072000 0.114000 0.144000
10 0.778000 0.030000 0.032000 0.044000
10 0.957000 0.264000 0.026000 0.024000
10 0.842000 0.161000 0.028000 0.038000
2 0.087000 0.973000 0.062000 0.050000
10 0.413000 0.987000 0.038000 0.022000
1 0.687000 0.143000 0.318000 0.286000
2 0.234000 0.982000 0.100000 0.032000
1 0.642000 0.458000 0.536000 0.488000
10 0.822000 0.114000 0.028000 0.044000
2 0.385000 0.895000 0.070000 0.070000
10 0.906000 0.166000 0.028000 0.036000
1 0.214000 0.280000 0.428000 0.556000
10 0.578000 0.716000 0.036000 0.036000
