1 0.150000 0.448000 0.136000 0.120000
1 0.193000 0.229000 0.114000 0.146000
1 0.075000 0.715000 0.150000 0.070000
1 0.046000 0.961000 0.092000 0.074000
1 0.320000 0.716000 0.096000 0.064000
10 0.901000 0.494000 0.038000 0.036000
10 0.051000 0.341000 0.026000 0.046000
1 0.087000 0.846000 0.098000 0.104000
10 0.078000 0.264000 0.036000 0.052000
10 0.712000 0.119000 0.028000 0.046000
10 0.884000 0.735000 0.028000 0.046000
10 0.898000 0.779000 0.028000 0.042000
1 0.962000 0.188000 0.072000 0.372000
10 0.648000 0.010000 0.028000 0.020000
6 0.945000 0.612000 0.070000 0.032000
10 0.930000 0.566000 0.048000 0.032000
10 0.985000 0.969000 0.026000 0.034000
10 0.668000 0.054000 0.024000 0.040000
10 0.823000 0.543000 0.026000 0.050000
1 0.069000 0.619000 0.130000 0.102000
10 0.837000 0.592000 0.026000 0.048000
10 0.104000 0.197000 0.028000 0.038000
1 0.485000 0.943000 0.066000 0.102000
1 0.013000 0.262000 0.026000 0.340000
10 0.991000 0.992000 0.014000 0.012000
