1 0.208000 0.189000 0.148000 0.134000
10 0.056000 0.431000 0.036000 0.054000
10 0.127000 0.882000 0.046000 0.032000
10 0.147000 0.671000 0.034000 0.046000
10 0.059000 0.702000 0.038000 0.028000
10 0.112000 0.573000 0.032000 0.038000
10 0.100000 0.822000 0.044000 0.028000
10 0.143000 0.932000 0.042000 0.032000
10 0.082000 0.758000 0.044000 0.028000
10 0.255000 0.966000 0.034000 0.056000
10 0.022000 0.324000 0.028000 0.044000
10 0.099000 0.540000 0.026000 0.028000
10 0.093000 0.794000 0.050000 0.032000
10 0.080000 0.501000 0.040000 0.050000
10 0.125000 0.622000 0.034000 0.052000
10 0.010000 0.288000 0.020000 0.028000
1 0.301380 0.761540 0.170760 0.203080
