1 0.723000 0.098000 0.126000 0.164000
1 0.943000 0.141000 0.110000 0.118000
1 0.747000 0.320000 0.126000 0.120000
1 0.950000 0.258000 0.096000 0.116000
1 0.735000 0.221000 0.122000 0.094000
1 0.229000 0.813000 0.114000 0.102000
1 0.943000 0.477000 0.110000 0.118000
1 0.453000 0.556000 0.094000 0.128000
1 0.692000 0.545000 0.088000 0.110000
1 0.027000 0.678000 0.054000 0.124000
1 0.032000 0.888000 0.064000 0.120000
1 0.800000 0.968000 0.176000 0.060000
1 0.925000 0.945000 0.094000 0.098000
10 0.860000 0.749000 0.044000 0.038000
10 0.099000 0.541000 0.026000 0.054000
10 0.426000 0.690000 0.048000 0.028000
10 0.550000 0.792000 0.044000 0.032000
10 0.783000 0.604000 0.042000 0.032000
10 0.594000 0.670000 0.052000 0.028000
10 0.070000 0.244000 0.032000 0.056000
1 0.543000 0.064000 0.114000 0.128000
10 0.641000 0.908000 0.050000 0.032000
10 0.860000 0.596000 0.036000 0.028000
10 0.107000 0.603000 0.022000 0.042000
10 0.906000 0.585000 0.048000 0.034000
10 0.807000 0.141000 0.022000 0.046000
1 0.288000 0.585000 0.084000 0.098000
10 0.052000 0.092000 0.024000 0.044000
10 0.125000 0.791000 0.022000 0.046000
1 0.367000 0.561000 0.098000 0.078000
10 0.735000 0.610000 0.046000 0.028000
1 0.227000 0.964000 0.114000 0.068000
10 0.980000 0.835000 0.036000 0.042000
10 0.194000 0.714000 0.044000 0.032000
10 0.872000 0.169000 0.024000 0.038000
1 0.187000 0.558000 0.118000 0.196000
2 0.008000 0.225000 0.016000 0.090000
10 0.075000 0.302000 0.022000 0.052000
2 0.144000 0.705000 0.036000 0.062000
1 0.111000 0.028000 0.110000 0.056000
10 0.119000 0.745000 0.022000 0.046000
10 0.638000 0.944000 0.056000 0.036000
10 0.545000 0.677000 0.046000 0.022000
10 0.978000 0.009000 0.040000 0.018000
10 0.042000 0.048000 0.028000 0.044000
1 0.985000 0.675000 0.026000 0.110000
10 0.081000 0.380000 0.022000 0.048000
10 0.040000 0.007000 0.028000 0.014000
10 0.636000 0.987000 0.032000 0.022000
1 0.989000 0.796000 0.018000 0.120000
1 0.193330 0.314670 0.214660 0.273340
1 0.763330 0.442670 0.098660 0.121340
1 0.451950 0.284240 0.359900 0.312480
10 0.089370 0.438320 0.026740 0.048640
