1 0.496000 0.722000 0.192000 0.204000
1 0.798000 0.610000 0.180000 0.176000
1 0.116000 0.679000 0.180000 0.186000
10 0.931000 0.179000 0.042000 0.030000
10 0.245000 0.436000 0.042000 0.032000
10 0.013000 0.857000 0.026000 0.050000
10 0.040000 0.960000 0.032000 0.052000
10 0.028000 0.913000 0.028000 0.050000
10 0.028000 0.019000 0.052000 0.034000
2 0.020000 0.571000 0.040000 0.090000
1 0.979000 0.588910 0.042000 0.149820
1 0.470580 0.242600 0.941160 0.477200
10 0.087000 0.004000 0.034000 0.008000
1 0.480000 0.936000 0.296000 0.124000
1 0.410950 0.539590 0.321900 0.203180
1 0.705480 0.433520 0.346960 0.215040
1 0.172970 0.866570 0.193940 0.265140
1 0.913880 0.357200 0.147760 0.150400
1 0.227470 0.600050 0.098940 0.116100
