1 0.256000 0.160000 0.472000 0.320000
1 0.145000 0.787000 0.290000 0.278000
1 0.931000 0.867000 0.134000 0.226000
10 0.312000 0.695000 0.048000 0.050000
10 0.436000 0.661000 0.040000 0.038000
10 0.495000 0.862000 0.038000 0.040000
10 0.356000 0.737000 0.044000 0.042000
10 0.455000 0.825000 0.042000 0.042000
10 0.533000 0.895000 0.042000 0.042000
1 0.735000 0.279000 0.526000 0.254000
10 0.789000 0.987000 0.042000 0.022000
1 0.354000 0.966000 0.216000 0.064000
1 0.575000 0.591000 0.406000 0.462000
