10 0.411000 0.190000 0.042000 0.036000
1 0.234280 0.442620 0.468560 0.321240
10 0.294000 0.287000 0.044000 0.030000
10 0.961000 0.146000 0.046000 0.036000
10 0.313000 0.145000 0.034000 0.034000
6 0.475000 0.137000 0.050000 0.074000
10 0.168000 0.749000 0.036000 0.026000
10 0.400000 0.280000 0.028000 0.048000
10 0.796000 0.074000 0.028000 0.044000
10 0.524000 0.044000 0.032000 0.052000
10 0.358000 0.101000 0.036000 0.054000
10 0.383290 0.103520 0.026580 0.055040
10 0.405780 0.113570 0.027560 0.047140
6 0.431000 0.120000 0.038000 0.056000
10 0.313000 0.078000 0.034000 0.044000
10 0.269000 0.124000 0.034000 0.040000
10 0.915000 0.123000 0.038000 0.038000
1 0.140000 0.860000 0.280000 0.276000
10 0.672000 0.023000 0.032000 0.038000
10 0.153000 0.631000 0.038000 0.030000
1 0.147000 0.021000 0.270000 0.042000
10 0.395000 0.331000 0.046000 0.030000
10 0.702000 0.033000 0.028000 0.038000
1 0.966000 0.034000 0.064000 0.068000
10 0.459000 0.211000 0.034000 0.034000
1 0.810000 0.028000 0.148000 0.056000
1 0.899000 0.696000 0.198000 0.448000
10 0.362000 0.008000 0.032000 0.016000
10 0.703000 0.151000 0.026000 0.042000
1 0.763000 0.253000 0.470000 0.234000
1 0.525920 0.618220 0.187840 0.204440
