1 0.482000 0.449000 0.128000 0.126000
1 0.162000 0.253000 0.132000 0.158000
1 0.821000 0.647000 0.170000 0.186000
1 0.545000 0.647000 0.130000 0.166000
1 0.118000 0.085000 0.124000 0.154000
1 0.395000 0.238000 0.126000 0.116000
1 0.582000 0.194000 0.092000 0.132000
1 0.366000 0.055000 0.164000 0.106000
1 0.477000 0.332000 0.146000 0.120000
1 0.753000 0.215000 0.130000 0.130000
6 0.228000 0.649000 0.056000 0.042000
10 0.886000 0.929000 0.052000 0.038000
1 0.684000 0.726000 0.112000 0.148000
10 0.125000 0.538000 0.050000 0.040000
10 0.830000 0.168000 0.040000 0.052000
5 0.887370 0.269370 0.058740 0.078740
6 0.897000 0.222000 0.046000 0.056000
6 0.707000 0.895000 0.054000 0.042000
10 0.293000 0.310000 0.038000 0.048000
10 0.352000 0.540000 0.032000 0.056000
10 0.946000 0.360000 0.040000 0.048000
2 0.400000 0.612000 0.076000 0.068000
10 0.759000 0.053000 0.038000 0.050000
10 0.251000 0.606000 0.046000 0.036000
10 0.275000 0.247000 0.030000 0.050000
10 0.939000 0.959000 0.046000 0.042000
10 0.332000 0.467000 0.028000 0.050000
10 0.076000 0.509000 0.040000 0.034000
6 0.431000 0.858000 0.038000 0.056000
10 0.263000 0.198000 0.034000 0.052000
10 0.967000 0.398000 0.038000 0.044000
10 0.849000 0.968000 0.042000 0.032000
10 0.035000 0.491000 0.042000 0.034000
10 0.236000 0.093000 0.036000 0.058000
6 0.080000 0.577000 0.056000 0.038000
10 0.321000 0.421000 0.030000 0.046000
10 0.223000 0.043000 0.030000 0.054000
10 0.455000 0.933000 0.026000 0.042000
10 0.731000 0.014000 0.038000 0.028000
2 0.472000 0.864000 0.080000 0.056000
10 0.466000 0.975000 0.028000 0.046000
6 0.169000 0.621000 0.054000 0.042000
1 0.204000 0.449000 0.136000 0.146000
1 0.043000 0.405000 0.086000 0.102000
1 0.332000 0.959000 0.176000 0.078000
10 0.009000 0.532000 0.018000 0.036000
1 0.662000 0.086000 0.204000 0.172000
1 0.902000 0.444000 0.168000 0.176000
1 0.723000 0.959000 0.226000 0.078000
10 0.207000 0.009000 0.042000 0.018000
6 0.674000 0.821000 0.056000 0.046000
10 0.987000 0.984000 0.022000 0.028000
10 0.712000 0.842000 0.036000 0.028000
12 0.021000 0.954000 0.042000 0.088000
1 0.203420 0.781720 0.330840 0.223440
1 0.985000 0.281000 0.026000 0.134000
