1 0.523000 0.436000 0.174000 0.172000
1 0.940000 0.096000 0.116000 0.136000
10 0.230000 0.126000 0.032000 0.044000
10 0.955000 0.457000 0.042000 0.042000
10 0.925000 0.495000 0.030000 0.034000
1 0.394000 0.621000 0.240000 0.226000
10 0.129000 0.283000 0.042000 0.042000
1 0.948000 0.770000 0.100000 0.180000
10 0.493000 0.589000 0.042000 0.042000
1 0.168000 0.410000 0.332000 0.308000
10 0.237000 0.059000 0.038000 0.038000
10 0.758000 0.793000 0.036000 0.034000
2 0.742000 0.678000 0.068000 0.060000
1 0.423000 0.158000 0.430000 0.316000
1 0.957000 0.509000 0.082000 0.230000
10 0.989000 0.412000 0.018000 0.036000
1 0.758000 0.957000 0.480000 0.082000
10 0.874000 0.008000 0.036000 0.016000
10 0.329000 0.012000 0.034000 0.024000
10 0.043000 0.007000 0.030000 0.014000
1 0.790000 0.382000 0.408000 0.548000
