1 0.776000 0.798000 0.444000 0.384000
1 0.844000 0.295000 0.124000 0.186000
1 0.313000 0.931000 0.170000 0.134000
1 0.688000 0.085000 0.120000 0.114000
1 0.784000 0.503000 0.080000 0.142000
1 0.444000 0.294000 0.112000 0.084000
1 0.068000 0.352000 0.132000 0.124000
1 0.048000 0.872000 0.096000 0.136000
1 0.648000 0.272000 0.092000 0.112000
1 0.217000 0.382000 0.190000 0.132000
1 0.026000 0.524000 0.052000 0.100000
1 0.147000 0.583000 0.154000 0.130000
1 0.964000 0.551000 0.068000 0.118000
10 0.568000 0.429000 0.028000 0.046000
10 0.557000 0.482000 0.022000 0.044000
1 0.313000 0.622000 0.234000 0.144000
10 0.603000 0.232000 0.022000 0.048000
10 0.400000 0.543000 0.040000 0.022000
1 0.261000 0.222000 0.194000 0.156000
10 0.716000 0.612000 0.064000 0.032000
10 0.813000 0.638000 0.046000 0.028000
6 0.063000 0.468000 0.058000 0.036000
1 0.419000 0.105000 0.254000 0.114000
6 0.448000 0.774000 0.032000 0.060000
1 0.947000 0.052000 0.102000 0.104000
6 0.433000 0.878000 0.030000 0.056000
10 0.861000 0.652000 0.046000 0.028000
6 0.223000 0.502000 0.062000 0.040000
1 0.393000 0.419000 0.186000 0.122000
1 0.643000 0.424000 0.130000 0.188000
1 0.162000 0.975000 0.108000 0.046000
10 0.626000 0.094000 0.024000 0.048000
1 0.112000 0.010000 0.176000 0.020000
