1 0.768000 0.512000 0.324000 0.216000
1 0.441000 0.599000 0.218000 0.190000
1 0.177000 0.831000 0.274000 0.162000
1 0.675000 0.798000 0.074000 0.080000
10 0.729000 0.902000 0.042000 0.028000
1 0.800000 0.172000 0.112000 0.120000
1 0.650000 0.195000 0.144000 0.162000
10 0.807000 0.603000 0.034000 0.042000
1 0.428000 0.857000 0.280000 0.282000
1 0.927000 0.089000 0.086000 0.094000
1 0.331000 0.261000 0.578000 0.466000
1 0.733000 0.976000 0.190000 0.044000
1 0.959000 0.329000 0.078000 0.170000
1 0.055380 0.462460 0.110760 0.156920
