1 0.896000 0.832000 0.204000 0.332000
1 0.579000 0.547000 0.106000 0.110000
1 0.457000 0.786000 0.138000 0.112000
1 0.616000 0.061000 0.332000 0.122000
1 0.643000 0.254000 0.130000 0.120000
1 0.514000 0.663000 0.144000 0.182000
1 0.084000 0.440000 0.132000 0.144000
10 0.897000 0.066000 0.030000 0.040000
10 0.631000 0.907000 0.030000 0.046000
10 0.780000 0.358000 0.032000 0.044000
10 0.772000 0.529000 0.028000 0.042000
10 0.920000 0.163000 0.028000 0.042000
1 0.438000 0.884000 0.100000 0.092000
10 0.571000 0.906000 0.022000 0.036000
10 0.673000 0.955000 0.042000 0.034000
10 0.938000 0.114000 0.028000 0.044000
10 0.735000 0.624000 0.038000 0.056000
10 0.846000 0.199000 0.028000 0.038000
10 0.763000 0.400000 0.026000 0.044000
10 0.700000 0.563000 0.032000 0.046000
10 0.718000 0.677000 0.032000 0.050000
10 0.702000 0.722000 0.036000 0.056000
10 0.722000 0.511000 0.028000 0.042000
10 0.747000 0.438000 0.022000 0.040000
1 0.105000 0.672000 0.206000 0.116000
2 0.854000 0.256000 0.088000 0.064000
10 0.911000 0.027000 0.026000 0.042000
10 0.130000 0.595000 0.024000 0.042000
10 0.614000 0.960000 0.028000 0.052000
1 0.631000 0.391000 0.162000 0.190000
1 0.904000 0.300000 0.188000 0.584000
1 0.363000 0.317000 0.118000 0.074000
10 0.010000 0.601000 0.020000 0.038000
10 0.860000 0.308000 0.028000 0.044000
10 0.606000 0.800000 0.028000 0.048000
10 0.811000 0.285000 0.022000 0.026000
