1 0.182000 0.752000 0.128000 0.180000
1 0.747000 0.261000 0.154000 0.166000
1 0.370000 0.417000 0.164000 0.182000
1 0.882000 0.172000 0.116000 0.116000
1 0.752000 0.945000 0.124000 0.106000
1 0.773000 0.635000 0.102000 0.106000
1 0.234000 0.344000 0.100000 0.092000
10 0.903000 0.287000 0.042000 0.034000
10 0.571000 0.100000 0.050000 0.044000
1 0.223000 0.966000 0.130000 0.064000
10 0.608000 0.153000 0.040000 0.034000
10 0.296000 0.712000 0.032000 0.048000
10 0.048000 0.045000 0.032000 0.050000
10 0.160000 0.490000 0.024000 0.036000
10 0.143000 0.114000 0.030000 0.044000
1 0.035000 0.400000 0.070000 0.128000
10 0.276000 0.813000 0.032000 0.046000
10 0.204000 0.462000 0.024000 0.032000
10 0.948000 0.030000 0.036000 0.056000
1 0.734000 0.037000 0.204000 0.074000
6 0.189000 0.093000 0.034000 0.050000
6 0.231000 0.076000 0.046000 0.056000
1 0.196000 0.178000 0.120000 0.132000
1 0.481000 0.652000 0.214000 0.176000
6 0.109000 0.043000 0.070000 0.050000
1 0.063000 0.789000 0.126000 0.254000
10 0.950000 0.253000 0.032000 0.030000
1 0.969000 0.961000 0.058000 0.074000
2 0.398000 0.987000 0.068000 0.022000
1 0.487000 0.197000 0.126000 0.158000
10 0.351000 0.209000 0.042000 0.030000
1 0.385000 0.023000 0.102000 0.046000
1 0.387000 0.795000 0.114000 0.110000
10 0.076000 0.004000 0.048000 0.008000
1 0.803000 0.439000 0.106000 0.106000
1 0.975000 0.467000 0.046000 0.110000
