1 0.574000 0.134000 0.120000 0.120000
1 0.811000 0.373000 0.134000 0.146000
1 0.486000 0.368000 0.144000 0.132000
1 0.739000 0.168000 0.130000 0.128000
1 0.664000 0.398000 0.144000 0.136000
1 0.823000 0.786000 0.122000 0.128000
1 0.182000 0.273000 0.112000 0.142000
1 0.952000 0.786000 0.092000 0.112000
1 0.936000 0.343000 0.124000 0.150000
1 0.039000 0.105000 0.078000 0.118000
1 0.091000 0.534000 0.142000 0.144000
10 0.744000 0.575000 0.064000 0.042000
10 0.392000 0.452000 0.056000 0.040000
10 0.552000 0.508000 0.052000 0.036000
10 0.215000 0.379000 0.046000 0.038000
10 0.636000 0.538000 0.052000 0.032000
1 0.335000 0.043000 0.118000 0.086000
10 0.851000 0.606000 0.054000 0.036000
10 0.441000 0.470000 0.046000 0.036000
1 0.617000 0.037000 0.146000 0.074000
10 0.089000 0.320000 0.058000 0.044000
1 0.651000 0.698000 0.102000 0.128000
10 0.027000 0.288000 0.054000 0.044000
1 0.557000 0.720000 0.106000 0.116000
1 0.148000 0.116000 0.104000 0.152000
10 0.702000 0.497000 0.028000 0.050000
1 0.007000 0.471000 0.014000 0.130000
