1 0.380000 0.717000 0.296000 0.390000
1 0.929000 0.922000 0.138000 0.152000
1 0.851000 0.696000 0.110000 0.164000
1 0.387000 0.341000 0.122000 0.142000
10 0.164000 0.728000 0.044000 0.032000
10 0.231000 0.576000 0.046000 0.032000
10 0.191000 0.662000 0.038000 0.028000
10 0.691000 0.682000 0.034000 0.032000
10 0.215000 0.620000 0.042000 0.036000
10 0.333000 0.497000 0.042000 0.058000
10 0.135000 0.068000 0.046000 0.028000
1 0.871000 0.057000 0.254000 0.114000
10 0.726000 0.953000 0.028000 0.046000
10 0.027000 0.150000 0.042000 0.028000
10 0.120000 0.016000 0.048000 0.032000
10 0.135000 0.796000 0.046000 0.036000
10 0.018000 0.078000 0.032000 0.028000
10 0.024000 0.105000 0.036000 0.026000
1 0.027000 0.932000 0.054000 0.124000
10 0.827000 0.978000 0.046000 0.024000
10 0.745000 0.592000 0.018000 0.036000
1 0.654000 0.265000 0.560000 0.526000
10 0.958000 0.290000 0.028000 0.040000
1 0.642000 0.991000 0.148000 0.014000
10 0.992000 0.587000 0.012000 0.026000
7 0.577430 0.206570 0.302860 0.257140
