1 0.079000 0.797000 0.158000 0.374000
10 0.901000 0.570000 0.034000 0.036000
10 0.057000 0.979000 0.042000 0.038000
10 0.962000 0.630000 0.052000 0.052000
1 0.222000 0.923000 0.288000 0.154000
10 0.117000 0.854000 0.026000 0.040000
1 0.807000 0.823500 0.190000 0.275000
1 0.270150 0.296500 0.540300 0.593000
1 0.349000 0.858000 0.214000 0.176000
1 0.552500 0.787000 0.201000 0.186000
1 0.552000 0.472500 0.280000 0.345000
2 0.960000 0.777500 0.080000 0.083000
2 0.963000 0.920000 0.074000 0.108000
1 0.688000 0.941000 0.196000 0.118000
