1 0.630500 0.397000 0.737000 0.702000
1 0.921500 0.764000 0.087000 0.096000
10 0.014000 0.964000 0.028000 0.044000
10 0.707000 0.731000 0.050000 0.034000
6 0.589000 0.771000 0.050000 0.038000
10 0.949000 0.652000 0.046000 0.036000
10 0.476000 0.804000 0.044000 0.036000
10 0.652000 0.701000 0.056000 0.034000
10 0.529000 0.785000 0.054000 0.046000
10 0.016000 0.878000 0.032000 0.032000
6 0.662000 0.746000 0.056000 0.040000
6 0.769000 0.708000 0.058000 0.040000
10 0.824000 0.697000 0.048000 0.034000
6 0.890500 0.676500 0.069000 0.041000
10 0.307000 0.861000 0.046000 0.030000
10 0.225000 0.890500 0.046000 0.029000
10 0.362510 0.789000 0.041020 0.030000
10 0.402490 0.775490 0.040980 0.030980
10 0.435500 0.745500 0.047000 0.043000
10 0.189500 0.832500 0.047000 0.029000
10 0.985000 0.633500 0.030000 0.043000
1 0.061000 0.803000 0.122000 0.122000
10 0.113000 0.852000 0.058000 0.028000
1 0.145500 0.170500 0.283000 0.325000
1 0.326000 0.927000 0.308000 0.142000
1 0.865000 0.123000 0.262000 0.246000
1 0.064000 0.642000 0.128000 0.192000
