1 0.513000 0.701000 0.110000 0.098000
1 0.281000 0.689000 0.086000 0.130000
1 0.663000 0.890000 0.114000 0.124000
1 0.189000 0.955000 0.098000 0.086000
1 0.032000 0.732000 0.064000 0.116000
10 0.684000 0.608000 0.056000 0.032000
1 0.028000 0.957000 0.056000 0.082000
1 0.872000 0.872000 0.052000 0.116000
1 0.857000 0.730000 0.098000 0.140000
10 0.529000 0.610000 0.050000 0.028000
1 0.381000 0.731000 0.130000 0.102000
10 0.939000 0.987000 0.046000 0.022000
10 0.980000 0.984000 0.036000 0.028000
10 0.888000 0.989000 0.056000 0.018000
1 0.116000 0.715000 0.112000 0.106000
1 0.663000 0.701000 0.142000 0.098000
1 0.947000 0.835000 0.102000 0.142000
10 0.007000 0.608000 0.014000 0.032000
1 0.215000 0.846000 0.074000 0.104000
