1 0.753000 0.559000 0.278000 0.278000
1 0.133000 0.670000 0.266000 0.184000
1 0.366000 0.738000 0.180000 0.172000
2 0.228000 0.540000 0.064000 0.092000
1 0.945000 0.737000 0.106000 0.134000
1 0.308000 0.254000 0.616000 0.508000
10 0.337000 0.927000 0.038000 0.050000
2 0.507000 0.747000 0.086000 0.078000
2 0.701000 0.313000 0.098000 0.094000
10 0.847000 0.917000 0.038000 0.042000
1 0.671000 0.934000 0.546000 0.128000
10 0.888000 0.943000 0.048000 0.046000
2 0.406000 0.605000 0.064000 0.102000
10 0.756000 0.837000 0.052000 0.054000
10 0.295000 0.978000 0.038000 0.040000
10 0.928000 0.978000 0.032000 0.040000
1 0.143000 0.985000 0.130000 0.026000
10 0.406000 0.009000 0.052000 0.018000
