1 0.086000 0.421000 0.172000 0.222000
1 0.774000 0.689000 0.448000 0.602000
6 0.386000 0.478000 0.064000 0.060000
6 0.305000 0.530000 0.062000 0.060000
10 0.440000 0.426000 0.044000 0.044000
6 0.925000 0.127000 0.074000 0.062000
1 0.327000 0.102000 0.222000 0.188000
10 0.061000 0.566000 0.042000 0.044000
10 0.091000 0.603000 0.042000 0.042000
1 0.635510 0.213360 0.559020 0.402720
10 0.773000 0.228000 0.046000 0.036000
1 0.372000 0.786000 0.428000 0.424000
10 0.016000 0.503000 0.032000 0.050000
10 0.076000 0.683000 0.048000 0.042000
10 0.026000 0.717000 0.044000 0.046000
1 0.879000 0.913000 0.166000 0.170000
10 0.533000 0.400000 0.042000 0.032000
2 0.813000 0.250000 0.074000 0.080000
10 0.008000 0.766000 0.016000 0.032000
10 0.477000 0.375000 0.030000 0.030000
2 0.703000 0.255000 0.066000 0.074000
10 0.255000 0.516000 0.034000 0.032000
1 0.975000 0.172000 0.046000 0.196000
1 0.633440 0.704710 0.186880 0.173420
