1 0.282000 0.172000 0.216000 0.228000
10 0.459000 0.518000 0.046000 0.036000
10 0.841000 0.739000 0.046000 0.038000
10 0.727000 0.675000 0.046000 0.046000
6 0.684000 0.020000 0.052000 0.040000
10 0.109000 0.308000 0.034000 0.032000
10 0.797000 0.280000 0.042000 0.040000
10 0.786000 0.709000 0.048000 0.042000
10 0.962000 0.749000 0.048000 0.038000
10 0.801000 0.027000 0.046000 0.042000
10 0.982000 0.393000 0.032000 0.038000
10 0.920000 0.353000 0.048000 0.042000
1 0.917000 0.567380 0.166000 0.150760
2 0.082000 0.205000 0.052000 0.070000
1 0.964000 0.319000 0.068000 0.166000
1 0.744920 0.158150 0.377840 0.276300
1 0.544620 0.338310 0.389240 0.284620
1 0.758150 0.513080 0.132300 0.126160
1 0.461080 0.046150 0.226160 0.092300
