2 0.160000 0.867000 0.096000 0.126000
2 0.340000 0.544000 0.080000 0.088000
5 0.570000 0.465000 0.124000 0.142000
6 0.601000 0.674000 0.074000 0.048000
10 0.681000 0.466000 0.042000 0.048000
6 0.756000 0.295000 0.060000 0.066000
6 0.394000 0.788000 0.040000 0.068000
10 0.691000 0.351000 0.042000 0.046000
2 0.501000 0.542000 0.106000 0.108000
2 0.159000 0.694000 0.066000 0.056000
10 0.387000 0.719000 0.034000 0.058000
10 0.412000 0.839000 0.040000 0.042000
2 0.258000 0.626000 0.084000 0.088000
5 0.210000 0.554800 0.064000 0.085600
10 0.368000 0.827000 0.040000 0.046000
10 0.967000 0.039000 0.038000 0.042000
10 0.696000 0.985000 0.040000 0.026000
10 0.412000 0.673000 0.040000 0.050000
10 0.255000 0.560000 0.038000 0.056000
5 0.139810 0.458810 0.075620 0.097620
1 0.523000 0.192000 0.498000 0.384000
1 0.950000 0.603000 0.096000 0.318000
5 0.044420 0.312820 0.088840 0.093640
5 0.710020 0.157020 0.108040 0.126040
