1 0.724310 0.164000 0.292620 0.328000
6 0.943000 0.155000 0.054000 0.058000
10 0.821000 0.396000 0.042000 0.048000
1 0.239000 0.083000 0.234000 0.166000
6 0.763000 0.367000 0.046000 0.054000
10 0.832000 0.287000 0.036000 0.038000
10 0.865000 0.249000 0.038000 0.042000
10 0.629000 0.626000 0.038000 0.040000
10 0.514000 0.679000 0.036000 0.046000
10 0.575000 0.700000 0.034000 0.040000
10 0.974000 0.216000 0.040000 0.040000
10 0.540000 0.636000 0.036000 0.040000
1 0.320170 0.768940 0.360340 0.461880
10 0.458000 0.768000 0.028000 0.036000
10 0.550000 0.735000 0.036000 0.046000
10 0.391000 0.987000 0.042000 0.022000
10 0.798000 0.324000 0.040000 0.044000
1 0.869000 0.692000 0.258000 0.604000
10 0.341000 0.955000 0.034000 0.042000
10 0.941000 0.254000 0.042000 0.044000
2 0.695000 0.501000 0.098000 0.098000
1 0.104000 0.747000 0.208000 0.502000
10 0.620570 0.726450 0.033140 0.036900
10 0.774170 0.534060 0.024340 0.028120
10 0.704840 0.621010 0.025680 0.030020
10 0.741640 0.574920 0.039280 0.041840
10 0.614750 0.546610 0.033500 0.037220
1 0.087480 0.200500 0.170960 0.221000
1 0.857690 0.060000 0.195380 0.120000
