1 0.645000 0.417000 0.126000 0.110000
1 0.230000 0.477000 0.112000 0.146000
1 0.529000 0.663000 0.106000 0.106000
1 0.587000 0.120000 0.158000 0.176000
1 0.253000 0.145000 0.122000 0.126000
1 0.844000 0.153000 0.080000 0.106000
1 0.758000 0.163000 0.112000 0.118000
1 0.057000 0.728000 0.114000 0.124000
1 0.895000 0.425000 0.154000 0.138000
1 0.332000 0.043000 0.092000 0.086000
10 0.686000 0.783000 0.032000 0.050000
10 0.703000 0.259000 0.046000 0.026000
10 0.514000 0.810000 0.044000 0.028000
10 0.932000 0.751000 0.024000 0.050000
10 0.292000 0.244000 0.040000 0.028000
10 0.389000 0.508000 0.050000 0.036000
1 0.906000 0.028000 0.084000 0.056000
10 0.491000 0.860000 0.046000 0.028000
10 0.078000 0.237000 0.044000 0.026000
10 0.541000 0.764000 0.038000 0.028000
1 0.141000 0.505000 0.066000 0.098000
10 0.730000 0.767000 0.028000 0.046000
10 0.580000 0.897000 0.032000 0.030000
10 0.956000 0.761000 0.032000 0.042000
1 0.016000 0.577000 0.032000 0.102000
10 0.726000 0.404000 0.028000 0.048000
1 0.433000 0.152000 0.158000 0.132000
10 0.529000 0.982000 0.034000 0.032000
1 0.039000 0.403000 0.078000 0.142000
10 0.892000 0.334000 0.056000 0.020000
10 0.008000 0.231000 0.016000 0.030000
10 0.608000 0.853000 0.032000 0.034000
10 0.561000 0.726000 0.042000 0.028000
1 0.688000 0.525000 0.120000 0.114000
10 0.367000 0.381000 0.034000 0.046000
11 0.255220 0.973000 0.066440 0.054000
1 0.957000 0.627000 0.082000 0.270000
10 0.907000 0.269000 0.046000 0.026000
1 0.313000 0.751000 0.238000 0.218000
1 0.519000 0.412000 0.118000 0.136000
1 0.149000 0.066000 0.090000 0.124000
1 0.991000 0.210000 0.014000 0.092000
