1 0.291000 0.772000 0.190000 0.204000
1 0.585000 0.509000 0.246000 0.186000
1 0.788000 0.142000 0.188000 0.164000
1 0.177000 0.521000 0.138000 0.142000
1 0.819000 0.428000 0.130000 0.144000
1 0.415000 0.166000 0.130000 0.096000
1 0.237000 0.389000 0.130000 0.086000
1 0.936000 0.828000 0.124000 0.176000
1 0.067000 0.744000 0.102000 0.100000
1 0.547000 0.751000 0.138000 0.134000
1 0.781000 0.592000 0.094000 0.120000
1 0.670000 0.796000 0.140000 0.176000
1 0.943000 0.032000 0.110000 0.064000
1 0.703000 0.029000 0.158000 0.058000
10 0.269000 0.656000 0.058000 0.028000
1 0.957000 0.506000 0.082000 0.200000
1 0.350000 0.494000 0.236000 0.212000
1 0.235000 0.089000 0.126000 0.066000
1 0.018000 0.482000 0.036000 0.128000
2 0.800000 0.962000 0.056000 0.072000
2 0.787000 0.747000 0.102000 0.050000
1 0.269000 0.973000 0.534000 0.050000
10 0.992000 0.211000 0.012000 0.038000
2 0.888000 0.685000 0.056000 0.074000
1 0.008000 0.095000 0.016000 0.182000
