2 0.045000 0.236000 0.090000 0.128000
2 0.886000 0.677000 0.124000 0.050000
2 0.751000 0.735000 0.042000 0.082000
2 0.289000 0.035000 0.090000 0.070000
10 0.928000 0.650000 0.032000 0.032000
1 0.260000 0.906000 0.496000 0.184000
10 0.505000 0.158000 0.034000 0.044000
10 0.640000 0.812000 0.052000 0.032000
1 0.733000 0.118000 0.262000 0.236000
1 0.913000 0.484000 0.170000 0.372000
2 0.020000 0.693000 0.040000 0.074000
2 0.012000 0.578000 0.024000 0.112000
1 0.798620 0.256000 0.209240 0.220000
1 0.702000 0.954000 0.192000 0.092000
