1 0.082000 0.880000 0.164000 0.172000
1 0.908000 0.303000 0.180000 0.202000
1 0.850000 0.115000 0.296000 0.214000
2 0.624000 0.615000 0.064000 0.094000
1 0.866000 0.867000 0.264000 0.262000
1 0.264000 0.909000 0.168000 0.154000
1 0.841000 0.592000 0.314000 0.288000
1 0.582000 0.412000 0.280000 0.248000
10 0.427000 0.589000 0.050000 0.062000
10 0.320000 0.439000 0.040000 0.046000
10 0.247000 0.339000 0.038000 0.042000
6 0.377000 0.512000 0.046000 0.048000
6 0.319000 0.814000 0.042000 0.048000
10 0.675000 0.915000 0.038000 0.046000
10 0.362000 0.874000 0.032000 0.028000
10 0.256000 0.685000 0.040000 0.046000
10 0.017000 0.404000 0.030000 0.032000
1 0.112000 0.649000 0.224000 0.350000
1 0.546000 0.160000 0.176000 0.240000
1 0.266000 0.090000 0.392000 0.180000
