9 0.071000 0.881000 0.142000 0.106000
10 0.654000 0.774000 0.052000 0.040000
10 0.946000 0.939000 0.052000 0.046000
10 0.179000 0.504000 0.046000 0.044000
10 0.213000 0.549000 0.050000 0.046000
10 0.074000 0.444000 0.052000 0.044000
10 0.503000 0.687000 0.046000 0.042000
10 0.116000 0.498000 0.048000 0.040000
10 0.897000 0.969000 0.054000 0.042000
1 0.790000 0.373000 0.416000 0.342000
10 0.273000 0.559000 0.038000 0.038000
6 0.832000 0.580000 0.036000 0.060000
6 0.020000 0.189000 0.040000 0.050000
6 0.068000 0.229000 0.056000 0.054000
9 0.341090 0.915890 0.238180 0.135780
9 0.315000 0.939000 0.262000 0.122000
9 0.229270 0.958560 0.058540 0.045120
9 0.084780 0.834080 0.169560 0.120160
10 0.118950 0.279260 0.045900 0.058520
