1 0.779000 0.615000 0.142000 0.102000
1 0.876000 0.811000 0.244000 0.302000
1 0.528000 0.162000 0.100000 0.108000
1 0.920000 0.097000 0.156000 0.194000
1 0.823000 0.314000 0.110000 0.128000
1 0.797000 0.461000 0.134000 0.170000
10 0.175000 0.683000 0.038000 0.042000
1 0.313000 0.570000 0.454000 0.460000
10 0.742000 0.284000 0.024000 0.036000
10 0.948000 0.712000 0.048000 0.036000
10 0.735000 0.330000 0.030000 0.052000
10 0.763000 0.193000 0.026000 0.042000
10 0.566000 0.545000 0.032000 0.038000
10 0.704000 0.789000 0.032000 0.042000
10 0.439000 0.192000 0.038000 0.044000
10 0.796000 0.048000 0.028000 0.044000
10 0.774000 0.147000 0.024000 0.038000
10 0.336000 0.156000 0.024000 0.032000
10 0.546000 0.585000 0.028000 0.034000
10 0.742000 0.805000 0.032000 0.046000
10 0.784000 0.895000 0.032000 0.042000
1 0.689000 0.037000 0.122000 0.074000
10 0.786000 0.098000 0.028000 0.048000
10 0.657000 0.480000 0.038000 0.068000
10 0.207000 0.867000 0.042000 0.042000
10 0.485000 0.407000 0.038000 0.058000
10 0.765000 0.978000 0.034000 0.040000
10 0.071000 0.581000 0.042000 0.042000
10 0.402000 0.243000 0.036000 0.054000
1 0.613000 0.346000 0.126000 0.152000
10 0.700000 0.469000 0.024000 0.042000
1 0.431000 0.014000 0.122000 0.028000
6 0.989000 0.285000 0.018000 0.062000
1 0.552000 0.058000 0.068000 0.100000
10 0.939000 0.563000 0.026000 0.046000
10 0.601000 0.638000 0.026000 0.028000
1 0.915000 0.436000 0.074000 0.084000
