1 0.730000 0.638000 0.256000 0.264000
10 0.518000 0.216000 0.044000 0.044000
5 0.492000 0.189000 0.152000 0.122000
10 0.208000 0.619000 0.048000 0.046000
10 0.180000 0.407000 0.044000 0.042000
1 0.341000 0.909000 0.114000 0.106000
10 0.133000 0.899000 0.050000 0.042000
10 0.186000 0.311000 0.044000 0.042000
5 0.302030 0.339200 0.164060 0.122400
10 0.305000 0.377000 0.046000 0.046000
10 0.091000 0.376000 0.042000 0.036000
10 0.186000 0.355000 0.044000 0.038000
10 0.707000 0.075000 0.046000 0.042000
10 0.212000 0.907000 0.036000 0.038000
10 0.360000 0.846000 0.040000 0.028000
10 0.364000 0.226000 0.044000 0.040000
10 0.392000 0.161000 0.044000 0.038000
6 0.028000 0.731000 0.056000 0.054000
10 0.633000 0.120000 0.046000 0.040000
10 0.595000 0.056000 0.042000 0.044000
10 0.633000 0.078000 0.046000 0.044000
10 0.275000 0.249000 0.046000 0.038000
10 0.779000 0.018000 0.042000 0.036000
10 0.088000 0.925000 0.040000 0.038000
1 0.936000 0.936000 0.088000 0.088000
10 0.241000 0.834000 0.038000 0.032000
10 0.787000 0.317000 0.046000 0.034000
10 0.187000 0.869000 0.058000 0.046000
6 0.298000 0.282000 0.056000 0.048000
10 0.008000 0.541000 0.016000 0.054000
1 0.688000 0.922000 0.232000 0.152000
10 0.685000 0.008000 0.046000 0.016000
1 0.978000 0.839000 0.040000 0.098000
10 0.498020 0.956980 0.064040 0.033960
