10 0.330000 0.973000 0.032000 0.042000
6 0.426000 0.892000 0.044000 0.056000
2 0.698000 0.736000 0.112000 0.120000
10 0.717000 0.524000 0.046000 0.040000
2 0.798000 0.608000 0.068000 0.088000
10 0.628000 0.589000 0.056000 0.042000
2 0.518000 0.431000 0.084000 0.110000
10 0.934000 0.737000 0.048000 0.042000
10 0.863000 0.627000 0.050000 0.042000
10 0.756000 0.849000 0.040000 0.050000
10 0.439000 0.814000 0.042000 0.048000
10 0.904000 0.654000 0.040000 0.040000
1 0.410000 0.061000 0.208000 0.122000
10 0.975000 0.771000 0.046000 0.046000
10 0.867000 0.987000 0.034000 0.022000
10 0.837000 0.874000 0.046000 0.056000
1 0.208770 0.793920 0.377540 0.287840
2 0.548000 0.729000 0.104000 0.106000
5 0.786000 0.793000 0.084000 0.106000
1 0.955000 0.046000 0.086000 0.092000
1 0.830000 0.153000 0.188000 0.166000
1 0.854000 0.514000 0.292000 0.368000
10 0.992000 0.728000 0.012000 0.040000
5 0.925540 0.954620 0.083080 0.089240
1 0.614460 0.227230 0.276920 0.298460
1 0.130000 0.312460 0.260000 0.196920
1 0.070000 0.211690 0.140000 0.175380
1 0.339850 0.598620 0.307700 0.269240
1 0.172310 0.501380 0.344620 0.330760
