1 0.215000 0.744000 0.430000 0.508000
1 0.563000 0.328000 0.318000 0.344000
6 0.373000 0.222000 0.054000 0.068000
2 0.567000 0.889000 0.106000 0.074000
10 0.699000 0.841000 0.046000 0.046000
10 0.227000 0.296000 0.038000 0.048000
10 0.787000 0.636000 0.046000 0.032000
10 0.304000 0.483000 0.040000 0.050000
10 0.372000 0.504000 0.032000 0.044000
10 0.834000 0.705000 0.032000 0.034000
10 0.064000 0.059000 0.044000 0.054000
1 0.922000 0.271000 0.152000 0.290000
6 0.980000 0.630000 0.036000 0.060000
6 0.354000 0.540000 0.040000 0.056000
1 0.947000 0.924000 0.102000 0.148000
10 0.752000 0.980000 0.032000 0.036000
10 0.709380 0.694750 0.038760 0.037500
10 0.747000 0.667000 0.050000 0.042000
10 0.619000 0.745000 0.046000 0.038000
1 0.897000 0.017000 0.202000 0.034000
1 0.100000 0.275000 0.200000 0.410000
1 0.388310 0.114620 0.244620 0.229240
10 0.647380 0.786310 0.050760 0.044620
10 0.663850 0.721080 0.047700 0.046160
