1 0.367000 0.927000 0.158000 0.142000
1 0.633000 0.798000 0.110000 0.124000
1 0.144000 0.964000 0.124000 0.068000
1 0.830000 0.705000 0.160000 0.162000
10 0.591000 0.333000 0.046000 0.034000
1 0.948000 0.647000 0.100000 0.122000
10 0.697000 0.128000 0.046000 0.040000
10 0.352000 0.415000 0.044000 0.034000
10 0.508000 0.689000 0.040000 0.030000
10 0.907000 0.169000 0.046000 0.038000
10 0.786000 0.086000 0.048000 0.036000
10 0.955000 0.038000 0.050000 0.040000
10 0.613000 0.645000 0.042000 0.034000
10 0.102000 0.869000 0.056000 0.046000
2 0.971000 0.454000 0.054000 0.092000
10 0.286000 0.285000 0.028000 0.026000
1 0.786000 0.841000 0.112000 0.102000
10 0.991000 0.164000 0.014000 0.028000
