1 0.777000 0.858000 0.418000 0.172000
1 0.612000 0.085000 0.144000 0.170000
10 0.441000 0.180000 0.046000 0.044000
10 0.136000 0.679000 0.044000 0.038000
10 0.613000 0.958000 0.042000 0.036000
10 0.107000 0.055000 0.042000 0.046000
10 0.594000 0.659000 0.044000 0.050000
1 0.098000 0.947000 0.192000 0.102000
10 0.514000 0.848000 0.044000 0.032000
10 0.520000 0.569000 0.040000 0.046000
10 0.044000 0.014000 0.052000 0.028000
1 0.862000 0.338000 0.272000 0.620000
10 0.248000 0.964000 0.048000 0.032000
10 0.294000 0.974000 0.044000 0.032000
10 0.694000 0.390000 0.036000 0.056000
10 0.560000 0.308000 0.028000 0.044000
10 0.155000 0.086000 0.050000 0.044000
10 0.522000 0.274000 0.028000 0.036000
10 0.469000 0.615000 0.038000 0.046000
10 0.123000 0.884000 0.038000 0.028000
10 0.082000 0.582000 0.044000 0.036000
10 0.096000 0.779000 0.044000 0.050000
10 0.017000 0.673000 0.034000 0.034000
10 0.659000 0.982000 0.042000 0.032000
10 0.166000 0.790000 0.036000 0.056000
1 0.315000 0.629000 0.214000 0.242000
6 0.313000 0.016000 0.054000 0.032000
10 0.410000 0.786000 0.044000 0.028000
10 0.972000 0.974000 0.028000 0.032000
10 0.425000 0.740000 0.046000 0.036000
10 0.428000 0.698000 0.048000 0.036000
10 0.531000 0.761000 0.038000 0.022000
10 0.989000 0.937000 0.018000 0.042000
