1 0.730000 0.395000 0.176000 0.154000
1 0.091000 0.107000 0.134000 0.158000
1 0.834000 0.652000 0.208000 0.240000
1 0.624000 0.154000 0.120000 0.136000
10 0.648000 0.553000 0.028000 0.042000
1 0.548000 0.908000 0.228000 0.180000
1 0.259000 0.251000 0.454000 0.498000
10 0.562000 0.330000 0.032000 0.056000
6 0.465000 0.464000 0.054000 0.032000
10 0.628000 0.506000 0.028000 0.052000
10 0.664000 0.597000 0.032000 0.046000
5 0.462480 0.221090 0.052960 0.078180
10 0.495000 0.156000 0.034000 0.044000
1 0.964000 0.391000 0.068000 0.234000
10 0.582000 0.381000 0.028000 0.046000
1 0.604000 0.045000 0.116000 0.090000
10 0.456000 0.053000 0.036000 0.050000
1 0.305000 0.680000 0.610000 0.260000
10 0.598000 0.420000 0.032000 0.044000
10 0.411000 0.146000 0.034000 0.036000
1 0.880000 0.223000 0.236000 0.162000
10 0.513000 0.206000 0.026000 0.044000
10 0.436000 0.014000 0.032000 0.028000
10 0.356000 0.026000 0.028000 0.024000
6 0.475000 0.105000 0.038000 0.062000
10 0.612000 0.456000 0.024000 0.020000
10 0.427190 0.510790 0.038380 0.025580
10 0.376220 0.517470 0.044440 0.026940
10 0.272890 0.537450 0.045780 0.022900
10 0.223550 0.544440 0.043100 0.020880
10 0.168890 0.553780 0.045780 0.023560
10 0.682500 0.643920 0.033000 0.051840
4 0.407000 0.942000 0.110000 0.116000
