1 0.233000 0.860000 0.462000 0.240000
1 0.823000 0.906000 0.350000 0.184000
10 0.633000 0.780000 0.046000 0.032000
10 0.439000 0.538000 0.050000 0.052000
10 0.695000 0.788000 0.050000 0.032000
10 0.685000 0.732000 0.038000 0.024000
10 0.430000 0.594000 0.052000 0.044000
10 0.774000 0.062000 0.040000 0.048000
10 0.531000 0.830000 0.038000 0.032000
10 0.527000 0.858000 0.038000 0.032000
10 0.523000 0.932000 0.046000 0.032000
10 0.514000 0.966000 0.044000 0.028000
10 0.738000 0.124000 0.032000 0.048000
10 0.701000 0.538000 0.042000 0.024000
10 0.813000 0.722000 0.046000 0.028000
10 0.401000 0.453000 0.046000 0.030000
2 0.453000 0.696000 0.130000 0.052000
1 0.753000 0.382000 0.138000 0.132000
1 0.335000 0.383000 0.670000 0.610000
1 0.950000 0.624000 0.096000 0.372000
10 0.066000 0.059000 0.052000 0.038000
2 0.654000 0.420000 0.080000 0.032000
10 0.695000 0.588000 0.042000 0.028000
10 0.525000 0.888000 0.042000 0.028000
