10 0.387000 0.216000 0.050000 0.044000
6 0.858000 0.385000 0.040000 0.062000
10 0.886000 0.330000 0.040000 0.052000
10 0.738000 0.759000 0.032000 0.046000
10 0.832000 0.575000 0.036000 0.050000
10 0.964000 0.316000 0.032000 0.052000
10 0.916000 0.271000 0.036000 0.050000
10 0.660000 0.767000 0.028000 0.046000
10 0.800000 0.939000 0.048000 0.046000
10 0.614000 0.862000 0.028000 0.040000
10 0.784000 0.529000 0.032000 0.050000
10 0.830000 0.440000 0.032000 0.044000
1 0.655000 0.586000 0.190000 0.180000
10 0.710000 0.812000 0.032000 0.052000
10 0.636000 0.817000 0.032000 0.042000
10 0.849000 0.960000 0.042000 0.040000
10 0.902000 0.437000 0.028000 0.042000
10 0.788000 0.665000 0.032000 0.046000
10 0.453000 0.168000 0.030000 0.052000
10 0.984000 0.181000 0.028000 0.038000
2 0.738000 0.691000 0.088000 0.070000
10 0.985000 0.276000 0.026000 0.048000
10 0.763000 0.571000 0.030000 0.050000
1 0.320000 0.078000 0.340000 0.156000
5 0.673000 0.967000 0.078000 0.038000
1 0.411000 0.827000 0.482000 0.342000
1 0.079000 0.183000 0.158000 0.238000
2 0.174000 0.259000 0.064000 0.058000
