1 0.782000 0.936000 0.140000 0.124000
1 0.887000 0.724000 0.158000 0.152000
1 0.345000 0.909000 0.146000 0.170000
1 0.778000 0.456000 0.116000 0.124000
1 0.203000 0.675000 0.118000 0.122000
1 0.239000 0.283000 0.150000 0.162000
1 0.868000 0.202000 0.144000 0.132000
1 0.624000 0.527000 0.100000 0.102000
1 0.396000 0.417000 0.132000 0.138000
1 0.130000 0.800000 0.124000 0.128000
1 0.467000 0.071000 0.118000 0.114000
1 0.571000 0.656000 0.150000 0.156000
1 0.469000 0.761000 0.150000 0.134000
1 0.099000 0.135000 0.118000 0.122000
1 0.552000 0.170000 0.144000 0.148000
10 0.461000 0.241000 0.050000 0.050000
2 0.554000 0.372000 0.092000 0.080000
10 0.124000 0.914000 0.040000 0.032000
10 0.356000 0.139000 0.040000 0.050000
10 0.269000 0.846000 0.030000 0.036000
10 0.081000 0.891000 0.046000 0.042000
2 0.962000 0.287000 0.064000 0.118000
10 0.263000 0.049000 0.046000 0.042000
10 0.395000 0.173000 0.042000 0.042000
10 0.742000 0.224000 0.040000 0.044000
10 0.033000 0.843000 0.042000 0.042000
10 0.438000 0.605000 0.028000 0.038000
10 0.881000 0.284000 0.050000 0.032000
1 0.895000 0.479000 0.114000 0.150000
1 0.049000 0.037000 0.094000 0.074000
10 0.008000 0.807000 0.016000 0.034000
1 0.830000 0.043000 0.116000 0.086000
10 0.301000 0.085000 0.034000 0.030000
10 0.969000 0.476000 0.034000 0.056000
10 0.212000 0.916000 0.036000 0.036000
10 0.145000 0.989000 0.054000 0.018000
10 0.992000 0.925000 0.012000 0.038000
1 0.014000 0.624000 0.028000 0.112000
1 0.014000 0.969000 0.028000 0.058000
1 0.382000 0.008000 0.180000 0.016000
