1 0.929000 0.774000 0.138000 0.200000
1 0.660000 0.777000 0.176000 0.186000
2 0.779000 0.480000 0.062000 0.068000
2 0.491000 0.754000 0.070000 0.084000
10 0.943000 0.555000 0.038000 0.046000
10 0.759000 0.673000 0.038000 0.042000
2 0.473000 0.856000 0.062000 0.056000
2 0.880000 0.373000 0.060000 0.078000
10 0.502000 0.939000 0.040000 0.046000
10 0.969000 0.597000 0.042000 0.046000
10 0.918000 0.508000 0.040000 0.056000
10 0.422000 0.856000 0.040000 0.028000
2 0.851000 0.484000 0.066000 0.068000
1 0.454000 0.955000 0.200000 0.086000
10 0.530000 0.976000 0.032000 0.036000
1 0.804000 0.952000 0.288000 0.092000
10 0.991000 0.641000 0.014000 0.042000
1 0.207000 0.864000 0.178000 0.148000
10 0.989000 0.315000 0.018000 0.034000
1 0.982000 0.488000 0.032000 0.288000
1 0.291340 0.775550 0.146680 0.139100
1 0.141620 0.594600 0.283240 0.345200
