1 0.101000 0.104000 0.202000 0.208000
1 0.626000 0.121000 0.108000 0.130000
1 0.886000 0.072000 0.152000 0.140000
10 0.514000 0.068000 0.044000 0.028000
2 0.053000 0.292000 0.078000 0.104000
10 0.715000 0.866000 0.042000 0.032000
1 0.248000 0.638000 0.420000 0.296000
10 0.769000 0.862000 0.042000 0.032000
1 0.141000 0.888000 0.282000 0.220000
10 0.173000 0.737000 0.046000 0.042000
2 0.405000 0.039000 0.090000 0.078000
1 0.531000 0.964000 0.138000 0.068000
1 0.749000 0.152000 0.150000 0.208000
10 0.624000 0.806000 0.048000 0.032000
10 0.788000 0.786000 0.052000 0.028000
10 0.923000 0.852000 0.050000 0.028000
10 0.696000 0.023000 0.040000 0.022000
10 0.785000 0.008000 0.046000 0.016000
10 0.516000 0.886000 0.048000 0.024000
1 0.890000 0.316000 0.180000 0.176000
10 0.978000 0.083000 0.032000 0.050000
10 0.962000 0.041000 0.028000 0.030000
2 0.010000 0.675000 0.020000 0.074000
2 0.275000 0.016000 0.078000 0.032000
10 0.973000 0.846000 0.050000 0.028000
10 0.952000 0.013000 0.028000 0.026000
10 0.877000 0.854000 0.042000 0.024000
1 0.674000 0.470000 0.648000 0.612000
1 0.278000 0.313000 0.164000 0.222000
