1 0.719000 0.365000 0.098000 0.138000
1 0.067000 0.652000 0.134000 0.100000
1 0.166000 0.897000 0.124000 0.138000
1 0.807000 0.497000 0.070000 0.098000
1 0.849000 0.142000 0.198000 0.284000
1 0.130000 0.112000 0.260000 0.224000
10 0.466000 0.127000 0.048000 0.030000
10 0.458000 0.082000 0.048000 0.036000
10 0.656000 0.474000 0.028000 0.052000
1 0.767000 0.853000 0.462000 0.290000
10 0.443000 0.038000 0.046000 0.036000
6 0.476000 0.233000 0.076000 0.050000
10 0.987000 0.150000 0.022000 0.028000
10 0.572000 0.377000 0.028000 0.054000
10 0.975000 0.041000 0.046000 0.034000
6 0.982000 0.198000 0.032000 0.040000
1 0.643000 0.017000 0.094000 0.034000
1 0.165000 0.437000 0.330000 0.514000
1 0.373000 0.904000 0.198000 0.188000
1 0.913000 0.461000 0.170000 0.298000
6 0.958000 0.010000 0.056000 0.020000
10 0.985000 0.111000 0.026000 0.030000
10 0.480000 0.190000 0.048000 0.036000
10 0.992000 0.241000 0.012000 0.034000
10 0.930000 0.091000 0.028000 0.026000
10 0.670000 0.546000 0.036000 0.056000
1 0.490000 0.417000 0.204000 0.258000
6 0.614480 0.293470 0.036960 0.066940
