1 0.730000 0.360000 0.140000 0.136000
1 0.113000 0.694000 0.162000 0.120000
1 0.534000 0.309000 0.172000 0.106000
1 0.950000 0.465000 0.096000 0.094000
1 0.556000 0.429000 0.128000 0.106000
1 0.638000 0.798000 0.112000 0.144000
1 0.833000 0.807000 0.110000 0.134000
1 0.643000 0.119000 0.110000 0.090000
1 0.356000 0.313000 0.132000 0.134000
1 0.251000 0.718000 0.130000 0.116000
1 0.360000 0.439000 0.152000 0.138000
1 0.316000 0.035000 0.120000 0.070000
1 0.612000 0.034000 0.152000 0.068000
1 0.423000 0.931000 0.118000 0.134000
1 0.099000 0.286000 0.098000 0.136000
1 0.758000 0.527000 0.148000 0.090000
1 0.071000 0.439000 0.142000 0.106000
1 0.760000 0.124000 0.116000 0.084000
1 0.863000 0.358000 0.078000 0.092000
1 0.895000 0.133000 0.114000 0.066000
1 0.957000 0.367000 0.082000 0.102000
1 0.117000 0.043000 0.122000 0.086000
10 0.806000 0.634000 0.060000 0.028000
10 0.326000 0.216000 0.048000 0.028000
10 0.525000 0.622000 0.042000 0.024000
10 0.584000 0.234000 0.052000 0.036000
1 0.439000 0.023000 0.094000 0.046000
10 0.937000 0.264000 0.050000 0.036000
10 0.636000 0.236000 0.052000 0.036000
10 0.926000 0.650000 0.056000 0.024000
10 0.274000 0.212000 0.048000 0.032000
1 0.964000 0.788000 0.068000 0.116000
10 0.814000 0.254000 0.056000 0.032000
10 0.111000 0.165000 0.050000 0.030000
10 0.060000 0.158000 0.052000 0.032000
1 0.364000 0.680000 0.108000 0.128000
10 0.428000 0.224000 0.048000 0.028000
1 0.197000 0.363000 0.150000 0.134000
10 0.712000 0.619000 0.048000 0.026000
10 0.289000 0.598000 0.046000 0.024000
10 0.014000 0.156000 0.028000 0.028000
1 0.658000 0.554000 0.060000 0.092000
