1 0.485000 0.486000 0.230000 0.320000
1 0.894000 0.406000 0.208000 0.288000
10 0.416000 0.339000 0.032000 0.042000
10 0.885000 0.722000 0.042000 0.056000
10 0.389000 0.384000 0.030000 0.040000
10 0.858000 0.610000 0.032000 0.048000
10 0.937000 0.797000 0.034000 0.050000
10 0.655000 0.225000 0.042000 0.062000
2 0.709000 0.067000 0.070000 0.094000
10 0.770000 0.455000 0.040000 0.050000
10 0.790000 0.557000 0.036000 0.050000
2 0.350000 0.063000 0.068000 0.098000
10 0.622000 0.153000 0.032000 0.050000
10 0.959000 0.704000 0.042000 0.060000
10 0.851000 0.529000 0.038000 0.050000
2 0.535000 0.150000 0.094000 0.056000
10 0.987000 0.830000 0.022000 0.052000
10 0.985000 0.758000 0.026000 0.048000
1 0.057000 0.883000 0.114000 0.230000
6 0.721000 0.431000 0.054000 0.082000
10 0.592000 0.098000 0.028000 0.048000
1 0.324000 0.772000 0.228000 0.324000
6 0.684000 0.300000 0.048000 0.068000
10 0.900000 0.610000 0.032000 0.048000
6 0.828000 0.061000 0.112000 0.042000
10 0.670000 0.327000 0.036000 0.034000
10 0.874000 0.571000 0.036000 0.042000
