1 0.644000 0.107000 0.236000 0.214000
6 0.044000 0.329000 0.060000 0.078000
10 0.353000 0.482000 0.042000 0.044000
10 0.754000 0.948000 0.036000 0.036000
6 0.587000 0.869000 0.066000 0.074000
6 0.237000 0.418000 0.070000 0.060000
6 0.587000 0.955000 0.054000 0.070000
6 0.071950 0.543120 0.051900 0.050240
6 0.043560 0.504270 0.055120 0.056540
6 0.021000 0.483000 0.042000 0.050000
1 0.262000 0.904000 0.440000 0.188000
6 0.569000 0.975000 0.054000 0.050000
10 0.459000 0.008000 0.030000 0.016000
10 0.113000 0.571000 0.046000 0.042000
6 0.450730 0.634270 0.049460 0.056540
6 0.643440 0.828150 0.050880 0.052300
10 0.574370 0.773670 0.036740 0.035340
10 0.560370 0.751790 0.036740 0.039580
10 0.226490 0.391670 0.040980 0.035340
5 0.146520 0.271110 0.089040 0.086220
5 0.121690 0.243810 0.083380 0.087620
5 0.096520 0.217110 0.089040 0.086220
5 0.063230 0.185810 0.090460 0.087620
6 0.258390 0.444970 0.060780 0.057940
