1 0.629000 0.443000 0.158000 0.150000
1 0.323000 0.537000 0.102000 0.110000
1 0.125000 0.661000 0.142000 0.102000
1 0.056000 0.179000 0.112000 0.102000
1 0.597000 0.079000 0.130000 0.126000
1 0.128000 0.412000 0.084000 0.128000
1 0.039000 0.405000 0.078000 0.114000
1 0.749000 0.765000 0.138000 0.126000
1 0.306000 0.168000 0.104000 0.108000
1 0.522000 0.573000 0.112000 0.102000
1 0.322000 0.772000 0.104000 0.156000
1 0.861000 0.671000 0.130000 0.130000
1 0.546000 0.932000 0.172000 0.132000
10 0.440000 0.819000 0.044000 0.038000
1 0.377000 0.050000 0.142000 0.100000
10 0.483000 0.779000 0.042000 0.042000
10 0.846000 0.471000 0.036000 0.038000
10 0.735000 0.563000 0.038000 0.046000
10 0.122000 0.241000 0.044000 0.038000
1 0.290000 0.379000 0.132000 0.186000
1 0.039000 0.071000 0.078000 0.110000
10 0.222000 0.404000 0.028000 0.036000
1 0.476000 0.410000 0.128000 0.128000
10 0.054000 0.320000 0.040000 0.020000
1 0.971000 0.064000 0.054000 0.128000
2 0.334000 0.899000 0.040000 0.098000
1 0.825000 0.275000 0.134000 0.134000
1 0.966000 0.509000 0.064000 0.126000
1 0.508000 0.208000 0.092000 0.104000
10 0.235000 0.020000 0.042000 0.028000
10 0.987000 0.327000 0.022000 0.042000
10 0.278000 0.841000 0.024000 0.038000
1 0.029000 0.612000 0.058000 0.108000
