1 0.214000 0.287000 0.156000 0.146000
1 0.450000 0.789000 0.124000 0.126000
1 0.327000 0.719000 0.154000 0.170000
1 0.592000 0.828000 0.112000 0.112000
1 0.823000 0.597000 0.150000 0.158000
1 0.360000 0.557000 0.144000 0.134000
1 0.172000 0.505000 0.128000 0.126000
1 0.877000 0.943000 0.106000 0.110000
1 0.586000 0.277000 0.188000 0.206000
1 0.786000 0.735000 0.100000 0.102000
1 0.954000 0.250000 0.088000 0.124000
1 0.464000 0.912000 0.096000 0.084000
1 0.798000 0.123000 0.136000 0.110000
1 0.037000 0.895000 0.074000 0.162000
10 0.772000 0.242000 0.028000 0.052000
1 0.966000 0.878000 0.064000 0.112000
10 0.848000 0.205000 0.024000 0.038000
1 0.940000 0.145000 0.116000 0.098000
10 0.823000 0.221000 0.026000 0.038000
1 0.918000 0.710000 0.152000 0.116000
1 0.254000 0.978000 0.164000 0.040000
10 0.932000 0.518000 0.032000 0.036000
1 0.048000 0.670000 0.096000 0.128000
10 0.008000 0.054000 0.016000 0.040000
1 0.478000 0.037000 0.152000 0.074000
1 0.975000 0.980000 0.046000 0.036000
