1 0.658000 0.864000 0.116000 0.112000
10 0.724000 0.527000 0.052000 0.038000
1 0.938000 0.249000 0.120000 0.154000
10 0.871000 0.916000 0.042000 0.056000
1 0.648000 0.339000 0.148000 0.154000
1 0.884360 0.604210 0.120720 0.124420
10 0.938000 0.555000 0.028000 0.046000
1 0.280690 0.892250 0.245380 0.200500
10 0.397000 0.761000 0.042000 0.050000
10 0.948000 0.599000 0.028000 0.050000
10 0.754000 0.957000 0.036000 0.054000
10 0.823000 0.936000 0.038000 0.052000
10 0.539000 0.800000 0.042000 0.028000
10 0.387000 0.823000 0.038000 0.030000
1 0.217000 0.043000 0.138000 0.086000
10 0.712000 0.976000 0.036000 0.044000
10 0.944000 0.891000 0.028000 0.042000
1 0.950000 0.032000 0.096000 0.064000
10 0.448000 0.634000 0.040000 0.036000
10 0.624000 0.921000 0.056000 0.046000
10 0.046000 0.980000 0.024000 0.036000
10 0.640000 0.984000 0.040000 0.028000
10 0.985000 0.724000 0.026000 0.052000
2 0.048000 0.871000 0.084000 0.042000
10 0.400000 0.656000 0.040000 0.036000
10 0.493000 0.740000 0.030000 0.056000
10 0.041000 0.931000 0.026000 0.042000
10 0.756000 0.317000 0.024000 0.038000
1 0.874000 0.770000 0.212000 0.116000
1 0.856000 0.062000 0.112000 0.120000
10 0.584000 0.989000 0.032000 0.018000
1 0.594000 0.712000 0.136000 0.140000
1 0.296010 0.326890 0.484020 0.653780
1 0.614000 0.494000 0.176000 0.132000
10 0.650000 0.555000 0.052000 0.038000
1 0.651810 0.127530 0.271620 0.255060
1 0.129860 0.422190 0.259720 0.648380
