1 0.354000 0.334000 0.108000 0.108000
1 0.183000 0.160000 0.094000 0.136000
1 0.673000 0.266000 0.126000 0.104000
1 0.079000 0.876000 0.102000 0.096000
1 0.735000 0.097000 0.174000 0.110000
1 0.948000 0.277000 0.100000 0.138000
1 0.077000 0.135000 0.102000 0.090000
1 0.196000 0.358000 0.200000 0.108000
1 0.898000 0.050000 0.092000 0.100000
1 0.302000 0.072000 0.104000 0.108000
1 0.422000 0.076000 0.092000 0.120000
1 0.028000 0.355000 0.056000 0.074000
1 0.577000 0.094000 0.110000 0.084000
1 0.961000 0.940000 0.074000 0.116000
1 0.950000 0.607000 0.096000 0.162000
10 0.122000 0.631000 0.052000 0.030000
10 0.883000 0.749000 0.046000 0.026000
10 0.307000 0.805000 0.022000 0.046000
10 0.322000 0.693000 0.020000 0.046000
1 0.594000 0.814000 0.412000 0.128000
10 0.895000 0.976000 0.042000 0.044000
10 0.070000 0.793000 0.024000 0.042000
10 0.372000 0.691000 0.024000 0.050000
10 0.613000 0.980000 0.022000 0.036000
10 0.873000 0.650000 0.046000 0.024000
10 0.219000 0.689000 0.022000 0.038000
10 0.511000 0.978000 0.022000 0.040000
10 0.462000 0.528000 0.056000 0.032000
10 0.313000 0.634000 0.054000 0.028000
10 0.438000 0.973000 0.020000 0.042000
10 0.046000 0.796000 0.020000 0.036000
10 0.121000 0.795000 0.018000 0.038000
1 0.037000 0.219000 0.074000 0.078000
10 0.258000 0.809000 0.024000 0.054000
10 0.232000 0.804000 0.016000 0.036000
