1 0.580000 0.135000 0.200000 0.130000
1 0.072000 0.150000 0.144000 0.300000
1 0.076000 0.553000 0.152000 0.282000
1 0.888000 0.126000 0.104000 0.080000
2 0.878000 0.435000 0.184000 0.058000
1 0.906000 0.746000 0.184000 0.320000
1 0.726000 0.322000 0.184000 0.104000
10 0.570000 0.685000 0.032000 0.046000
10 0.449000 0.877000 0.034000 0.042000
2 0.649000 0.502000 0.078000 0.048000
1 0.329000 0.052000 0.118000 0.104000
10 0.607000 0.413000 0.042000 0.030000
10 0.561000 0.403000 0.042000 0.030000
2 0.150000 0.354000 0.044000 0.076000
10 0.875000 0.360000 0.046000 0.040000
1 0.041000 0.816000 0.082000 0.300000
10 0.332000 0.355000 0.052000 0.030000
6 0.152000 0.043000 0.036000 0.070000
10 0.833000 0.387000 0.046000 0.034000
2 0.192000 0.308000 0.072000 0.048000
10 0.901000 0.507000 0.046000 0.030000
10 0.215000 0.231000 0.026000 0.046000
2 0.712000 0.450000 0.044000 0.088000
10 0.241000 0.659000 0.022000 0.050000
10 0.471000 0.689000 0.050000 0.038000
1 0.699000 0.629000 0.222000 0.222000
10 0.951000 0.518000 0.042000 0.028000
10 0.157000 0.155000 0.026000 0.050000
10 0.204000 0.969000 0.024000 0.042000
10 0.176000 0.486000 0.024000 0.044000
10 0.186000 0.636000 0.028000 0.052000
10 0.182000 0.587000 0.024000 0.046000
1 0.488000 0.924000 0.132000 0.148000
10 0.153000 0.100000 0.022000 0.052000
10 0.505000 0.787000 0.034000 0.046000
10 0.181000 0.531000 0.022000 0.046000
10 0.245000 0.760000 0.018000 0.032000
1 0.888000 0.222000 0.156000 0.088000
1 0.405000 0.791000 0.146000 0.122000
10 0.210000 0.144000 0.028000 0.052000
10 0.164000 0.207000 0.016000 0.046000
10 0.382000 0.365000 0.044000 0.030000
10 0.204000 0.013000 0.020000 0.026000
1 0.317630 0.622130 0.131260 0.256260
1 0.426000 0.507130 0.320000 0.126260
1 0.347750 0.247000 0.127500 0.110000
1 0.937880 0.063130 0.123760 0.126260
