1 0.569000 0.218000 0.534000 0.344000
1 0.673000 0.682000 0.450000 0.412000
10 0.560000 0.426000 0.028000 0.044000
1 0.165000 0.119000 0.190000 0.238000
10 0.966000 0.310000 0.028000 0.052000
1 0.052000 0.365000 0.104000 0.254000
10 0.925000 0.021000 0.026000 0.042000
10 0.647000 0.403000 0.026000 0.038000
10 0.589000 0.417000 0.022000 0.034000
1 0.032000 0.120000 0.064000 0.240000
2 0.927000 0.819000 0.042000 0.074000
1 0.061000 0.645000 0.122000 0.114000
10 0.403000 0.749000 0.022000 0.038000
1 0.689000 0.941000 0.342000 0.114000
1 0.125000 0.873000 0.250000 0.102000
10 0.049000 0.476000 0.042000 0.028000
10 0.010000 0.484000 0.020000 0.024000
1 0.207000 0.578000 0.414000 0.692000
1 0.788590 0.396630 0.149180 0.201260
