1 0.291000 0.666000 0.166000 0.148000
1 0.430000 0.860000 0.288000 0.232000
1 0.743080 0.779600 0.202160 0.195200
10 0.698000 0.887000 0.048000 0.046000
1 0.755000 0.096000 0.162000 0.136000
1 0.611070 0.605730 0.354140 0.323460
10 0.445000 0.607000 0.034000 0.042000
1 0.175300 0.548630 0.242600 0.273260
2 0.194000 0.386000 0.088000 0.072000
10 0.208000 0.441000 0.044000 0.046000
1 0.486740 0.317260 0.461480 0.454520
10 0.353000 0.503000 0.046000 0.046000
10 0.663000 0.846000 0.034000 0.036000
1 0.851000 0.925000 0.186000 0.146000
10 0.575000 0.752000 0.034000 0.032000
6 0.561000 0.826000 0.042000 0.052000
1 0.079000 0.941000 0.158000 0.114000
6 0.624000 0.803000 0.048000 0.050000
10 0.504000 0.679000 0.036000 0.038000
10 0.250000 0.483000 0.040000 0.042000
1 0.348000 0.101000 0.524000 0.202000
10 0.655000 0.925000 0.042000 0.046000
1 0.076000 0.721000 0.152000 0.334000
10 0.544000 0.722000 0.032000 0.028000
10 0.659000 0.008000 0.042000 0.016000
10 0.481000 0.733000 0.046000 0.050000
10 0.409000 0.654000 0.038000 0.040000
10 0.479000 0.652000 0.026000 0.020000
1 0.850660 0.480790 0.297320 0.341580
