1 0.456000 0.689000 0.116000 0.130000
1 0.941000 0.608000 0.106000 0.116000
10 0.282000 0.030000 0.048000 0.044000
1 0.240000 0.747000 0.096000 0.106000
10 0.589000 0.784000 0.042000 0.032000
1 0.595000 0.657000 0.198000 0.138000
10 0.607000 0.844000 0.050000 0.032000
1 0.307000 0.548000 0.114000 0.088000
10 0.018000 0.363000 0.036000 0.058000
10 0.035000 0.292000 0.038000 0.048000
10 0.164000 0.089000 0.032000 0.050000
10 0.359000 0.324000 0.030000 0.040000
10 0.107000 0.941000 0.042000 0.034000
10 0.271000 0.368000 0.030000 0.044000
10 0.191000 0.274000 0.038000 0.048000
10 0.125000 0.116000 0.034000 0.040000
10 0.269000 0.168000 0.034000 0.052000
10 0.157000 0.423000 0.030000 0.042000
10 0.324000 0.895000 0.052000 0.034000
10 0.104000 0.318000 0.036000 0.052000
10 0.038000 0.157000 0.036000 0.046000
10 0.317000 0.211000 0.034000 0.054000
1 0.028000 0.768000 0.056000 0.112000
10 0.076000 0.136000 0.032000 0.044000
10 0.062000 0.344000 0.040000 0.056000
10 0.078000 0.266000 0.044000 0.060000
10 0.222000 0.389000 0.028000 0.034000
6 0.170000 0.225000 0.044000 0.062000
1 0.775000 0.637000 0.190000 0.130000
1 0.662000 0.133000 0.656000 0.266000
10 0.110000 0.437000 0.040000 0.046000
10 0.009000 0.183000 0.018000 0.050000
10 0.381000 0.971000 0.026000 0.054000
10 0.354000 0.973000 0.028000 0.050000
1 0.118000 0.753000 0.124000 0.138000
10 0.150000 0.294000 0.032000 0.048000
10 0.242000 0.256000 0.040000 0.060000
10 0.124000 0.249000 0.040000 0.050000
10 0.324000 0.975000 0.024000 0.046000
10 0.987000 0.705000 0.022000 0.034000
1 0.024000 0.052000 0.048000 0.104000
10 0.227000 0.191000 0.038000 0.054000
10 0.296000 0.980000 0.020000 0.036000
1 0.624000 0.976000 0.276000 0.044000
10 0.480000 0.867000 0.040000 0.034000
