1 0.844000 0.723000 0.180000 0.162000
1 0.948000 0.346000 0.100000 0.176000
1 0.861000 0.915000 0.194000 0.166000
1 0.373000 0.731000 0.118000 0.166000
1 0.759000 0.484000 0.186000 0.168000
1 0.409000 0.886000 0.126000 0.124000
6 0.157000 0.587000 0.058000 0.038000
1 0.190000 0.439000 0.380000 0.210000
1 0.629000 0.027000 0.130000 0.054000
10 0.397000 0.194000 0.050000 0.028000
10 0.510000 0.739000 0.032000 0.046000
1 0.444000 0.971000 0.148000 0.054000
1 0.402000 0.043000 0.108000 0.086000
10 0.307000 0.572000 0.022000 0.028000
2 0.092000 0.174000 0.088000 0.044000
1 0.980000 0.594000 0.036000 0.116000
