1 0.874000 0.565000 0.248000 0.266000
2 0.501000 0.620000 0.098000 0.112000
1 0.904000 0.290000 0.188000 0.236000
10 0.625000 0.615000 0.046000 0.038000
6 0.116000 0.424000 0.068000 0.044000
2 0.680000 0.580000 0.092000 0.068000
6 0.862000 0.693000 0.060000 0.038000
6 0.036000 0.870000 0.064000 0.028000
1 0.274000 0.067000 0.172000 0.134000
1 0.527000 0.173000 0.138000 0.146000
2 0.025000 0.424000 0.050000 0.124000
10 0.018000 0.205000 0.028000 0.050000
1 0.205000 0.966000 0.342000 0.064000
1 0.591000 0.429000 0.262000 0.278000
1 0.273000 0.315000 0.202000 0.238000
1 0.786000 0.104000 0.224000 0.208000
1 0.614000 0.840000 0.768000 0.300000
10 0.355000 0.477000 0.042000 0.030000
1 0.982000 0.037000 0.032000 0.074000
