1 0.298000 0.779000 0.124000 0.142000
1 0.658000 0.415000 0.116000 0.122000
1 0.343000 0.486000 0.118000 0.148000
1 0.628000 0.560000 0.120000 0.120000
1 0.580000 0.822000 0.132000 0.148000
1 0.440000 0.790000 0.120000 0.148000
1 0.606000 0.291000 0.176000 0.106000
1 0.468000 0.540000 0.128000 0.120000
1 0.446000 0.050000 0.200000 0.100000
1 0.657000 0.201000 0.166000 0.102000
1 0.118000 0.938000 0.152000 0.120000
1 0.883750 0.765500 0.231500 0.435000
2 0.849000 0.283000 0.042000 0.066000
10 0.642000 0.702000 0.056000 0.036000
10 0.475000 0.675000 0.038000 0.026000
10 0.575000 0.682000 0.050000 0.032000
2 0.760000 0.518000 0.080000 0.044000
10 0.939000 0.270000 0.046000 0.028000
10 0.897000 0.315000 0.046000 0.030000
1 0.971000 0.118000 0.054000 0.136000
1 0.578000 0.975000 0.148000 0.046000
10 0.480000 0.626000 0.064000 0.032000
10 0.185000 0.017000 0.046000 0.022000
1 0.070000 0.019000 0.140000 0.038000
2 0.800000 0.340000 0.056000 0.040000
10 0.316000 0.661000 0.052000 0.030000
1 0.076000 0.126000 0.152000 0.180000
1 0.913000 0.478000 0.174000 0.224000
