1 0.433000 0.482000 0.142000 0.156000
1 0.893000 0.161000 0.110000 0.138000
1 0.612000 0.142000 0.172000 0.172000
1 0.453000 0.620000 0.146000 0.140000
1 0.054000 0.892000 0.108000 0.092000
1 0.182000 0.819000 0.156000 0.130000
1 0.921000 0.335000 0.130000 0.086000
1 0.146000 0.568000 0.184000 0.120000
1 0.485000 0.337000 0.158000 0.122000
1 0.170000 0.075000 0.184000 0.138000
1 0.433000 0.968000 0.150000 0.060000
10 0.103000 0.443000 0.050000 0.030000
10 0.147000 0.440000 0.038000 0.024000
1 0.054000 0.198000 0.108000 0.140000
2 0.807000 0.686000 0.070000 0.032000
10 0.823000 0.332000 0.026000 0.044000
10 0.798000 0.018000 0.024000 0.036000
10 0.828000 0.398000 0.028000 0.048000
1 0.675000 0.799000 0.138000 0.194000
10 0.010000 0.458000 0.020000 0.028000
1 0.975000 0.784000 0.046000 0.116000
1 0.506000 0.846000 0.164000 0.092000
1 0.947000 0.520000 0.074000 0.136000
1 0.010000 0.589000 0.020000 0.126000
1 0.987000 0.966000 0.022000 0.064000
1 0.899000 0.007000 0.106000 0.014000
1 0.016000 0.034000 0.032000 0.068000
