10 0.939000 0.500000 0.054000 0.040000
10 0.180000 0.211000 0.052000 0.034000
10 0.859000 0.958000 0.034000 0.044000
1 0.052440 0.315720 0.104880 0.167440
10 0.080000 0.177000 0.048000 0.030000
10 0.266000 0.240000 0.048000 0.032000
10 0.034000 0.163000 0.048000 0.034000
10 0.749000 0.432000 0.046000 0.032000
10 0.924000 0.843000 0.028000 0.038000
10 0.841000 0.469000 0.046000 0.038000
10 0.513000 0.264000 0.030000 0.032000
10 0.894500 0.485500 0.045000 0.035000
10 0.890000 0.912000 0.040000 0.048000
1 0.490500 0.099000 0.113000 0.146000
1 0.773500 0.262500 0.123000 0.129000
10 0.935000 0.495000 0.034000 0.026000
1 0.734500 0.961000 0.085000 0.078000
10 0.981000 0.512500 0.034000 0.029000
1 0.829500 0.855500 0.115000 0.119000
1 0.207000 0.125500 0.106000 0.111000
1 0.810500 0.581500 0.133000 0.135000
1 0.543500 0.807500 0.107000 0.103000
1 0.843500 0.745000 0.119000 0.106000
1 0.295500 0.420000 0.111000 0.128000
1 0.361000 0.122000 0.126000 0.108000
1 0.055500 0.077000 0.107000 0.114000
1 0.144500 0.408000 0.181000 0.192000
1 0.684500 0.156500 0.121000 0.121000
1 0.349000 0.749500 0.190000 0.151000
1 0.584500 0.952000 0.117000 0.080000
1 0.200000 0.948000 0.120000 0.104000
1 0.375500 0.450500 0.107000 0.121000
1 0.545000 0.496500 0.238000 0.177000
10 0.807500 0.458500 0.035000 0.029000
1 0.941000 0.549500 0.110000 0.079000
1 0.951500 0.691000 0.087000 0.082000
1 0.855500 0.300500 0.075000 0.141000
1 0.901000 0.071500 0.078000 0.143000
1 0.133160 0.765670 0.170320 0.175340
