1 0.149000 0.521000 0.282000 0.234000
1 0.629000 0.430000 0.110000 0.132000
1 0.483000 0.624000 0.134000 0.112000
2 0.900000 0.035000 0.096000 0.058000
10 0.582000 0.110000 0.036000 0.048000
1 0.789000 0.941000 0.134000 0.114000
10 0.530000 0.273000 0.036000 0.046000
10 0.582000 0.266000 0.036000 0.040000
1 0.675000 0.568000 0.110000 0.148000
10 0.431000 0.380000 0.038000 0.048000
10 0.272000 0.671000 0.032000 0.046000
10 0.179000 0.881000 0.034000 0.042000
10 0.511000 0.393000 0.030000 0.038000
10 0.955000 0.372000 0.034000 0.056000
10 0.390000 0.462000 0.032000 0.048000
10 0.940000 0.477000 0.028000 0.054000
10 0.466000 0.475000 0.032000 0.042000
10 0.946000 0.781000 0.024000 0.046000
10 0.364000 0.498000 0.028000 0.040000
10 0.953000 0.825000 0.026000 0.050000
10 0.978000 0.740000 0.024000 0.036000
10 0.297000 0.626000 0.034000 0.052000
1 0.366000 0.954000 0.124000 0.088000
10 0.220000 0.916000 0.036000 0.048000
1 0.477000 0.048000 0.174000 0.096000
1 0.311000 0.247000 0.162000 0.134000
1 0.044920 0.796050 0.089840 0.288100
1 0.029850 0.174760 0.059700 0.165520
10 0.555000 0.309000 0.038000 0.042000
1 0.189000 0.076000 0.170000 0.152000
1 0.758000 0.235000 0.168000 0.130000
1 0.234500 0.372220 0.125000 0.152440
1 0.808070 0.746990 0.196140 0.185980
1 0.449910 0.855650 0.175820 0.143300
1 0.798940 0.491170 0.241880 0.146340
1 0.437880 0.158700 0.171760 0.149400
