10 0.030000 0.426000 0.044000 0.052000
10 0.104000 0.467000 0.036000 0.042000
10 0.129000 0.512000 0.042000 0.040000
10 0.084000 0.332000 0.040000 0.052000
10 0.291000 0.352000 0.022000 0.044000
10 0.343000 0.358000 0.026000 0.044000
10 0.367000 0.363000 0.022000 0.046000
10 0.183000 0.368000 0.026000 0.048000
1 0.592900 0.500000 0.317800 1.000000
10 0.524000 0.055000 0.024000 0.054000
10 0.009000 0.898000 0.018000 0.028000
1 0.316000 0.068000 0.316000 0.136000
10 0.497000 0.280000 0.022000 0.048000
1 0.225000 0.780000 0.206000 0.412000
10 0.391000 0.366000 0.026000 0.048000
10 0.214000 0.355000 0.028000 0.058000
6 0.530000 0.014000 0.032000 0.028000
1 0.836000 0.786000 0.176000 0.424000
10 0.131000 0.352000 0.034000 0.044000
10 0.250000 0.506000 0.044000 0.032000
10 0.338000 0.528000 0.048000 0.032000
1 0.050000 0.770000 0.100000 0.244000
10 0.204000 0.146000 0.052000 0.036000
1 0.296260 0.277610 0.316520 0.151220
1 0.896740 0.459350 0.205480 0.262700
1 0.916000 0.174000 0.168000 0.348000
