1 0.906000 0.544000 0.120000 0.116000
1 0.180000 0.744000 0.116000 0.112000
1 0.328000 0.235000 0.152000 0.126000
1 0.064000 0.231000 0.128000 0.118000
1 0.897000 0.273000 0.102000 0.114000
1 0.275000 0.496000 0.106000 0.116000
1 0.358000 0.850000 0.120000 0.092000
1 0.661000 0.236000 0.110000 0.140000
1 0.078000 0.954000 0.116000 0.088000
1 0.626000 0.048000 0.116000 0.096000
1 0.589000 0.952000 0.114000 0.092000
1 0.862000 0.955000 0.152000 0.086000
1 0.367000 0.938000 0.102000 0.084000
1 0.878000 0.742000 0.148000 0.088000
1 0.795000 0.264000 0.122000 0.092000
1 0.384000 0.030000 0.120000 0.060000
2 0.457000 0.395000 0.038000 0.078000
10 0.075000 0.334000 0.050000 0.032000
10 0.830000 0.374000 0.052000 0.028000
10 0.342000 0.412000 0.036000 0.020000
10 0.921000 0.374000 0.046000 0.028000
10 0.272000 0.345000 0.052000 0.030000
1 0.886000 0.042000 0.060000 0.080000
1 0.408000 0.493000 0.096000 0.066000
1 0.027000 0.758000 0.054000 0.064000
10 0.682000 0.371000 0.052000 0.026000
10 0.975000 0.379000 0.046000 0.030000
1 0.362000 0.721000 0.084000 0.054000
1 0.978000 0.131000 0.040000 0.062000
10 0.412000 0.351000 0.048000 0.034000
1 0.014000 0.503000 0.028000 0.110000
1 0.343000 0.110000 0.114000 0.108000
1 0.607000 0.740000 0.134000 0.344000
1 0.388000 0.557000 0.120000 0.086000
1 0.693000 0.524000 0.286000 0.144000
1 0.987000 0.578000 0.022000 0.140000
10 0.319000 0.351000 0.046000 0.018000
1 0.973000 0.962000 0.050000 0.072000
1 0.274000 0.984000 0.160000 0.028000
1 0.132000 0.478000 0.196000 0.144000
