1 0.494000 0.538000 0.128000 0.152000
1 0.059000 0.737000 0.118000 0.170000
1 0.615000 0.774000 0.130000 0.144000
1 0.164000 0.517000 0.216000 0.170000
1 0.830000 0.045000 0.116000 0.090000
1 0.948000 0.167000 0.100000 0.142000
1 0.728000 0.898000 0.116000 0.120000
2 0.679000 0.126000 0.066000 0.088000
1 0.685000 0.397000 0.166000 0.162000
1 0.300000 0.918000 0.112000 0.108000
1 0.276000 0.116000 0.116000 0.092000
2 0.654000 0.039000 0.088000 0.078000
1 0.425000 0.214000 0.098000 0.104000
10 0.535000 0.888000 0.046000 0.048000
10 0.220000 0.345000 0.048000 0.034000
10 0.427000 0.802000 0.050000 0.052000
2 0.269000 0.691000 0.062000 0.086000
2 0.152000 0.636000 0.068000 0.080000
10 0.108000 0.596000 0.044000 0.036000
10 0.609000 0.955000 0.046000 0.042000
11 0.962000 0.895000 0.052000 0.054000
10 0.909000 0.279000 0.042000 0.042000
10 0.798000 0.197000 0.040000 0.034000
10 0.351000 0.739000 0.046000 0.046000
10 0.385000 0.381000 0.030000 0.042000
10 0.953000 0.313000 0.038000 0.034000
2 0.578000 0.058000 0.076000 0.084000
1 0.978000 0.638000 0.040000 0.168000
1 0.226130 0.887000 0.144260 0.206000
1 0.406000 0.978000 0.132000 0.040000
10 0.755000 0.164000 0.042000 0.044000
2 0.176000 0.707000 0.068000 0.066000
1 0.219000 0.029000 0.170000 0.058000
1 0.186000 0.225000 0.116000 0.150000
1 0.877000 0.982000 0.134000 0.032000
1 0.992000 0.494000 0.012000 0.092000
1 0.437000 0.636750 0.190000 0.157500
