10 0.170150 0.492210 0.020300 0.044420
10 0.152420 0.628410 0.020840 0.040820
10 0.161730 0.548010 0.023460 0.048020
10 0.164060 0.071180 0.020120 0.034360
10 0.283590 0.208060 0.051180 0.028120
1 0.904000 0.104000 0.188000 0.208000
1 0.487000 0.273000 0.266000 0.202000
6 0.251000 0.459330 0.038000 0.070660
10 0.279330 0.170000 0.046660 0.024000
10 0.278000 0.134000 0.048000 0.032000
1 0.026000 0.755000 0.052000 0.458000
1 0.899000 0.343000 0.198000 0.210000
1 0.065000 0.170000 0.130000 0.340000
10 0.020660 0.463330 0.041320 0.018660
10 0.019000 0.436000 0.038000 0.024000
10 0.012000 0.350000 0.024000 0.020000
10 0.284000 0.042000 0.036000 0.028000
10 0.020000 0.410000 0.040000 0.036000
10 0.169000 0.248000 0.022000 0.048000
10 0.072000 0.023000 0.028000 0.046000
10 0.281000 0.080000 0.050000 0.032000
1 0.642000 0.050000 0.168000 0.100000
1 0.451000 0.017000 0.114000 0.034000
