1 0.915000 0.151000 0.166000 0.302000
1 0.331000 0.280000 0.662000 0.156000
10 0.220000 0.427000 0.024000 0.046000
10 0.282000 0.911000 0.028000 0.046000
6 0.491000 0.405000 0.026000 0.054000
10 0.222000 0.899000 0.028000 0.042000
1 0.919000 0.837810 0.162000 0.223620
6 0.424000 0.415000 0.024000 0.054000
10 0.584000 0.396000 0.032000 0.048000
1 0.620000 0.954000 0.240000 0.088000
10 0.144000 0.883000 0.028000 0.046000
10 0.452000 0.408940 0.020000 0.045880
1 0.218000 0.760000 0.436000 0.172000
