1 0.213000 0.381000 0.126000 0.122000
1 0.606000 0.435000 0.120000 0.110000
1 0.584000 0.542000 0.116000 0.120000
1 0.258000 0.813000 0.200000 0.102000
1 0.272000 0.236000 0.144000 0.124000
1 0.153000 0.509000 0.142000 0.130000
1 0.860000 0.426000 0.148000 0.220000
1 0.633000 0.330000 0.150000 0.096000
1 0.449000 0.226000 0.094000 0.120000
1 0.405000 0.666000 0.154000 0.260000
1 0.809000 0.818000 0.186000 0.120000
1 0.144000 0.621000 0.140000 0.106000
1 0.625000 0.136000 0.102000 0.100000
1 0.869000 0.263000 0.102000 0.098000
2 0.776000 0.954000 0.056000 0.088000
2 0.642000 0.954000 0.056000 0.088000
10 0.858000 0.900000 0.040000 0.024000
10 0.186000 0.080000 0.044000 0.032000
10 0.726000 0.432000 0.020000 0.040000
2 0.032000 0.846000 0.064000 0.036000
10 0.716000 0.539000 0.028000 0.050000
10 0.039000 0.255000 0.022000 0.034000
2 0.121000 0.952000 0.058000 0.092000
1 0.939000 0.821000 0.082000 0.098000
10 0.765000 0.077000 0.022000 0.038000
10 0.740000 0.288000 0.020000 0.044000
10 0.075000 0.412000 0.022000 0.044000
1 0.410000 0.094000 0.152000 0.160000
1 0.656000 0.012000 0.120000 0.024000
10 0.486000 0.894000 0.052000 0.024000
1 0.938000 0.111000 0.120000 0.206000
1 0.589000 0.727000 0.126000 0.162000
1 0.596000 0.245000 0.092000 0.086000
10 0.073000 0.469000 0.018000 0.042000
1 0.009000 0.035000 0.018000 0.070000
1 0.992000 0.823000 0.012000 0.146000
1 0.010000 0.117000 0.020000 0.070000
