1 0.714000 0.500000 0.264000 0.232000
1 0.349000 0.592000 0.338000 0.268000
1 0.842920 0.898760 0.253840 0.201520
10 0.918000 0.860000 0.032000 0.036000
1 0.376000 0.827000 0.264000 0.222000
10 0.786000 0.735000 0.036000 0.038000
1 0.938000 0.719000 0.120000 0.226000
10 0.832000 0.089000 0.048000 0.030000
1 0.141000 0.763000 0.154000 0.130000
10 0.980000 0.082000 0.036000 0.036000
1 0.700000 0.931000 0.524000 0.134000
1 0.027000 0.324000 0.054000 0.188000
10 0.717000 0.673000 0.038000 0.034000
1 0.189230 0.536000 0.378460 0.400000
1 0.146770 0.332460 0.181540 0.176920
