1 0.793000 0.857470 0.410000 0.282940
1 0.734330 0.772970 0.288660 0.285940
10 0.031060 0.453100 0.038120 0.042200
10 0.220250 0.732510 0.024500 0.049020
10 0.209570 0.501270 0.023140 0.058540
10 0.323660 0.227400 0.031320 0.070800
10 0.279020 0.072000 0.034040 0.064000
10 0.186300 0.037830 0.028600 0.047660
1 0.090000 0.133000 0.180000 0.266000
1 0.107000 0.736000 0.214000 0.472000
10 0.120000 0.293000 0.048000 0.046000
10 0.513000 0.325000 0.026000 0.058000
10 0.063000 0.463000 0.046000 0.038000
10 0.537000 0.100000 0.046000 0.036000
1 0.938000 0.351000 0.120000 0.158000
10 0.516000 0.402000 0.032000 0.060000
2 0.179000 0.310000 0.054000 0.156000
10 0.929000 0.066000 0.038000 0.040000
10 0.319000 0.081000 0.026000 0.046000
10 0.215000 0.603000 0.026000 0.050000
10 0.186000 0.089000 0.028000 0.050000
10 0.218000 0.680000 0.024000 0.048000
10 0.391000 0.698000 0.026000 0.048000
10 0.226000 0.818000 0.024000 0.048000
1 0.660000 0.274000 0.120000 0.172000
10 0.231000 0.937000 0.018000 0.050000
2 0.269600 0.393640 0.179200 0.135280
6 0.374000 0.332000 0.032000 0.064000
2 0.359000 0.014000 0.146000 0.028000
1 0.835000 0.122620 0.330000 0.245240
10 0.941000 0.006000 0.042000 0.012000
10 0.890000 0.029000 0.040000 0.042000
10 0.183000 0.006000 0.026000 0.012000
1 0.672820 0.490740 0.189640 0.269480
