1 0.732000 0.079000 0.200000 0.158000
1 0.938000 0.079000 0.120000 0.158000
10 0.601000 0.157000 0.046000 0.030000
10 0.548000 0.157000 0.052000 0.030000
1 0.310000 0.059000 0.216000 0.118000
2 0.435000 0.127000 0.082000 0.046000
10 0.080000 0.631000 0.020000 0.050000
6 0.295000 0.143000 0.050000 0.030000
10 0.009000 0.400000 0.018000 0.056000
1 0.108000 0.020000 0.212000 0.040000
10 0.681000 0.162000 0.042000 0.024000
1 0.543000 0.805000 0.914000 0.386000
1 0.557000 0.440000 0.886000 0.432000
1 0.565940 0.048100 0.155880 0.096200
10 0.956530 0.184610 0.045060 0.029220
