1 0.842000 0.664000 0.120000 0.116000
1 0.739000 0.411000 0.194000 0.158000
1 0.341000 0.872000 0.106000 0.116000
1 0.094000 0.462000 0.188000 0.296000
1 0.936000 0.784000 0.124000 0.144000
1 0.291000 0.300000 0.106000 0.124000
1 0.549000 0.143000 0.198000 0.158000
1 0.277000 0.770000 0.118000 0.108000
10 0.049000 0.717000 0.042000 0.046000
10 0.295000 0.141000 0.038000 0.046000
10 0.106000 0.798000 0.032000 0.040000
1 0.394460 0.402150 0.176920 0.192300
10 0.461000 0.287000 0.030000 0.038000
10 0.132000 0.837000 0.036000 0.046000
10 0.290000 0.049000 0.044000 0.058000
10 0.192000 0.918000 0.036000 0.040000
1 0.784000 0.890000 0.272000 0.216000
10 0.162000 0.879000 0.036000 0.038000
10 0.342000 0.122000 0.036000 0.044000
10 0.864000 0.941000 0.036000 0.042000
10 0.945000 0.939000 0.050000 0.046000
10 0.510000 0.357000 0.032000 0.034000
10 0.402000 0.206000 0.032000 0.036000
10 0.007000 0.641000 0.014000 0.042000
10 0.825000 0.793000 0.042000 0.050000
1 0.059000 0.818000 0.118000 0.240000
1 0.920000 0.079000 0.156000 0.158000
1 0.159000 0.071000 0.190000 0.142000
10 0.373000 0.174000 0.026000 0.024000
1 0.214000 0.183000 0.084000 0.082000
1 0.642900 0.278280 0.213800 0.164560
