1 0.566000 0.170000 0.124000 0.132000
1 0.853000 0.216000 0.142000 0.108000
1 0.808000 0.108000 0.116000 0.112000
1 0.655000 0.532000 0.362000 0.176000
1 0.423000 0.146000 0.106000 0.108000
1 0.348000 0.037000 0.132000 0.074000
1 0.777000 0.816000 0.094000 0.152000
1 0.948000 0.959000 0.100000 0.078000
10 0.864000 0.357000 0.056000 0.042000
1 0.041000 0.283000 0.082000 0.122000
10 0.950000 0.377000 0.052000 0.034000
10 0.474000 0.222000 0.052000 0.032000
10 0.280000 0.881000 0.044000 0.034000
1 0.802000 0.971000 0.096000 0.054000
10 0.313000 0.702000 0.046000 0.036000
10 0.292000 0.807000 0.048000 0.034000
10 0.301000 0.752000 0.050000 0.032000
6 0.600000 0.304000 0.056000 0.032000
1 0.791000 0.024000 0.110000 0.048000
10 0.853000 0.303000 0.050000 0.030000
1 0.490000 0.973000 0.156000 0.050000
10 0.354000 0.793000 0.048000 0.034000
10 0.343000 0.848000 0.050000 0.032000
10 0.902000 0.313000 0.048000 0.034000
10 0.529000 0.232000 0.042000 0.028000
10 0.959000 0.330000 0.042000 0.028000
6 0.666000 0.116000 0.028000 0.048000
10 0.330000 0.920000 0.036000 0.028000
10 0.707000 0.277000 0.038000 0.022000
10 0.688000 0.018000 0.028000 0.036000
10 0.265000 0.955000 0.038000 0.034000
10 0.654000 0.164000 0.024000 0.044000
10 0.754000 0.208000 0.036000 0.044000
1 0.189000 0.646000 0.262000 0.708000
10 0.312000 0.991000 0.032000 0.014000
1 0.913000 0.562000 0.126000 0.132000
10 0.991000 0.398000 0.014000 0.044000
1 0.024000 0.020000 0.048000 0.040000
1 0.987000 0.237000 0.022000 0.074000
1 0.244000 0.082770 0.160000 0.081540
3 0.682920 0.760770 0.133840 0.221540
