1 0.788000 0.431000 0.116000 0.118000
1 0.397000 0.336000 0.154000 0.156000
1 0.263000 0.270000 0.106000 0.108000
1 0.082000 0.547000 0.108000 0.106000
1 0.835000 0.695000 0.126000 0.126000
1 0.670000 0.374000 0.112000 0.096000
1 0.619000 0.925000 0.110000 0.118000
1 0.074000 0.207000 0.132000 0.130000
1 0.446000 0.959000 0.124000 0.078000
1 0.723000 0.652000 0.126000 0.120000
1 0.925000 0.795000 0.146000 0.138000
1 0.938000 0.364000 0.120000 0.128000
1 0.124000 0.770000 0.128000 0.108000
1 0.039000 0.439000 0.078000 0.110000
1 0.352000 0.786000 0.156000 0.092000
1 0.342000 0.592000 0.124000 0.112000
1 0.726000 0.064000 0.120000 0.128000
1 0.028000 0.702000 0.056000 0.120000
2 0.388000 0.120000 0.096000 0.060000
10 0.114000 0.089000 0.044000 0.038000
10 0.338000 0.172000 0.048000 0.044000
1 0.774000 0.196000 0.124000 0.120000
10 0.470000 0.171000 0.048000 0.042000
10 0.292000 0.154000 0.044000 0.036000
1 0.550000 0.041000 0.100000 0.082000
10 0.208000 0.126000 0.044000 0.036000
10 0.677000 0.823000 0.034000 0.026000
10 0.675000 0.243000 0.046000 0.038000
10 0.517000 0.190000 0.046000 0.036000
10 0.563000 0.202000 0.046000 0.032000
10 0.613000 0.223000 0.042000 0.034000
10 0.717000 0.262000 0.038000 0.036000
10 0.759000 0.273000 0.046000 0.034000
10 0.724000 0.836000 0.040000 0.028000
10 0.332000 0.730000 0.044000 0.028000
10 0.018000 0.054000 0.036000 0.040000
1 0.459000 0.555000 0.082000 0.082000
1 0.950000 0.954000 0.096000 0.088000
1 0.287000 0.987000 0.086000 0.022000
2 0.160000 0.939000 0.052000 0.038000
10 0.053000 0.008000 0.050000 0.016000
10 0.913000 0.886000 0.042000 0.024000
1 0.804000 0.908000 0.232000 0.116000
1 0.881000 0.017000 0.126000 0.034000
6 0.966000 0.902000 0.056000 0.036000
10 0.471000 0.004000 0.042000 0.008000
1 0.240000 0.030000 0.300000 0.060000
1 0.573000 0.341000 0.102000 0.118000
