1 0.853000 0.858000 0.142000 0.188000
1 0.455000 0.362000 0.142000 0.180000
1 0.659000 0.176000 0.170000 0.216000
1 0.236000 0.728000 0.100000 0.116000
1 0.648000 0.954000 0.148000 0.088000
1 0.396000 0.952000 0.156000 0.092000
1 0.715000 0.427000 0.218000 0.330000
1 0.710000 0.820000 0.096000 0.088000
1 0.071000 0.396000 0.142000 0.192000
1 0.645000 0.716000 0.162000 0.148000
1 0.515000 0.955000 0.106000 0.086000
6 0.703000 0.035000 0.038000 0.058000
1 0.335000 0.169000 0.158000 0.154000
2 0.948000 0.962000 0.056000 0.072000
10 0.904000 0.512000 0.024000 0.040000
10 0.790000 0.336000 0.028000 0.044000
1 0.268000 0.396000 0.336000 0.372000
10 0.818000 0.235000 0.028000 0.042000
10 0.874000 0.964000 0.048000 0.032000
10 0.902000 0.717000 0.028000 0.046000
10 0.806000 0.193000 0.024000 0.046000
10 0.868000 0.598000 0.032000 0.052000
10 0.758000 0.226000 0.028000 0.040000
10 0.774000 0.092000 0.024000 0.044000
10 0.842000 0.313000 0.028000 0.054000
10 0.722000 0.102000 0.028000 0.048000
10 0.045000 0.143000 0.050000 0.042000
1 0.796000 0.683000 0.176000 0.222000
10 0.787000 0.989000 0.046000 0.018000
1 0.952000 0.437000 0.092000 0.134000
10 0.008000 0.190000 0.016000 0.024000
1 0.973000 0.244000 0.050000 0.144000
10 0.994000 0.855000 0.008000 0.046000
1 0.035000 0.636000 0.070000 0.124000
1 0.449330 0.098670 0.142660 0.129340
1 0.583330 0.049330 0.234660 0.098660
