5 0.136000 0.186000 0.072000 0.056000
10 0.680000 0.261000 0.056000 0.042000
10 0.596000 0.226000 0.056000 0.040000
10 0.879000 0.337000 0.046000 0.038000
10 0.518000 0.200000 0.044000 0.032000
6 0.114000 0.072000 0.072000 0.048000
10 0.312000 0.209000 0.044000 0.030000
6 0.030000 0.080000 0.060000 0.048000
10 0.470000 0.202000 0.044000 0.032000
6 0.056000 0.326000 0.044000 0.068000
10 0.368000 0.228000 0.048000 0.036000
10 0.421000 0.212000 0.030000 0.052000
10 0.510000 0.053000 0.044000 0.050000
6 0.384000 0.158000 0.068000 0.048000
1 0.661000 0.071000 0.278000 0.142000
10 0.280000 0.128000 0.048000 0.040000
10 0.014000 0.514000 0.028000 0.044000
10 0.044000 0.261000 0.024000 0.046000
2 0.074000 0.193000 0.080000 0.058000
2 0.415000 0.106000 0.094000 0.072000
10 0.980000 0.430000 0.036000 0.036000
1 0.849000 0.957000 0.254000 0.082000
1 0.554510 0.574420 0.229020 0.304840
1 0.160000 0.927000 0.156000 0.134000
10 0.907000 0.402000 0.046000 0.032000
6 0.985000 0.325000 0.026000 0.046000
1 0.957000 0.161000 0.082000 0.222000
1 0.207000 0.024000 0.242000 0.048000
10 0.932000 0.271000 0.060000 0.050000
10 0.120000 0.123000 0.040000 0.038000
1 0.251000 0.383000 0.338000 0.186000
1 0.204930 0.568120 0.317860 0.180240
1 0.514280 0.851060 0.120560 0.118120
1 0.639760 0.880630 0.131520 0.113260
1 0.306370 0.798540 0.104740 0.129080
1 0.294000 0.932000 0.132000 0.136000
1 0.209850 0.731410 0.115700 0.082820
1 0.086720 0.835860 0.125440 0.171720
1 0.596000 0.966000 0.216000 0.068000
1 0.700990 0.612230 0.217980 0.304460
1 0.884000 0.685000 0.232000 0.326000
1 0.824120 0.138200 0.208240 0.136400
