1 0.784000 0.200000 0.376000 0.400000
10 0.628000 0.541900 0.040000 0.035800
10 0.167000 0.145000 0.038000 0.038000
10 0.066000 0.277000 0.040000 0.046000
10 0.317000 0.402000 0.034000 0.032000
10 0.307440 0.274620 0.034880 0.045240
1 0.502000 0.150000 0.216000 0.244000
10 0.180000 0.492000 0.028000 0.024000
10 0.225000 0.274000 0.046000 0.036000
10 0.360000 0.257000 0.040000 0.038000
10 0.411000 0.332000 0.038000 0.032000
10 0.205450 0.371170 0.034900 0.030340
10 0.469230 0.402210 0.030460 0.028420
10 0.153000 0.596000 0.034000 0.036000
10 0.341000 0.612000 0.030000 0.040000
10 0.153000 0.455000 0.026000 0.026000
10 0.249000 0.308000 0.038000 0.036000
1 0.257620 0.895850 0.475240 0.203700
1 0.622310 0.769690 0.344620 0.275380
6 0.632420 0.626890 0.048840 0.041780
10 0.155410 0.283670 0.042820 0.039340
10 0.144310 0.243860 0.040620 0.035720
10 0.175000 0.309000 0.042000 0.038000
10 0.203030 0.231360 0.046060 0.042720
10 0.130000 0.418000 0.024000 0.028000
5 0.982000 0.420000 0.036000 0.048000
10 0.387000 0.294000 0.038000 0.036000
1 0.870310 0.674620 0.244620 0.249240
1 0.072310 0.648000 0.144620 0.280000
10 0.450300 0.388300 0.036600 0.036600
10 0.438870 0.370610 0.037740 0.033220
10 0.193940 0.458470 0.047880 0.052940
10 0.262500 0.520530 0.049000 0.045060
10 0.210560 0.254130 0.041120 0.040260
10 0.709600 0.494700 0.043200 0.037400
10 0.805300 0.443200 0.042600 0.038400
10 0.332880 0.216830 0.049760 0.041660
10 0.325980 0.197620 0.043960 0.031240
