1 0.519080 0.726150 0.446160 0.352300
5 0.608000 0.883000 0.116000 0.082000
5 0.830000 0.759000 0.124000 0.074000
2 0.078000 0.473000 0.080000 0.070000
2 0.338000 0.973000 0.100000 0.050000
10 0.519000 0.967000 0.054000 0.046000
1 0.834000 0.353000 0.332000 0.586000
10 0.930000 0.014000 0.036000 0.028000
10 0.041000 0.587000 0.046000 0.038000
10 0.065000 0.638000 0.054000 0.036000
2 0.032000 0.298000 0.064000 0.088000
1 0.400000 0.054000 0.200000 0.108000
10 0.028000 0.532000 0.048000 0.036000
10 0.191000 0.855000 0.038000 0.046000
2 0.469000 0.987000 0.070000 0.022000
1 0.285000 0.267000 0.354000 0.458000
10 0.292000 0.795000 0.036000 0.046000
1 0.059000 0.075000 0.118000 0.150000
1 0.650920 0.086150 0.313840 0.172300
