1 0.821000 0.492000 0.154000 0.152000
10 0.593000 0.451000 0.042000 0.026000
1 0.063000 0.901000 0.126000 0.166000
10 0.589000 0.398000 0.050000 0.036000
10 0.146000 0.568000 0.024000 0.048000
10 0.139000 0.507000 0.022000 0.050000
1 0.705000 0.136000 0.262000 0.272000
10 0.592000 0.506000 0.036000 0.024000
10 0.113000 0.515000 0.018000 0.050000
10 0.130000 0.397000 0.024000 0.022000
10 0.232000 0.388000 0.028000 0.028000
10 0.408000 0.374000 0.020000 0.028000
10 0.256000 0.388000 0.020000 0.028000
10 0.357000 0.379000 0.022000 0.022000
10 0.380000 0.375000 0.016000 0.026000
10 0.303000 0.385000 0.026000 0.026000
10 0.280000 0.385000 0.020000 0.026000
10 0.474000 0.366000 0.024000 0.016000
10 0.451000 0.369000 0.018000 0.018000
10 0.104000 0.396000 0.028000 0.016000
10 0.178000 0.391000 0.028000 0.026000
10 0.204000 0.389000 0.024000 0.026000
10 0.056000 0.399000 0.028000 0.018000
1 0.807630 0.361000 0.171260 0.130000
1 0.456750 0.901000 0.257500 0.150000
1 0.722750 0.845130 0.297500 0.166260
1 0.928000 0.802000 0.144000 0.136000
