2 0.134000 0.265000 0.088000 0.130000
2 0.299000 0.809000 0.150000 0.110000
10 0.172000 0.183000 0.044000 0.050000
10 0.303000 0.712000 0.042000 0.056000
10 0.054000 0.433000 0.040000 0.058000
10 0.258000 0.643000 0.036000 0.046000
6 0.793000 0.450000 0.050000 0.052000
10 0.091000 0.347000 0.026000 0.034000
10 0.507000 0.962000 0.038000 0.036000
2 0.018000 0.218000 0.036000 0.108000
2 0.285000 0.978000 0.098000 0.040000
1 0.834000 0.950000 0.328000 0.096000
5 0.897850 0.327380 0.107700 0.110760
