10 0.827000 0.100000 0.038000 0.044000
10 0.190970 0.933210 0.049940 0.054420
10 0.171000 0.897000 0.042000 0.046000
10 0.339000 0.754000 0.046000 0.056000
5 0.672000 0.717000 0.088000 0.102000
2 0.626000 0.057000 0.080000 0.114000
10 0.369000 0.594000 0.038000 0.040000
10 0.293000 0.804000 0.046000 0.056000
6 0.407000 0.558000 0.054000 0.060000
10 0.912000 0.196000 0.028000 0.052000
10 0.437000 0.640000 0.042000 0.052000
10 0.303000 0.675000 0.034000 0.046000
10 0.224000 0.884000 0.044000 0.056000
10 0.340000 0.633000 0.040000 0.046000
10 0.140000 0.976000 0.044000 0.044000
10 0.559000 0.009000 0.046000 0.018000
10 0.129000 0.883000 0.042000 0.046000
10 0.018000 0.823000 0.036000 0.038000
5 0.112000 0.605000 0.076000 0.038000
10 0.259000 0.845000 0.042000 0.042000
1 0.961000 0.605000 0.074000 0.262000
6 0.444470 0.567960 0.052940 0.059920
10 0.528000 0.541000 0.032000 0.038000
2 0.785410 0.284020 0.102820 0.120040
1 0.790000 0.936930 0.416000 0.121860
2 0.701050 0.210410 0.046100 0.064820
6 0.775080 0.203160 0.070160 0.082320
5 0.044750 0.765180 0.089500 0.042360
2 0.881800 0.384800 0.095600 0.101600
