2 0.414000 0.814000 0.108000 0.140000
1 0.708000 0.661000 0.380000 0.370000
10 0.663000 0.860000 0.042000 0.036000
1 0.123000 0.455000 0.246000 0.226000
10 0.841000 0.973000 0.046000 0.042000
2 0.656000 0.427000 0.064000 0.078000
10 0.274000 0.361000 0.036000 0.026000
10 0.147000 0.336000 0.050000 0.024000
10 0.284000 0.314000 0.036000 0.028000
10 0.014000 0.559000 0.028000 0.038000
6 0.591000 0.821000 0.046000 0.042000
2 0.014000 0.276000 0.028000 0.080000
1 0.830000 0.331000 0.300000 0.206000
1 0.108730 0.150190 0.193460 0.252380
1 0.980000 0.876000 0.036000 0.244000
1 0.355000 0.538000 0.318000 0.276000
10 0.491000 0.798000 0.046000 0.040000
1 0.505580 0.260920 0.175160 0.161840
1 0.873000 0.153000 0.254000 0.270000
1 0.313670 0.170190 0.227340 0.276380
1 0.594290 0.144630 0.144580 0.149260
