1 0.651000 0.261000 0.222000 0.238000
1 0.504000 0.092000 0.112000 0.100000
2 0.593000 0.454000 0.078000 0.092000
10 0.483000 0.331000 0.042000 0.034000
10 0.440000 0.779000 0.036000 0.042000
10 0.437000 0.379000 0.038000 0.038000
10 0.361000 0.255000 0.038000 0.034000
1 0.895000 0.550000 0.114000 0.140000
10 0.124000 0.096000 0.040000 0.036000
10 0.320000 0.223000 0.040000 0.034000
10 0.561000 0.386000 0.042000 0.036000
10 0.860000 0.396000 0.036000 0.044000
10 0.388000 0.863000 0.032000 0.042000
10 0.523000 0.435000 0.046000 0.042000
10 0.431000 0.902000 0.034000 0.048000
1 0.920000 0.828000 0.156000 0.176000
10 0.245000 0.175000 0.042000 0.034000
10 0.204000 0.150000 0.040000 0.040000
10 0.478000 0.752000 0.032000 0.032000
10 0.163000 0.123000 0.042000 0.038000
1 0.684000 0.834000 0.168000 0.180000
10 0.273000 0.268000 0.034000 0.032000
10 0.157000 0.187000 0.034000 0.030000
10 0.368000 0.333000 0.024000 0.026000
10 0.030000 0.102000 0.036000 0.032000
2 0.812000 0.599000 0.060000 0.078000
10 0.085000 0.138000 0.030000 0.024000
10 0.324000 0.300000 0.040000 0.040000
10 0.341000 0.938000 0.030000 0.028000
10 0.063000 0.049000 0.030000 0.042000
2 0.786000 0.443000 0.120000 0.106000
10 0.197000 0.212000 0.050000 0.036000
1 0.258000 0.065000 0.132000 0.114000
1 0.226000 0.804000 0.436000 0.388000
10 0.522000 0.360000 0.036000 0.032000
2 0.655000 0.666000 0.098000 0.084000
10 0.008000 0.074000 0.016000 0.036000
2 0.037000 0.017000 0.074000 0.034000
1 0.189000 0.336000 0.378000 0.436000
2 0.580000 0.613000 0.060000 0.070000
10 0.982000 0.247000 0.032000 0.050000
10 0.495000 0.695000 0.038000 0.050000
10 0.288000 0.992000 0.028000 0.012000
6 0.638000 0.987000 0.036000 0.022000
