1 0.552000 0.646000 0.656000 0.132000
1 0.154000 0.111000 0.156000 0.222000
1 0.867000 0.316000 0.146000 0.272000
1 0.117000 0.455000 0.234000 0.130000
10 0.099000 0.738000 0.026000 0.040000
10 0.320000 0.296000 0.020000 0.044000
10 0.039000 0.319000 0.026000 0.038000
10 0.505000 0.376000 0.054000 0.056000
10 0.421000 0.289000 0.054000 0.058000
10 0.052000 0.727000 0.024000 0.042000
10 0.075000 0.730000 0.026000 0.044000
10 0.383000 0.388000 0.022000 0.044000
10 0.617000 0.427000 0.042000 0.046000
10 0.146000 0.741500 0.024000 0.039000
10 0.313000 0.244000 0.030000 0.044000
10 0.314000 0.197000 0.028000 0.042000
10 0.120000 0.313000 0.036000 0.038000
6 0.572010 0.374410 0.060020 0.060820
