1 0.186000 0.514000 0.200000 0.360000
10 0.501000 0.784000 0.078000 0.040000
1 0.809000 0.694000 0.378000 0.176000
10 0.202000 0.788000 0.044000 0.032000
10 0.652000 0.810000 0.048000 0.028000
6 0.763000 0.958000 0.046000 0.056000
10 0.759000 0.826000 0.046000 0.032000
10 0.271000 0.798000 0.042000 0.032000
10 0.881000 0.842000 0.050000 0.028000
10 0.705000 0.816000 0.042000 0.024000
6 0.629000 0.935000 0.038000 0.046000
10 0.033000 0.736000 0.042000 0.028000
6 0.687000 0.937000 0.034000 0.042000
1 0.106000 0.129000 0.156000 0.258000
1 0.315960 0.960000 0.559920 0.080000
6 0.521000 0.916000 0.042000 0.052000
10 0.605000 0.923000 0.034000 0.042000
6 0.738790 0.949780 0.041580 0.039560
1 0.039000 0.346000 0.078000 0.092000
1 0.576560 0.279740 0.845120 0.251480
6 0.804730 0.959660 0.045460 0.051320
6 0.662990 0.936930 0.041980 0.049860
10 0.717190 0.938130 0.030380 0.032260
10 0.581260 0.918970 0.030520 0.037940
10 0.494740 0.908080 0.041480 0.036160
10 0.555750 0.917060 0.039500 0.034120
