10 0.121000 0.106000 0.042000 0.040000
10 0.142000 0.065000 0.040000 0.034000
10 0.043000 0.478000 0.054000 0.044000
10 0.080000 0.427000 0.040000 0.038000
10 0.208000 0.096000 0.032000 0.044000
10 0.251000 0.019000 0.038000 0.034000
10 0.294000 0.099000 0.044000 0.026000
10 0.266000 0.147000 0.040000 0.022000
10 0.014000 0.360000 0.028000 0.052000
10 0.175000 0.008000 0.038000 0.016000
10 0.227000 0.209000 0.038000 0.030000
1 0.086000 0.136000 0.172000 0.272000
10 0.310000 0.072000 0.044000 0.028000
