1 0.333000 0.244000 0.246000 0.208000
2 0.070000 0.127000 0.084000 0.106000
1 0.534000 0.730000 0.244000 0.260000
10 0.191000 0.092000 0.054000 0.044000
10 0.127000 0.133000 0.046000 0.038000
1 0.253000 0.936000 0.222000 0.124000
10 0.140000 0.437000 0.044000 0.050000
1 0.075000 0.494000 0.150000 0.212000
1 0.395000 0.468000 0.238000 0.276000
6 0.777000 0.415000 0.038000 0.054000
1 0.719000 0.169370 0.318000 0.246740
1 0.111000 0.759000 0.222000 0.306000
1 0.756920 0.619230 0.293840 0.258460
1 0.488150 0.159850 0.192300 0.207700
