1 0.075000 0.104000 0.150000 0.208000
1 0.174000 0.727000 0.348000 0.338000
5 0.578000 0.385000 0.120000 0.102000
1 0.619000 0.756000 0.214000 0.312000
2 0.911000 0.712000 0.174000 0.056000
10 0.624000 0.461000 0.056000 0.054000
10 0.703000 0.527000 0.046000 0.046000
2 0.347000 0.064000 0.074000 0.088000
2 0.738000 0.673000 0.060000 0.078000
1 0.472000 0.555000 0.204000 0.194000
1 0.876000 0.127000 0.244000 0.238000
10 0.168000 0.080000 0.032000 0.032000
10 0.952000 0.784000 0.028000 0.052000
10 0.125000 0.063000 0.034000 0.030000
1 0.243000 0.333000 0.418000 0.414000
10 0.191000 0.134000 0.034000 0.032000
10 0.918000 0.813000 0.024000 0.046000
10 0.987000 0.929000 0.022000 0.046000
2 0.825000 0.538000 0.106000 0.164000
10 0.974000 0.980000 0.040000 0.036000
10 0.992000 0.828000 0.012000 0.048000
10 0.987000 0.878000 0.022000 0.056000
6 0.939000 0.989000 0.038000 0.018000
10 0.763000 0.529000 0.046000 0.042000
1 0.326000 0.009000 0.176000 0.018000
1 0.410640 0.835820 0.221280 0.155640
