10 0.416000 0.937000 0.044000 0.034000
10 0.800000 0.908000 0.048000 0.032000
1 0.523010 0.260090 0.362020 0.152180
10 0.843000 0.928000 0.042000 0.032000
10 0.931000 0.956000 0.042000 0.032000
6 0.355000 0.948000 0.030000 0.056000
10 0.643000 0.955000 0.046000 0.034000
10 0.507000 0.937000 0.050000 0.034000
1 0.099000 0.063000 0.190000 0.126000
10 0.787000 0.948000 0.046000 0.036000
10 0.408000 0.978000 0.040000 0.032000
10 0.200000 0.909000 0.028000 0.050000
10 0.823000 0.985000 0.038000 0.026000
10 0.693000 0.925000 0.046000 0.030000
10 0.685000 0.987000 0.038000 0.022000
10 0.971000 0.359000 0.046000 0.030000
10 0.773000 0.987000 0.046000 0.022000
10 0.109000 0.885000 0.026000 0.042000
10 0.154000 0.895000 0.024000 0.050000
1 0.275590 0.720120 0.235180 0.180240
10 0.936000 0.925000 0.032000 0.026000
5 0.622000 0.038000 0.080000 0.044000
10 0.498000 0.973000 0.048000 0.042000
1 0.844690 0.219250 0.309380 0.150500
1 0.492260 0.697100 0.240520 0.170200
1 0.709560 0.671580 0.239120 0.163160
1 0.903610 0.642880 0.191220 0.161760
