1 0.848000 0.784000 0.300000 0.164000
10 0.579000 0.960000 0.042000 0.052000
2 0.756000 0.941000 0.052000 0.086000
10 0.531000 0.828000 0.046000 0.036000
10 0.955000 0.925000 0.050000 0.030000
10 0.686000 0.818000 0.032000 0.048000
2 0.673000 0.747000 0.098000 0.070000
1 0.303000 0.950000 0.278000 0.096000
6 0.440000 0.042000 0.068000 0.036000
10 0.893000 0.989000 0.046000 0.018000
10 0.841000 0.906000 0.038000 0.028000
10 0.992000 0.928000 0.012000 0.032000
6 0.456270 0.142620 0.036540 0.057240
6 0.477260 0.154310 0.046520 0.064620
10 0.636000 0.992000 0.040000 0.012000
5 0.576980 0.067660 0.133960 0.063320
6 0.506880 0.165660 0.037760 0.063320
6 0.529920 0.172100 0.043840 0.068200
6 0.577140 0.112700 0.074280 0.041400
6 0.551920 0.201840 0.043840 0.059680
1 0.138220 0.150040 0.276440 0.252080
