1 0.164130 0.837000 0.328260 0.322000
10 0.951000 0.396000 0.050000 0.044000
2 0.434170 0.100120 0.148340 0.108240
10 0.425000 0.025000 0.046000 0.042000
2 0.595000 0.183000 0.074000 0.094000
2 0.105000 0.596000 0.102000 0.092000
6 0.925000 0.892000 0.038000 0.056000
10 0.194000 0.641000 0.044000 0.042000
10 0.960000 0.341000 0.052000 0.046000
2 0.573000 0.082000 0.082000 0.092000
1 0.681520 0.328840 0.167040 0.157680
10 0.737000 0.283000 0.042000 0.034000
10 0.867000 0.351000 0.042000 0.038000
1 0.827000 0.141000 0.342000 0.282000
10 0.907000 0.311000 0.046000 0.038000
10 0.233000 0.677000 0.046000 0.042000
5 0.123000 0.429000 0.082000 0.070000
1 0.805000 0.476000 0.222000 0.184000
10 0.274000 0.709000 0.044000 0.042000
10 0.288000 0.818000 0.036000 0.036000
10 0.316000 0.747000 0.048000 0.042000
10 0.868740 0.294390 0.041480 0.036780
1 0.143840 0.103840 0.287680 0.207680
1 0.685230 0.851540 0.258460 0.243080
1 0.350730 0.680980 0.289460 0.221960
10 0.824170 0.333400 0.052340 0.038800
10 0.353690 0.780510 0.039380 0.037020
1 0.902000 0.629000 0.196000 0.226000
10 0.785610 0.315260 0.043220 0.038520
1 0.363000 0.946000 0.202000 0.108000
10 0.289660 0.860440 0.027320 0.024880
1 0.803220 0.727320 0.170440 0.146640
10 0.736970 0.224830 0.041940 0.037660
10 0.781610 0.244800 0.047220 0.037600
2 0.430840 0.208780 0.153680 0.097560
1 0.400280 0.430700 0.428560 0.329400
