1 0.193000 0.957000 0.106000 0.082000
10 0.779000 0.190000 0.042000 0.040000
6 0.743000 0.103000 0.042000 0.066000
10 0.070000 0.888000 0.040000 0.036000
1 0.454050 0.372810 0.468100 0.645620
10 0.650000 0.316000 0.032000 0.048000
10 0.883000 0.245000 0.038000 0.030000
10 0.855000 0.148000 0.054000 0.036000
10 0.306000 0.696000 0.048000 0.040000
10 0.366000 0.719000 0.044000 0.034000
10 0.915000 0.865000 0.046000 0.038000
10 0.648000 0.454000 0.028000 0.044000
10 0.023000 0.867000 0.046000 0.042000
10 0.078000 0.182000 0.044000 0.036000
10 0.115000 0.344000 0.038000 0.052000
10 0.321000 0.661000 0.030000 0.038000
10 0.925000 0.157000 0.046000 0.034000
1 0.837000 0.414000 0.322000 0.336000
10 0.092000 0.559000 0.044000 0.054000
10 0.207000 0.658000 0.042000 0.032000
10 0.210000 0.323000 0.036000 0.054000
10 0.969000 0.173000 0.042000 0.030000
6 0.138000 0.285000 0.048000 0.062000
10 0.978000 0.286000 0.040000 0.032000
10 0.096000 0.134000 0.044000 0.032000
10 0.604000 0.547000 0.032000 0.050000
1 0.680350 0.752880 0.524700 0.389760
10 0.932000 0.264000 0.040000 0.036000
10 0.042000 0.278000 0.044000 0.040000
10 0.256000 0.675000 0.048000 0.038000
10 0.956000 0.338000 0.032000 0.044000
10 0.652000 0.569000 0.028000 0.038000
10 0.017000 0.917000 0.034000 0.042000
10 0.883000 0.941000 0.046000 0.034000
5 0.256000 0.511000 0.080000 0.050000
10 0.161000 0.306000 0.034000 0.048000
10 0.410000 0.738000 0.040000 0.032000
10 0.867000 0.985000 0.042000 0.026000
6 0.179000 0.062000 0.046000 0.076000
10 0.010000 0.391000 0.020000 0.034000
10 0.744000 0.610000 0.028000 0.036000
10 0.925000 0.219000 0.030000 0.050000
6 0.233000 0.389000 0.034000 0.054000
10 0.362000 0.682000 0.028000 0.032000
10 0.740000 0.007000 0.028000 0.014000
10 0.630000 0.364000 0.032000 0.048000
10 0.164000 0.359000 0.032000 0.050000
10 0.883000 0.628000 0.038000 0.028000
10 0.768000 0.008000 0.028000 0.016000
10 0.992000 0.359000 0.012000 0.038000
