10 0.366520 0.514950 0.053040 0.029900
10 0.504030 0.485810 0.036060 0.023620
10 0.549700 0.478850 0.047400 0.033700
1 0.039000 0.936000 0.078000 0.124000
1 0.930000 0.296000 0.128000 0.116000
1 0.775000 0.321000 0.226000 0.170000
1 0.247000 0.922000 0.170000 0.152000
1 0.368000 0.337000 0.200000 0.158000
1 0.773000 0.024000 0.130000 0.048000
10 0.805000 0.443000 0.046000 0.026000
1 0.039000 0.665000 0.078000 0.158000
10 0.899000 0.426000 0.042000 0.024000
1 0.561000 0.745000 0.498000 0.454000
10 0.180000 0.538000 0.044000 0.032000
10 0.800000 0.395000 0.044000 0.034000
10 0.640000 0.136000 0.024000 0.056000
10 0.086000 0.556000 0.044000 0.032000
10 0.133000 0.543000 0.050000 0.034000
10 0.190000 0.754000 0.024000 0.048000
10 0.847000 0.386000 0.038000 0.028000
10 0.691000 0.464000 0.034000 0.024000
10 0.944000 0.974000 0.036000 0.024000
1 0.280000 0.074000 0.216000 0.080000
10 0.860000 0.984000 0.064000 0.028000
10 0.276000 0.786000 0.020000 0.036000
1 0.037000 0.809000 0.074000 0.146000
1 0.927000 0.693000 0.142000 0.482000
1 0.141000 0.420000 0.134000 0.148000
1 0.041000 0.256000 0.082000 0.496000
10 0.608000 0.075000 0.024000 0.030000
2 0.982000 0.978000 0.032000 0.040000
6 0.477000 0.043000 0.030000 0.054000
10 0.514000 0.035000 0.044000 0.030000
10 0.941000 0.371000 0.050000 0.030000
10 0.619000 0.018000 0.026000 0.036000
1 0.927000 0.184000 0.142000 0.108000
1 0.319330 0.638000 0.142660 0.120000
1 0.127000 0.951000 0.090000 0.098000
