1 0.113000 0.090000 0.174000 0.164000
1 0.090000 0.612000 0.180000 0.180000
2 0.606000 0.481000 0.092000 0.074000
2 0.518000 0.519000 0.072000 0.090000
10 0.288000 0.100000 0.036000 0.036000
10 0.305000 0.324000 0.042000 0.040000
10 0.111000 0.256000 0.038000 0.032000
10 0.186000 0.242000 0.044000 0.040000
10 0.226000 0.274000 0.040000 0.036000
1 0.685000 0.128000 0.138000 0.256000
1 0.458710 0.188450 0.285420 0.376900
1 0.403000 0.027000 0.174000 0.054000
1 0.146000 0.779000 0.180000 0.134000
1 0.094000 0.378000 0.188000 0.268000
10 0.779000 0.017000 0.022000 0.034000
10 0.779000 0.086000 0.022000 0.056000
1 0.365910 0.654850 0.259820 0.425700
1 0.216850 0.465380 0.153700 0.170760
1 0.175000 0.935000 0.246000 0.130000
1 0.299940 0.224110 0.115880 0.112220
1 0.516600 0.381990 0.173200 0.171980
1 0.604410 0.293650 0.148820 0.179300
