10 0.980000 0.080000 0.036000 0.032000
10 0.422000 0.039000 0.044000 0.058000
1 0.858770 0.405940 0.217540 0.179880
10 0.756000 0.452000 0.040000 0.052000
10 0.926000 0.097000 0.044000 0.034000
10 0.950000 0.659000 0.048000 0.038000
10 0.955000 0.022000 0.042000 0.032000
10 0.716900 0.658940 0.029800 0.045880
10 0.764000 0.661000 0.024000 0.042000
10 0.874000 0.120000 0.052000 0.036000
10 0.851000 0.058000 0.042000 0.036000
10 0.981000 0.614000 0.034000 0.044000
10 0.123000 0.714000 0.030000 0.044000
10 0.136000 0.359000 0.048000 0.038000
10 0.898000 0.040000 0.040000 0.036000
2 0.654830 0.188800 0.077660 0.093600
6 0.725000 0.143000 0.058000 0.042000
1 0.354000 0.368000 0.160000 0.144000
1 0.159000 0.567000 0.318000 0.266000
1 0.371000 0.122000 0.178000 0.188000
1 0.166000 0.241000 0.128000 0.142000
1 0.948000 0.204000 0.100000 0.096000
1 0.584000 0.577000 0.344000 0.206000
1 0.467000 0.088000 0.214000 0.176000
1 0.940720 0.494020 0.117440 0.128040
2 0.533530 0.219610 0.087060 0.079220
2 0.533430 0.153040 0.094860 0.046080
2 0.628940 0.267450 0.065880 0.054900
6 0.235450 0.369840 0.062900 0.059680
10 0.496560 0.683120 0.033120 0.042240
10 0.530550 0.682400 0.029100 0.048800
2 0.844900 0.532000 0.037800 0.040000
1 0.529000 0.358620 0.146000 0.161240
